QLD, Life tables (period 1x10), Total	Last modified: 02 Jul 2018;  Methods Protocol: v6 (2017)

  Year          Age         mx       qx    ax      lx      dx      Lx       Tx     ex
1971-1979        0      0.01536  0.01516  0.12  100000    1516   98663  7240772  72.41
1971-1979        1      0.00134  0.00134  0.50   98484     132   98418  7142109  72.52
1971-1979        2      0.00088  0.00088  0.50   98352      87   98309  7043691  71.62
1971-1979        3      0.00072  0.00072  0.50   98265      70   98230  6945383  70.68
1971-1979        4      0.00049  0.00049  0.50   98195      48   98171  6847153  69.73
1971-1979        5      0.00042  0.00042  0.50   98147      42   98126  6748982  68.76
1971-1979        6      0.00043  0.00043  0.50   98105      42   98084  6650856  67.79
1971-1979        7      0.00031  0.00031  0.50   98063      30   98048  6552772  66.82
1971-1979        8      0.00029  0.00029  0.50   98033      29   98019  6454724  65.84
1971-1979        9      0.00030  0.00030  0.50   98004      30   97989  6356705  64.86
1971-1979       10      0.00031  0.00031  0.50   97975      30   97959  6258716  63.88
1971-1979       11      0.00029  0.00029  0.50   97944      28   97930  6160756  62.90
1971-1979       12      0.00035  0.00035  0.50   97916      34   97898  6062826  61.92
1971-1979       13      0.00032  0.00032  0.50   97881      32   97865  5964928  60.94
1971-1979       14      0.00046  0.00046  0.50   97850      45   97827  5867063  59.96
1971-1979       15      0.00062  0.00062  0.50   97804      61   97774  5769236  58.99
1971-1979       16      0.00090  0.00090  0.50   97743      88   97699  5671462  58.02
1971-1979       17      0.00131  0.00131  0.50   97655     128   97592  5573763  57.08
1971-1979       18      0.00161  0.00161  0.50   97528     157   97449  5476171  56.15
1971-1979       19      0.00169  0.00169  0.50   97371     164   97288  5378722  55.24
1971-1979       20      0.00147  0.00147  0.50   97206     143   97135  5281433  54.33
1971-1979       21      0.00149  0.00149  0.50   97063     145   96991  5184299  53.41
1971-1979       22      0.00127  0.00127  0.50   96919     123   96857  5087308  52.49
1971-1979       23      0.00114  0.00114  0.50   96796     110   96741  4990450  51.56
1971-1979       24      0.00127  0.00127  0.50   96686     122   96624  4893709  50.61
1971-1979       25      0.00118  0.00118  0.50   96563     114   96506  4797085  49.68
1971-1979       26      0.00102  0.00102  0.50   96449      98   96400  4700579  48.74
1971-1979       27      0.00106  0.00106  0.50   96351     102   96300  4604178  47.79
1971-1979       28      0.00097  0.00097  0.50   96249      93   96202  4507879  46.84
1971-1979       29      0.00104  0.00104  0.50   96155     100   96105  4411677  45.88
1971-1979       30      0.00110  0.00110  0.50   96055     106   96002  4315571  44.93
1971-1979       31      0.00123  0.00123  0.50   95950     118   95891  4219569  43.98
1971-1979       32      0.00135  0.00135  0.50   95832     129   95767  4123678  43.03
1971-1979       33      0.00119  0.00119  0.50   95703     114   95646  4027911  42.09
1971-1979       34      0.00133  0.00133  0.50   95589     127   95525  3932265  41.14
1971-1979       35      0.00156  0.00156  0.50   95462     149   95387  3836740  40.19
1971-1979       36      0.00168  0.00168  0.50   95313     160   95233  3741352  39.25
1971-1979       37      0.00182  0.00182  0.50   95153     173   95067  3646119  38.32
1971-1979       38      0.00194  0.00194  0.50   94980     184   94888  3551053  37.39
1971-1979       39      0.00213  0.00212  0.50   94796     201   94695  3456165  36.46
1971-1979       40      0.00240  0.00240  0.50   94594     227   94481  3361470  35.54
1971-1979       41      0.00253  0.00253  0.50   94367     239   94248  3266989  34.62
1971-1979       42      0.00304  0.00303  0.50   94129     286   93986  3172741  33.71
1971-1979       43      0.00326  0.00325  0.50   93843     305   93690  3078755  32.81
1971-1979       44      0.00370  0.00369  0.50   93538     345   93365  2985065  31.91
1971-1979       45      0.00415  0.00415  0.50   93193     386   92999  2891699  31.03
1971-1979       46      0.00436  0.00435  0.50   92806     403   92605  2798700  30.16
1971-1979       47      0.00495  0.00494  0.50   92403     456   92175  2706095  29.29
1971-1979       48      0.00546  0.00544  0.50   91947     500   91697  2613921  28.43
1971-1979       49      0.00595  0.00593  0.50   91446     542   91175  2522224  27.58
1971-1979       50      0.00632  0.00630  0.50   90904     572   90618  2431049  26.74
1971-1979       51      0.00703  0.00701  0.50   90332     633   90015  2340431  25.91
1971-1979       52      0.00760  0.00757  0.50   89699     679   89359  2250415  25.09
1971-1979       53      0.00826  0.00822  0.50   89020     732   88654  2161056  24.28
1971-1979       54      0.00873  0.00869  0.50   88288     767   87904  2072402  23.47
1971-1979       55      0.00946  0.00942  0.50   87521     824   87109  1984498  22.67
1971-1979       56      0.01066  0.01060  0.50   86697     919   86237  1897390  21.89
1971-1979       57      0.01145  0.01138  0.50   85777     976   85289  1811153  21.11
1971-1979       58      0.01258  0.01250  0.50   84801    1060   84271  1725864  20.35
1971-1979       59      0.01380  0.01371  0.50   83741    1148   83167  1641593  19.60
1971-1979       60      0.01533  0.01521  0.50   82593    1256   81965  1558426  18.87
1971-1979       61      0.01559  0.01547  0.50   81337    1258   80708  1476461  18.15
1971-1979       62      0.01793  0.01777  0.50   80079    1423   79367  1395753  17.43
1971-1979       63      0.01943  0.01924  0.50   78656    1514   77899  1316386  16.74
1971-1979       64      0.02131  0.02109  0.50   77142    1627   76329  1238487  16.05
1971-1979       65      0.02256  0.02230  0.50   75516    1684   74673  1162158  15.39
1971-1979       66      0.02362  0.02334  0.50   73831    1723   72970  1087485  14.73
1971-1979       67      0.02676  0.02641  0.50   72108    1904   71156  1014515  14.07
1971-1979       68      0.02871  0.02830  0.50   70203    1987   69210   943359  13.44
1971-1979       69      0.03181  0.03131  0.50   68216    2136   67148   874149  12.81
1971-1979       70      0.03425  0.03367  0.50   66081    2225   64968   807001  12.21
1971-1979       71      0.03631  0.03566  0.50   63855    2277   62717   742033  11.62
1971-1979       72      0.04088  0.04006  0.50   61578    2467   60345   679316  11.03
1971-1979       73      0.04437  0.04341  0.50   59111    2566   57828   618971  10.47
1971-1979       74      0.04903  0.04786  0.50   56545    2706   55192   561143   9.92
1971-1979       75      0.05474  0.05329  0.50   53839    2869   52405   505950   9.40
1971-1979       76      0.05961  0.05789  0.50   50970    2951   49495   453545   8.90
1971-1979       77      0.06391  0.06193  0.50   48020    2974   46533   404050   8.41
1971-1979       78      0.07074  0.06833  0.50   45046    3078   43507   357517   7.94
1971-1979       79      0.07750  0.07461  0.50   41968    3131   40403   314010   7.48
1971-1979       80      0.08604  0.08249  0.50   38837    3204   37235   273607   7.05
1971-1979       81      0.09137  0.08737  0.50   35633    3113   34077   236372   6.63
1971-1979       82      0.10436  0.09919  0.50   32520    3226   30907   202296   6.22
1971-1979       83      0.11561  0.10930  0.50   29294    3202   27694   171388   5.85
1971-1979       84      0.12677  0.11921  0.50   26093    3111   24537   143695   5.51
1971-1979       85      0.13686  0.12810  0.50   22982    2944   21510   119157   5.18
1971-1979       86      0.15326  0.14235  0.50   20038    2852   18612    97647   4.87
1971-1979       87      0.16462  0.15210  0.50   17186    2614   15879    79035   4.60
1971-1979       88      0.17350  0.15965  0.50   14572    2326   13409    63157   4.33
1971-1979       89      0.20101  0.18265  0.50   12245    2237   11127    49748   4.06
1971-1979       90      0.20204  0.18351  0.50   10009    1837    9090    38621   3.86
1971-1979       91      0.22128  0.19924  0.50    8172    1628    7358    29531   3.61
1971-1979       92      0.23204  0.20792  0.50    6544    1361    5864    22173   3.39
1971-1979       93      0.27090  0.23859  0.50    5183    1237    4565    16309   3.15
1971-1979       94      0.28386  0.24858  0.50    3947     981    3456    11744   2.98
1971-1979       95      0.31016  0.26852  0.50    2966     796    2567     8288   2.79
1971-1979       96      0.33314  0.28558  0.50    2169     619    1859     5721   2.64
1971-1979       97      0.35703  0.30295  0.50    1550     469    1315     3862   2.49
1971-1979       98      0.38173  0.32055  0.50    1080     346     907     2546   2.36
1971-1979       99      0.40714  0.33828  0.50     734     248     610     1639   2.23
1971-1979      100      0.43316  0.35605  0.50     486     173     399     1030   2.12
1971-1979      101      0.45965  0.37375  0.50     313     117     254      630   2.02
1971-1979      102      0.48647  0.39130  0.50     196      77     158      376   1.92
1971-1979      103      0.51347  0.40857  0.50     119      49      95      218   1.83
1971-1979      104      0.54049  0.42550  0.50      71      30      56      124   1.75
1971-1979      105      0.56736  0.44198  0.50      41      18      32       68   1.68
1971-1979      106      0.59393  0.45794  0.50      23      10      17       37   1.61
1971-1979      107      0.62005  0.47331  0.50      12       6       9       19   1.56
1971-1979      108      0.64557  0.48804  0.50       6       3       5       10   1.51
1971-1979      109      0.67035  0.50207  0.50       3       2       2        5   1.47
1971-1979      110+     0.69428  1.00000  1.44       2       2       2        2   1.44
1980-1989        0      0.00952  0.00944  0.13  100000     944   99179  7566961  75.67
1980-1989        1      0.00092  0.00092  0.50   99056      91   99011  7467782  75.39
1980-1989        2      0.00062  0.00062  0.50   98965      61   98934  7368772  74.46
1980-1989        3      0.00046  0.00046  0.50   98904      45   98881  7269837  73.50
1980-1989        4      0.00029  0.00029  0.50   98859      29   98844  7170956  72.54
1980-1989        5      0.00029  0.00029  0.50   98829      28   98815  7072112  71.56
1980-1989        6      0.00020  0.00020  0.50   98801      20   98791  6973297  70.58
1980-1989        7      0.00027  0.00027  0.50   98782      26   98769  6874505  69.59
1980-1989        8      0.00019  0.00019  0.50   98755      19   98746  6775737  68.61
1980-1989        9      0.00019  0.00019  0.50   98737      19   98727  6676991  67.62
1980-1989       10      0.00022  0.00022  0.50   98717      22   98706  6578264  66.64
1980-1989       11      0.00019  0.00019  0.50   98695      19   98686  6479558  65.65
1980-1989       12      0.00021  0.00021  0.50   98676      21   98666  6380872  64.66
1980-1989       13      0.00032  0.00032  0.50   98655      32   98639  6282206  63.68
1980-1989       14      0.00036  0.00036  0.50   98624      36   98606  6183567  62.70
1980-1989       15      0.00040  0.00040  0.50   98588      39   98568  6084961  61.72
1980-1989       16      0.00055  0.00055  0.50   98549      54   98522  5986393  60.75
1980-1989       17      0.00092  0.00092  0.50   98495      90   98450  5887871  59.78
1980-1989       18      0.00112  0.00112  0.50   98405     110   98350  5789421  58.83
1980-1989       19      0.00117  0.00117  0.50   98295     115   98237  5691072  57.90
1980-1989       20      0.00112  0.00112  0.50   98180     110   98125  5592835  56.97
1980-1989       21      0.00111  0.00111  0.50   98070     109   98016  5494710  56.03
1980-1989       22      0.00107  0.00107  0.50   97961     105   97909  5396694  55.09
1980-1989       23      0.00097  0.00096  0.50   97856      94   97809  5298785  54.15
1980-1989       24      0.00100  0.00100  0.50   97762      98   97713  5200976  53.20
1980-1989       25      0.00100  0.00100  0.50   97664      98   97615  5103263  52.25
1980-1989       26      0.00098  0.00098  0.50   97566      96   97518  5005648  51.31
1980-1989       27      0.00092  0.00092  0.50   97471      89   97426  4908129  50.36
1980-1989       28      0.00091  0.00091  0.50   97381      89   97337  4810703  49.40
1980-1989       29      0.00091  0.00091  0.50   97292      88   97248  4713367  48.45
1980-1989       30      0.00092  0.00092  0.50   97204      90   97159  4616118  47.49
1980-1989       31      0.00099  0.00099  0.50   97114      96   97066  4518959  46.53
1980-1989       32      0.00095  0.00095  0.50   97018      92   96972  4421893  45.58
1980-1989       33      0.00106  0.00106  0.50   96926     102   96875  4324921  44.62
1980-1989       34      0.00108  0.00108  0.50   96824     104   96771  4228046  43.67
1980-1989       35      0.00112  0.00112  0.50   96719     108   96665  4131274  42.71
1980-1989       36      0.00118  0.00118  0.50   96611     114   96555  4034609  41.76
1980-1989       37      0.00120  0.00120  0.50   96498     115   96440  3938054  40.81
1980-1989       38      0.00131  0.00131  0.50   96382     126   96319  3841614  39.86
1980-1989       39      0.00144  0.00144  0.50   96257     138   96187  3745295  38.91
1980-1989       40      0.00142  0.00142  0.50   96118     136   96050  3649108  37.96
1980-1989       41      0.00173  0.00173  0.50   95982     166   95899  3553058  37.02
1980-1989       42      0.00185  0.00185  0.50   95816     178   95727  3457159  36.08
1980-1989       43      0.00208  0.00208  0.50   95638     199   95539  3361432  35.15
1980-1989       44      0.00246  0.00245  0.50   95440     234   95323  3265893  34.22
1980-1989       45      0.00259  0.00259  0.50   95206     247   95082  3170570  33.30
1980-1989       46      0.00280  0.00280  0.50   94959     266   94826  3075487  32.39
1980-1989       47      0.00318  0.00317  0.50   94694     300   94543  2980661  31.48
1980-1989       48      0.00345  0.00344  0.50   94393     325   94231  2886118  30.58
1980-1989       49      0.00384  0.00383  0.50   94069     360   93888  2791887  29.68
1980-1989       50      0.00439  0.00439  0.50   93708     411   93503  2697998  28.79
1980-1989       51      0.00483  0.00482  0.50   93297     450   93073  2604495  27.92
1980-1989       52      0.00544  0.00543  0.50   92848     504   92596  2511423  27.05
1980-1989       53      0.00611  0.00610  0.50   92344     563   92062  2418827  26.19
1980-1989       54      0.00659  0.00657  0.50   91781     603   91479  2326764  25.35
1980-1989       55      0.00732  0.00729  0.50   91178     665   90845  2235285  24.52
1980-1989       56      0.00797  0.00794  0.50   90513     718   90154  2144439  23.69
1980-1989       57      0.00873  0.00869  0.50   89795     780   89405  2054286  22.88
1980-1989       58      0.00933  0.00929  0.50   89015     827   88601  1964881  22.07
1980-1989       59      0.01086  0.01080  0.50   88188     953   87711  1876280  21.28
1980-1989       60      0.01155  0.01148  0.50   87235    1002   86734  1788569  20.50
1980-1989       61      0.01198  0.01191  0.50   86233    1027   85719  1701835  19.74
1980-1989       62      0.01357  0.01348  0.50   85206    1148   84632  1616115  18.97
1980-1989       63      0.01507  0.01496  0.50   84057    1257   83429  1531484  18.22
1980-1989       64      0.01595  0.01582  0.50   82800    1310   82145  1448055  17.49
1980-1989       65      0.01761  0.01746  0.50   81490    1422   80779  1365910  16.76
1980-1989       66      0.01924  0.01906  0.50   80067    1526   79305  1285131  16.05
1980-1989       67      0.02135  0.02113  0.50   78542    1659   77712  1205827  15.35
1980-1989       68      0.02254  0.02229  0.50   76882    1713   76026  1128115  14.67
1980-1989       69      0.02611  0.02577  0.50   75169    1937   74200  1052089  14.00
1980-1989       70      0.02782  0.02744  0.50   73232    2009   72227   977889  13.35
1980-1989       71      0.03106  0.03058  0.50   71222    2178   70133   905662  12.72
1980-1989       72      0.03508  0.03447  0.50   69044    2380   67854   835529  12.10
1980-1989       73      0.03686  0.03620  0.50   66664    2413   65458   767674  11.52
1980-1989       74      0.04069  0.03988  0.50   64251    2562   62970   702217  10.93
1980-1989       75      0.04504  0.04405  0.50   61689    2717   60330   639246  10.36
1980-1989       76      0.04997  0.04875  0.50   58972    2875   57534   578916   9.82
1980-1989       77      0.05081  0.04956  0.50   56097    2780   54707   521382   9.29
1980-1989       78      0.05874  0.05706  0.50   53317    3042   51795   466676   8.75
1980-1989       79      0.06340  0.06145  0.50   50274    3089   48730   414880   8.25
1980-1989       80      0.07197  0.06947  0.50   47185    3278   45546   366150   7.76
1980-1989       81      0.07729  0.07442  0.50   43907    3268   42273   320604   7.30
1980-1989       82      0.08766  0.08398  0.50   40640    3413   38933   278331   6.85
1980-1989       83      0.09763  0.09309  0.50   37227    3465   35494   239398   6.43
1980-1989       84      0.10853  0.10294  0.50   33761    3475   32024   203904   6.04
1980-1989       85      0.11853  0.11190  0.50   30286    3389   28591   171880   5.68
1980-1989       86      0.12844  0.12069  0.50   26897    3246   25274   143289   5.33
1980-1989       87      0.14421  0.13451  0.50   23651    3181   22060   118015   4.99
1980-1989       88      0.15470  0.14359  0.50   20470    2939   19000    95955   4.69
1980-1989       89      0.17075  0.15732  0.50   17530    2758   16151    76955   4.39
1980-1989       90      0.18183  0.16668  0.50   14772    2462   13541    60803   4.12
1980-1989       91      0.19629  0.17875  0.50   12310    2200   11210    47262   3.84
1980-1989       92      0.22163  0.19952  0.50   10110    2017    9101    36052   3.57
1980-1989       93      0.24390  0.21739  0.50    8093    1759    7213    26951   3.33
1980-1989       94      0.27194  0.23939  0.50    6333    1516    5575    19738   3.12
1980-1989       95      0.28778  0.25158  0.50    4817    1212    4211    14162   2.94
1980-1989       96      0.31164  0.26963  0.50    3605     972    3119     9951   2.76
1980-1989       97      0.33664  0.28814  0.50    2633     759    2254     6832   2.59
1980-1989       98      0.36268  0.30701  0.50    1874     575    1587     4578   2.44
1980-1989       99      0.38964  0.32611  0.50    1299     424    1087     2991   2.30
1980-1989      100      0.41739  0.34532  0.50     875     302     724     1904   2.17
1980-1989      101      0.44575  0.36451  0.50     573     209     469     1180   2.06
1980-1989      102      0.47455  0.38355  0.50     364     140     294      711   1.95
1980-1989      103      0.50361  0.40231  0.50     225      90     179      417   1.86
1980-1989      104      0.53271  0.42066  0.50     134      56     106      237   1.77
1980-1989      105      0.56166  0.43851  0.50      78      34      61      131   1.69
1980-1989      106      0.59026  0.45575  0.50      44      20      34       71   1.62
1980-1989      107      0.61832  0.47230  0.50      24      11      18       37   1.56
1980-1989      108      0.64566  0.48809  0.50      13       6       9       19   1.50
1980-1989      109      0.67213  0.50307  0.50       6       3       5        9   1.46
1980-1989      110+     0.69759  1.00000  1.43       3       3       5        5   1.43
1990-1999        0      0.00664  0.00660  0.14  100000     660   99430  7814125  78.14
1990-1999        1      0.00066  0.00066  0.50   99340      65   99308  7714695  77.66
1990-1999        2      0.00035  0.00035  0.50   99275      35   99257  7615387  76.71
1990-1999        3      0.00032  0.00032  0.50   99240      31   99224  7516130  75.74
1990-1999        4      0.00025  0.00025  0.50   99208      25   99196  7416906  74.76
1990-1999        5      0.00018  0.00018  0.50   99184      18   99174  7317710  73.78
1990-1999        6      0.00018  0.00018  0.50   99165      18   99156  7218536  72.79
1990-1999        7      0.00016  0.00016  0.50   99147      16   99139  7119379  71.81
1990-1999        8      0.00017  0.00017  0.50   99131      17   99123  7020240  70.82
1990-1999        9      0.00019  0.00019  0.50   99114      19   99105  6921118  69.83
1990-1999       10      0.00019  0.00019  0.50   99095      19   99085  6822013  68.84
1990-1999       11      0.00019  0.00019  0.50   99076      19   99067  6722928  67.86
1990-1999       12      0.00017  0.00017  0.50   99057      17   99049  6623861  66.87
1990-1999       13      0.00014  0.00014  0.50   99040      14   99033  6524812  65.88
1990-1999       14      0.00028  0.00028  0.50   99026      28   99012  6425779  64.89
1990-1999       15      0.00035  0.00035  0.50   98998      35   98981  6326767  63.91
1990-1999       16      0.00047  0.00047  0.50   98964      47   98940  6227786  62.93
1990-1999       17      0.00066  0.00066  0.50   98917      65   98884  6128846  61.96
1990-1999       18      0.00091  0.00091  0.50   98851      90   98807  6029962  61.00
1990-1999       19      0.00095  0.00095  0.50   98762      94   98715  5931155  60.06
1990-1999       20      0.00085  0.00085  0.50   98668      84   98626  5832441  59.11
1990-1999       21      0.00088  0.00088  0.50   98584      87   98541  5733815  58.16
1990-1999       22      0.00089  0.00089  0.50   98498      87   98454  5635274  57.21
1990-1999       23      0.00086  0.00086  0.50   98410      84   98368  5536820  56.26
1990-1999       24      0.00083  0.00083  0.50   98326      82   98285  5438452  55.31
1990-1999       25      0.00080  0.00080  0.50   98244      78   98205  5340166  54.36
1990-1999       26      0.00091  0.00091  0.50   98166      89   98122  5241961  53.40
1990-1999       27      0.00091  0.00091  0.50   98077      89   98032  5143840  52.45
1990-1999       28      0.00084  0.00084  0.50   97988      82   97946  5045807  51.49
1990-1999       29      0.00090  0.00090  0.50   97905      88   97861  4947861  50.54
1990-1999       30      0.00095  0.00095  0.50   97817      93   97770  4850000  49.58
1990-1999       31      0.00093  0.00093  0.50   97724      91   97678  4752230  48.63
1990-1999       32      0.00094  0.00094  0.50   97633      92   97587  4654552  47.67
1990-1999       33      0.00092  0.00092  0.50   97541      90   97496  4556965  46.72
1990-1999       34      0.00109  0.00109  0.50   97451     107   97398  4459469  45.76
1990-1999       35      0.00108  0.00108  0.50   97344     105   97292  4362071  44.81
1990-1999       36      0.00119  0.00118  0.50   97239     115   97182  4264779  43.86
1990-1999       37      0.00116  0.00116  0.50   97124     112   97068  4167598  42.91
1990-1999       38      0.00116  0.00116  0.50   97012     113   96955  4070530  41.96
1990-1999       39      0.00128  0.00128  0.50   96899     124   96837  3973575  41.01
1990-1999       40      0.00131  0.00131  0.50   96775     127   96712  3876738  40.06
1990-1999       41      0.00145  0.00145  0.50   96648     140   96578  3780026  39.11
1990-1999       42      0.00150  0.00150  0.50   96508     145   96436  3683448  38.17
1990-1999       43      0.00163  0.00163  0.50   96363     157   96285  3587012  37.22
1990-1999       44      0.00177  0.00177  0.50   96206     170   96121  3490728  36.28
1990-1999       45      0.00196  0.00195  0.50   96036     188   95942  3394607  35.35
1990-1999       46      0.00210  0.00210  0.50   95848     201   95748  3298664  34.42
1990-1999       47      0.00220  0.00220  0.50   95647     210   95542  3202917  33.49
1990-1999       48      0.00241  0.00240  0.50   95437     230   95322  3107375  32.56
1990-1999       49      0.00278  0.00277  0.50   95207     264   95076  3012052  31.64
1990-1999       50      0.00321  0.00320  0.50   94944     304   94792  2916977  30.72
1990-1999       51      0.00336  0.00336  0.50   94640     318   94481  2822185  29.82
1990-1999       52      0.00354  0.00353  0.50   94322     333   94155  2727705  28.92
1990-1999       53      0.00419  0.00419  0.50   93989     393   93792  2633549  28.02
1990-1999       54      0.00455  0.00454  0.50   93595     425   93383  2539757  27.14
1990-1999       55      0.00510  0.00509  0.50   93171     474   92934  2446374  26.26
1990-1999       56      0.00550  0.00548  0.50   92697     508   92443  2353440  25.39
1990-1999       57      0.00651  0.00649  0.50   92189     598   91889  2260998  24.53
1990-1999       58      0.00698  0.00695  0.50   91590     637   91272  2169108  23.68
1990-1999       59      0.00765  0.00762  0.50   90953     693   90607  2077837  22.85
1990-1999       60      0.00864  0.00860  0.50   90260     777   89872  1987230  22.02
1990-1999       61      0.00955  0.00950  0.50   89484     850   89059  1897358  21.20
1990-1999       62      0.01057  0.01051  0.50   88633     932   88168  1808299  20.40
1990-1999       63      0.01159  0.01152  0.50   87702    1010   87197  1720132  19.61
1990-1999       64      0.01279  0.01271  0.50   86691    1102   86140  1632935  18.84
1990-1999       65      0.01408  0.01398  0.50   85589    1196   84991  1546795  18.07
1990-1999       66      0.01526  0.01515  0.50   84393    1278   83754  1461804  17.32
1990-1999       67      0.01723  0.01708  0.50   83115    1420   82405  1378050  16.58
1990-1999       68      0.01897  0.01879  0.50   81695    1535   80928  1295645  15.86
1990-1999       69      0.02081  0.02059  0.50   80160    1651   79335  1214718  15.15
1990-1999       70      0.02279  0.02253  0.50   78509    1769   77625  1135383  14.46
1990-1999       71      0.02469  0.02438  0.50   76740    1871   75804  1057758  13.78
1990-1999       72      0.02734  0.02697  0.50   74869    2019   73859   981954  13.12
1990-1999       73      0.03000  0.02956  0.50   72850    2153   71773   908095  12.47
1990-1999       74      0.03362  0.03307  0.50   70697    2338   69528   836322  11.83
1990-1999       75      0.03637  0.03572  0.50   68359    2442   67138   766794  11.22
1990-1999       76      0.04039  0.03959  0.50   65917    2610   64612   699656  10.61
1990-1999       77      0.04458  0.04361  0.50   63307    2761   61927   635044  10.03
1990-1999       78      0.04834  0.04720  0.50   60546    2858   59117   573117   9.47
1990-1999       79      0.05537  0.05388  0.50   57689    3108   56135   513999   8.91
1990-1999       80      0.06086  0.05906  0.50   54580    3223   52969   457865   8.39
1990-1999       81      0.06615  0.06403  0.50   51357    3288   49713   404896   7.88
1990-1999       82      0.07543  0.07269  0.50   48069    3494   46322   355183   7.39
1990-1999       83      0.08275  0.07946  0.50   44574    3542   42804   308862   6.93
1990-1999       84      0.09202  0.08797  0.50   41033    3610   39228   266058   6.48
1990-1999       85      0.10162  0.09670  0.50   37423    3619   35613   226831   6.06
1990-1999       86      0.11221  0.10624  0.50   33804    3591   32008   191217   5.66
1990-1999       87      0.12505  0.11769  0.50   30212    3556   28435   159209   5.27
1990-1999       88      0.14094  0.13166  0.50   26657    3510   24902   130774   4.91
1990-1999       89      0.15701  0.14558  0.50   23147    3370   21462   105873   4.57
1990-1999       90      0.17216  0.15851  0.50   19777    3135   18210    84411   4.27
1990-1999       91      0.19031  0.17377  0.50   16642    2892   15196    66201   3.98
1990-1999       92      0.20585  0.18664  0.50   13750    2566   12467    51005   3.71
1990-1999       93      0.23271  0.20846  0.50   11184    2331   10018    38538   3.45
1990-1999       94      0.25170  0.22357  0.50    8853    1979    7863    28520   3.22
1990-1999       95      0.27570  0.24230  0.50    6873    1665    6041    20657   3.01
1990-1999       96      0.30106  0.26167  0.50    5208    1363    4527    14616   2.81
1990-1999       97      0.32787  0.28169  0.50    3845    1083    3304    10089   2.62
1990-1999       98      0.35602  0.30222  0.50    2762     835    2345     6786   2.46
1990-1999       99      0.38537  0.32311  0.50    1927     623    1616     4441   2.30
1990-1999      100      0.41576  0.34421  0.50    1305     449    1080     2825   2.17
1990-1999      101      0.44697  0.36533  0.50     856     313     699     1745   2.04
1990-1999      102      0.47877  0.38629  0.50     543     210     438     1046   1.93
1990-1999      103      0.51088  0.40693  0.50     333     136     265      608   1.82
1990-1999      104      0.54304  0.42708  0.50     198      84     155      342   1.73
1990-1999      105      0.57496  0.44658  0.50     113      51      88      187   1.65
1990-1999      106      0.60638  0.46530  0.50      63      29      48       99   1.58
1990-1999      107      0.63703  0.48314  0.50      34      16      25       51   1.51
1990-1999      108      0.66668  0.50001  0.50      17       9      13       25   1.46
1990-1999      109      0.69514  0.51585  0.50       9       4       6       12   1.41
1990-1999      110+     0.72223  1.00000  1.38       4       4       6        6   1.38
2000-2009        0      0.00532  0.00529  0.14  100000     529   99544  8066399  80.66
2000-2009        1      0.00042  0.00042  0.50   99471      42   99450  7966855  80.09
2000-2009        2      0.00029  0.00029  0.50   99429      29   99415  7867404  79.13
2000-2009        3      0.00020  0.00020  0.50   99400      20   99390  7767990  78.15
2000-2009        4      0.00015  0.00015  0.50   99381      15   99373  7668599  77.16
2000-2009        5      0.00015  0.00015  0.50   99366      15   99358  7569226  76.18
2000-2009        6      0.00014  0.00014  0.50   99351      14   99344  7469868  75.19
2000-2009        7      0.00011  0.00011  0.50   99337      11   99332  7370524  74.20
2000-2009        8      0.00011  0.00011  0.50   99326      11   99321  7271192  73.21
2000-2009        9      0.00013  0.00013  0.50   99315      13   99309  7171871  72.21
2000-2009       10      0.00008  0.00008  0.50   99302       8   99299  7072563  71.22
2000-2009       11      0.00010  0.00010  0.50   99295      10   99290  6973264  70.23
2000-2009       12      0.00013  0.00013  0.50   99285      13   99278  6873974  69.23
2000-2009       13      0.00014  0.00014  0.50   99271      14   99265  6774696  68.24
2000-2009       14      0.00019  0.00019  0.50   99258      19   99248  6675432  67.25
2000-2009       15      0.00027  0.00027  0.50   99238      27   99225  6576184  66.27
2000-2009       16      0.00027  0.00027  0.50   99212      27   99198  6476959  65.28
2000-2009       17      0.00052  0.00052  0.50   99184      52   99158  6377761  64.30
2000-2009       18      0.00058  0.00058  0.50   99133      58   99104  6278602  63.34
2000-2009       19      0.00058  0.00058  0.50   99075      57   99046  6179499  62.37
2000-2009       20      0.00058  0.00058  0.50   99018      58   98989  6080452  61.41
2000-2009       21      0.00062  0.00062  0.50   98960      61   98929  5981464  60.44
2000-2009       22      0.00062  0.00062  0.50   98898      61   98868  5882535  59.48
2000-2009       23      0.00063  0.00063  0.50   98837      62   98806  5783667  58.52
2000-2009       24      0.00067  0.00067  0.50   98775      66   98742  5684860  57.55
2000-2009       25      0.00075  0.00075  0.50   98709      74   98672  5586118  56.59
2000-2009       26      0.00062  0.00062  0.50   98635      61   98604  5487447  55.63
2000-2009       27      0.00068  0.00068  0.50   98573      67   98540  5388843  54.67
2000-2009       28      0.00072  0.00072  0.50   98506      71   98471  5290303  53.71
2000-2009       29      0.00079  0.00079  0.50   98435      78   98396  5191832  52.74
2000-2009       30      0.00071  0.00071  0.50   98357      70   98322  5093436  51.78
2000-2009       31      0.00078  0.00078  0.50   98287      77   98249  4995114  50.82
2000-2009       32      0.00082  0.00082  0.50   98210      80   98170  4896865  49.86
2000-2009       33      0.00084  0.00084  0.50   98130      82   98089  4798695  48.90
2000-2009       34      0.00083  0.00083  0.50   98047      82   98007  4700606  47.94
2000-2009       35      0.00095  0.00095  0.50   97966      93   97919  4602599  46.98
2000-2009       36      0.00096  0.00096  0.50   97872      94   97826  4504680  46.03
2000-2009       37      0.00093  0.00093  0.50   97779      91   97733  4406855  45.07
2000-2009       38      0.00108  0.00108  0.50   97687     105   97635  4309122  44.11
2000-2009       39      0.00109  0.00109  0.50   97582     107   97529  4211487  43.16
2000-2009       40      0.00120  0.00120  0.50   97476     117   97417  4113958  42.20
2000-2009       41      0.00126  0.00126  0.50   97359     123   97297  4016540  41.26
2000-2009       42      0.00127  0.00127  0.50   97236     124   97174  3919243  40.31
2000-2009       43      0.00150  0.00150  0.50   97112     146   97040  3822069  39.36
2000-2009       44      0.00157  0.00157  0.50   96967     152   96891  3725030  38.42
2000-2009       45      0.00174  0.00173  0.50   96814     168   96730  3628139  37.48
2000-2009       46      0.00176  0.00176  0.50   96646     170   96561  3531409  36.54
2000-2009       47      0.00206  0.00206  0.50   96476     199   96377  3434847  35.60
2000-2009       48      0.00221  0.00221  0.50   96277     213   96171  3338470  34.68
2000-2009       49      0.00224  0.00224  0.50   96065     215   95957  3242299  33.75
2000-2009       50      0.00247  0.00246  0.50   95850     236   95732  3146342  32.83
2000-2009       51      0.00263  0.00262  0.50   95614     251   95488  3050610  31.91
2000-2009       52      0.00291  0.00290  0.50   95363     277   95224  2955122  30.99
2000-2009       53      0.00332  0.00332  0.50   95086     315   94928  2859898  30.08
2000-2009       54      0.00332  0.00332  0.50   94770     314   94613  2764969  29.18
2000-2009       55      0.00390  0.00390  0.50   94456     368   94272  2670356  28.27
2000-2009       56      0.00411  0.00410  0.50   94088     386   93895  2576084  27.38
2000-2009       57      0.00452  0.00450  0.50   93702     422   93491  2482189  26.49
2000-2009       58      0.00503  0.00502  0.50   93280     468   93046  2388698  25.61
2000-2009       59      0.00547  0.00545  0.50   92812     506   92559  2295652  24.73
2000-2009       60      0.00619  0.00617  0.50   92306     569   92021  2203093  23.87
2000-2009       61      0.00653  0.00651  0.50   91737     597   91438  2111071  23.01
2000-2009       62      0.00735  0.00732  0.50   91140     667   90806  2019633  22.16
2000-2009       63      0.00775  0.00772  0.50   90472     698   90123  1928827  21.32
2000-2009       64      0.00906  0.00902  0.50   89774     810   89369  1838704  20.48
2000-2009       65      0.00995  0.00990  0.50   88964     880   88524  1749335  19.66
2000-2009       66      0.01098  0.01092  0.50   88084     962   87603  1660811  18.85
2000-2009       67      0.01238  0.01230  0.50   87122    1072   86586  1573208  18.06
2000-2009       68      0.01346  0.01337  0.50   86050    1151   85475  1486622  17.28
2000-2009       69      0.01478  0.01467  0.50   84899    1245   84277  1401147  16.50
2000-2009       70      0.01673  0.01659  0.50   83654    1388   82960  1316871  15.74
2000-2009       71      0.01811  0.01795  0.50   82266    1476   81528  1233911  15.00
2000-2009       72      0.02012  0.01992  0.50   80789    1609   79985  1152384  14.26
2000-2009       73      0.02289  0.02263  0.50   79180    1792   78284  1072399  13.54
2000-2009       74      0.02506  0.02475  0.50   77388    1915   76431   994115  12.85
2000-2009       75      0.02762  0.02725  0.50   75473    2057   74445   917684  12.16
2000-2009       76      0.03108  0.03060  0.50   73416    2247   72293   843239  11.49
2000-2009       77      0.03463  0.03404  0.50   71170    2423   69958   770946  10.83
2000-2009       78      0.03942  0.03866  0.50   68747    2658   67418   700988  10.20
2000-2009       79      0.04344  0.04252  0.50   66089    2810   64684   633570   9.59
2000-2009       80      0.04917  0.04799  0.50   63279    3037   61761   568885   8.99
2000-2009       81      0.05525  0.05376  0.50   60243    3239   58623   507124   8.42
2000-2009       82      0.06131  0.05949  0.50   57004    3391   55308   448501   7.87
2000-2009       83      0.06945  0.06712  0.50   53613    3599   51813   393193   7.33
2000-2009       84      0.07993  0.07686  0.50   50014    3844   48092   341379   6.83
2000-2009       85      0.08941  0.08559  0.50   46170    3951   44194   293287   6.35
2000-2009       86      0.10010  0.09533  0.50   42219    4025   40206   249093   5.90
2000-2009       87      0.11239  0.10641  0.50   38194    4064   36162   208887   5.47
2000-2009       88      0.13106  0.12300  0.50   34129    4198   32030   172725   5.06
2000-2009       89      0.14163  0.13226  0.50   29932    3959   27952   140695   4.70
2000-2009       90      0.16183  0.14971  0.50   25973    3888   24028   112743   4.34
2000-2009       91      0.17879  0.16412  0.50   22084    3624   20272    88714   4.02
2000-2009       92      0.20561  0.18645  0.50   18460    3442   16739    68442   3.71
2000-2009       93      0.22898  0.20545  0.50   15018    3086   13475    51703   3.44
2000-2009       94      0.24916  0.22155  0.50   11933    2644   10611    38228   3.20
2000-2009       95      0.27439  0.24129  0.50    9289    2241    8168    27617   2.97
2000-2009       96      0.30263  0.26285  0.50    7048    1852    6121    19449   2.76
2000-2009       97      0.33257  0.28515  0.50    5195    1481    4454    13328   2.57
2000-2009       98      0.36407  0.30800  0.50    3714    1144    3142     8873   2.39
2000-2009       99      0.39691  0.33118  0.50    2570     851    2144     5732   2.23
2000-2009      100      0.43084  0.35448  0.50    1719     609    1414     3587   2.09
2000-2009      101      0.46557  0.37766  0.50    1110     419     900     2173   1.96
2000-2009      102      0.50076  0.40049  0.50     690     277     552     1273   1.84
2000-2009      103      0.53606  0.42275  0.50     414     175     326      721   1.74
2000-2009      104      0.57112  0.44426  0.50     239     106     186      394   1.65
2000-2009      105      0.60557  0.46483  0.50     133      62     102      208   1.57
2000-2009      106      0.63909  0.48433  0.50      71      34      54      107   1.50
2000-2009      107      0.67139  0.50265  0.50      37      18      27       53   1.44
2000-2009      108      0.70221  0.51973  0.50      18       9      13       25   1.39
2000-2009      109      0.73136  0.53553  0.50       9       5       6       12   1.34
2000-2009      110+     0.75868  1.00000  1.32       4       4       5        5   1.32
2010-2016        0      0.00457  0.00455  0.14  100000     455   99608  8222008  82.22
2010-2016        1      0.00031  0.00031  0.50   99545      31   99529  8122399  81.60
2010-2016        2      0.00020  0.00020  0.50   99514      19   99504  8022870  80.62
2010-2016        3      0.00014  0.00014  0.50   99495      14   99488  7923365  79.64
2010-2016        4      0.00012  0.00012  0.50   99481      12   99475  7823878  78.65
2010-2016        5      0.00009  0.00009  0.50   99469       9   99465  7724403  77.66
2010-2016        6      0.00012  0.00012  0.50   99460      12   99454  7624938  76.66
2010-2016        7      0.00009  0.00009  0.50   99448       9   99443  7525484  75.67
2010-2016        8      0.00011  0.00011  0.50   99439      11   99433  7426041  74.68
2010-2016        9      0.00008  0.00008  0.50   99428       8   99424  7326607  73.69
2010-2016       10      0.00006  0.00006  0.50   99420       6   99416  7227184  72.69
2010-2016       11      0.00006  0.00006  0.50   99413       6   99410  7127767  71.70
2010-2016       12      0.00011  0.00011  0.50   99407      11   99402  7028357  70.70
2010-2016       13      0.00011  0.00011  0.50   99396      11   99391  6928955  69.71
2010-2016       14      0.00019  0.00019  0.50   99385      18   99376  6829565  68.72
2010-2016       15      0.00022  0.00022  0.50   99367      22   99356  6730189  67.73
2010-2016       16      0.00024  0.00024  0.50   99345      24   99333  6630833  66.75
2010-2016       17      0.00040  0.00040  0.50   99321      39   99301  6531500  65.76
2010-2016       18      0.00043  0.00043  0.50   99282      42   99260  6432199  64.79
2010-2016       19      0.00046  0.00046  0.50   99239      45   99217  6332939  63.81
2010-2016       20      0.00047  0.00047  0.50   99194      47   99170  6233722  62.84
2010-2016       21      0.00056  0.00056  0.50   99147      55   99119  6134551  61.87
2010-2016       22      0.00048  0.00048  0.50   99092      48   99068  6035432  60.91
2010-2016       23      0.00053  0.00053  0.50   99044      53   99018  5936364  59.94
2010-2016       24      0.00045  0.00045  0.50   98991      45   98969  5837347  58.97
2010-2016       25      0.00053  0.00053  0.50   98946      53   98920  5738378  57.99
2010-2016       26      0.00057  0.00057  0.50   98894      56   98866  5639458  57.03
2010-2016       27      0.00055  0.00055  0.50   98837      54   98810  5540592  56.06
2010-2016       28      0.00055  0.00055  0.50   98783      54   98756  5441782  55.09
2010-2016       29      0.00055  0.00055  0.50   98729      54   98702  5343025  54.12
2010-2016       30      0.00063  0.00063  0.50   98675      63   98644  5244323  53.15
2010-2016       31      0.00069  0.00069  0.50   98612      68   98578  5145680  52.18
2010-2016       32      0.00080  0.00080  0.50   98544      79   98505  5047102  51.22
2010-2016       33      0.00069  0.00069  0.50   98465      68   98432  4948597  50.26
2010-2016       34      0.00078  0.00078  0.50   98398      76   98360  4850165  49.29
2010-2016       35      0.00085  0.00085  0.50   98321      83   98280  4751806  48.33
2010-2016       36      0.00089  0.00089  0.50   98238      87   98194  4653526  47.37
2010-2016       37      0.00096  0.00096  0.50   98151      94   98104  4555331  46.41
2010-2016       38      0.00100  0.00100  0.50   98057      98   98008  4457228  45.46
2010-2016       39      0.00109  0.00109  0.50   97959     107   97905  4359220  44.50
2010-2016       40      0.00114  0.00114  0.50   97852     112   97796  4261314  43.55
2010-2016       41      0.00125  0.00124  0.50   97740     122   97679  4163518  42.60
2010-2016       42      0.00127  0.00127  0.50   97618     124   97557  4065839  41.65
2010-2016       43      0.00145  0.00145  0.50   97495     141   97424  3968283  40.70
2010-2016       44      0.00142  0.00142  0.50   97353     138   97284  3870859  39.76
2010-2016       45      0.00155  0.00155  0.50   97215     150   97140  3773574  38.82
2010-2016       46      0.00175  0.00175  0.50   97065     170   96980  3676434  37.88
2010-2016       47      0.00177  0.00177  0.50   96895     172   96809  3579455  36.94
2010-2016       48      0.00199  0.00198  0.50   96723     192   96627  3482646  36.01
2010-2016       49      0.00223  0.00223  0.50   96531     215   96423  3386018  35.08
2010-2016       50      0.00249  0.00249  0.50   96316     240   96196  3289595  34.15
2010-2016       51      0.00252  0.00252  0.50   96076     242   95955  3193399  33.24
2010-2016       52      0.00269  0.00269  0.50   95834     258   95705  3097444  32.32
2010-2016       53      0.00295  0.00294  0.50   95576     281   95435  3001739  31.41
2010-2016       54      0.00328  0.00328  0.50   95295     312   95139  2906304  30.50
2010-2016       55      0.00360  0.00360  0.50   94982     342   94812  2811165  29.60
2010-2016       56      0.00387  0.00386  0.50   94641     365   94458  2716353  28.70
2010-2016       57      0.00411  0.00410  0.50   94275     387   94082  2621895  27.81
2010-2016       58      0.00435  0.00434  0.50   93889     407   93685  2527814  26.92
2010-2016       59      0.00493  0.00492  0.50   93481     460   93251  2434129  26.04
2010-2016       60      0.00523  0.00522  0.50   93022     485   92779  2340877  25.16
2010-2016       61      0.00573  0.00572  0.50   92536     529   92272  2248098  24.29
2010-2016       62      0.00618  0.00616  0.50   92007     567   91724  2155826  23.43
2010-2016       63      0.00686  0.00683  0.50   91441     625   91128  2064102  22.57
2010-2016       64      0.00745  0.00742  0.50   90816     674   90479  1972974  21.72
2010-2016       65      0.00821  0.00818  0.50   90142     737   89773  1882495  20.88
2010-2016       66      0.00882  0.00878  0.50   89404     785   89012  1792722  20.05
2010-2016       67      0.00974  0.00969  0.50   88620     859   88190  1703710  19.22
2010-2016       68      0.01096  0.01090  0.50   87761     957   87283  1615520  18.41
2010-2016       69      0.01184  0.01177  0.50   86804    1022   86293  1528237  17.61
2010-2016       70      0.01329  0.01321  0.50   85782    1133   85216  1441944  16.81
2010-2016       71      0.01512  0.01501  0.50   84649    1271   84014  1356728  16.03
2010-2016       72      0.01637  0.01624  0.50   83379    1354   82702  1272714  15.26
2010-2016       73      0.01764  0.01749  0.50   82025    1435   81308  1190013  14.51
2010-2016       74      0.02025  0.02004  0.50   80590    1615   79783  1108705  13.76
2010-2016       75      0.02281  0.02255  0.50   78975    1781   78084  1028922  13.03
2010-2016       76      0.02536  0.02504  0.50   77194    1933   76227   950838  12.32
2010-2016       77      0.02842  0.02802  0.50   75261    2109   74206   874611  11.62
2010-2016       78      0.03172  0.03122  0.50   73151    2284   72010   800405  10.94
2010-2016       79      0.03593  0.03530  0.50   70868    2501   69617   728395  10.28
2010-2016       80      0.04084  0.04003  0.50   68366    2736   66998   658778   9.64
2010-2016       81      0.04698  0.04590  0.50   65630    3012   64124   591780   9.02
2010-2016       82      0.05293  0.05156  0.50   62618    3229   61003   527656   8.43
2010-2016       83      0.05969  0.05796  0.50   59389    3442   57668   466653   7.86
2010-2016       84      0.07029  0.06790  0.50   55947    3799   54047   408985   7.31
2010-2016       85      0.07716  0.07429  0.50   52148    3874   50211   354938   6.81
2010-2016       86      0.08909  0.08529  0.50   48274    4117   46215   304727   6.31
2010-2016       87      0.10030  0.09551  0.50   44156    4217   42048   258512   5.85
2010-2016       88      0.11184  0.10592  0.50   39939    4230   37824   216464   5.42
2010-2016       89      0.12780  0.12012  0.50   35709    4289   33564   178640   5.00
2010-2016       90      0.14481  0.13503  0.50   31419    4243   29298   145076   4.62
2010-2016       91      0.16501  0.15243  0.50   27177    4143   25105   115778   4.26
2010-2016       92      0.18738  0.17133  0.50   23034    3946   21061    90673   3.94
2010-2016       93      0.20352  0.18472  0.50   19088    3526   17325    69612   3.65
2010-2016       94      0.22929  0.20571  0.50   15562    3201   13961    52287   3.36
2010-2016       95      0.25726  0.22794  0.50   12361    2817   10952    38326   3.10
2010-2016       96      0.28555  0.24987  0.50    9543    2385    8351    27374   2.87
2010-2016       97      0.31575  0.27270  0.50    7159    1952    6182    19023   2.66
2010-2016       98      0.34773  0.29622  0.50    5206    1542    4435    12841   2.47
2010-2016       99      0.38128  0.32023  0.50    3664    1173    3077     8405   2.29
2010-2016      100      0.41616  0.34448  0.50    2491     858    2062     5328   2.14
2010-2016      101      0.45204  0.36871  0.50    1633     602    1332     3266   2.00
2010-2016      102      0.48857  0.39265  0.50    1031     405     828     1935   1.88
2010-2016      103      0.52536  0.41607  0.50     626     260     496     1106   1.77
2010-2016      104      0.56200  0.43872  0.50     366     160     285      610   1.67
2010-2016      105      0.59810  0.46041  0.50     205      94     158      325   1.58
2010-2016      106      0.63326  0.48097  0.50     111      53      84      167   1.51
2010-2016      107      0.66715  0.50027  0.50      57      29      43       83   1.44
2010-2016      108      0.69947  0.51823  0.50      29      15      21       40   1.39
2010-2016      109      0.72998  0.53479  0.50      14       7      10       19   1.35
2010-2016      110+     0.75852  1.00000  1.32       6       6       8        8   1.32
