QLD, Exposure to risk (period 1x5), 	Last modified: 02 Jul 2018;  Methods Protocol: v6 (2017)

  Year          Age             Female            Male           Total
1971-1974        0             74625.31        78042.04       152667.35
1971-1974        1             75976.10        78997.58       154973.68
1971-1974        2             76427.90        79413.20       155841.10
1971-1974        3             75675.09        78727.53       154402.62
1971-1974        4             73938.76        77159.62       151098.38
1971-1974        5             72373.44        76004.02       148377.46
1971-1974        6             71108.58        75044.78       146153.37
1971-1974        7             71074.10        74920.31       145994.41
1971-1974        8             72390.18        75989.69       148379.87
1971-1974        9             73942.64        77701.44       151644.08
1971-1974       10             75670.82        79446.75       155117.57
1971-1974       11             76401.56        80421.97       156823.53
1971-1974       12             76033.53        80272.69       156306.22
1971-1974       13             75402.02        79270.21       154672.24
1971-1974       14             74161.80        77565.23       151727.03
1971-1974       15             72494.15        75268.38       147762.53
1971-1974       16             70619.49        73097.42       143716.91
1971-1974       17             68832.92        71101.54       139934.46
1971-1974       18             67456.75        69215.74       136672.48
1971-1974       19             66414.62        68007.29       134421.90
1971-1974       20             65376.13        67337.22       132713.35
1971-1974       21             64066.93        66910.40       130977.32
1971-1974       22             63168.33        66796.16       129964.48
1971-1974       23             62428.73        66078.06       128506.79
1971-1974       24             61654.85        65352.42       127007.27
1971-1974       25             62197.16        65468.34       127665.50
1971-1974       26             60416.80        64145.34       124562.14
1971-1974       27             58772.42        62383.63       121156.04
1971-1974       28             55706.97        59189.22       114896.19
1971-1974       29             52491.40        55772.99       108264.39
1971-1974       30             50528.43        53598.70       104127.13
1971-1974       31             48457.26        51555.17       100012.43
1971-1974       32             46759.18        49724.31        96483.50
1971-1974       33             45743.86        48454.40        94198.26
1971-1974       34             44623.96        46987.88        91611.84
1971-1974       35             43810.67        45912.10        89722.77
1971-1974       36             43053.90        45407.32        88461.23
1971-1974       37             42343.45        44538.67        86882.12
1971-1974       38             41244.85        43509.26        84754.10
1971-1974       39             40707.82        42746.90        83454.72
1971-1974       40             40229.92        42537.61        82767.53
1971-1974       41             41223.85        43662.99        84886.84
1971-1974       42             41645.18        44132.70        85777.87
1971-1974       43             42210.41        44683.59        86894.00
1971-1974       44             42742.27        45102.23        87844.50
1971-1974       45             42518.59        44873.90        87392.49
1971-1974       46             42771.35        45436.38        88207.73
1971-1974       47             42906.61        45319.46        88226.07
1971-1974       48             42647.61        44861.12        87508.73
1971-1974       49             42632.06        44529.88        87161.94
1971-1974       50             41983.91        43927.69        85911.60
1971-1974       51             42154.82        43710.95        85865.77
1971-1974       52             40988.24        42146.51        83134.75
1971-1974       53             39736.45        40156.55        79893.00
1971-1974       54             38391.04        38255.76        76646.80
1971-1974       55             37610.65        37020.33        74630.98
1971-1974       56             37119.98        36343.78        73463.76
1971-1974       57             36888.57        36266.47        73155.04
1971-1974       58             36591.29        35856.50        72447.79
1971-1974       59             36185.53        35296.88        71482.41
1971-1974       60             35115.98        34246.63        69362.61
1971-1974       61             34328.30        32960.82        67289.13
1971-1974       62             32596.47        31476.72        64073.19
1971-1974       63             31324.65        30118.27        61442.92
1971-1974       64             29874.98        28835.16        58710.13
1971-1974       65             28397.27        27412.77        55810.04
1971-1974       66             27179.10        26249.86        53428.96
1971-1974       67             25965.17        24688.36        50653.52
1971-1974       68             24583.95        22955.30        47539.25
1971-1974       69             23459.45        21361.64        44821.09
1971-1974       70             22286.45        19993.53        42279.97
1971-1974       71             21735.43        18836.32        40571.75
1971-1974       72             21223.52        17637.40        38860.92
1971-1974       73             20251.37        16003.89        36255.27
1971-1974       74             18949.95        14404.62        33354.57
1971-1974       75             17339.32        12713.34        30052.66
1971-1974       76             16024.97        11308.04        27333.01
1971-1974       77             15049.41        10261.57        25310.97
1971-1974       78             13920.04         9168.65        23088.69
1971-1974       79             12707.50         8204.06        20911.56
1971-1974       80             11829.32         7610.68        19440.00
1971-1974       81             10720.34         6817.63        17537.96
1971-1974       82              9612.62         5979.85        15592.47
1971-1974       83              8447.95         5156.70        13604.66
1971-1974       84              7302.09         4375.86        11677.95
1971-1974       85              6158.02         3632.79         9790.81
1971-1974       86              5089.99         2937.27         8027.26
1971-1974       87              4147.85         2303.48         6451.33
1971-1974       88              3341.79         1783.78         5125.57
1971-1974       89              2642.56         1343.09         3985.66
1971-1974       90              2050.83          982.00         3032.83
1971-1974       91              1580.22          721.10         2301.32
1971-1974       92              1207.92          517.15         1725.06
1971-1974       93               900.35          352.25         1252.59
1971-1974       94               633.03          235.89          868.92
1971-1974       95               430.31          158.05          588.35
1971-1974       96               280.25           99.48          379.73
1971-1974       97               177.76           61.49          239.24
1971-1974       98               111.32           37.96          149.28
1971-1974       99                69.35           22.98           92.33
1971-1974      100                44.12           14.88           59.00
1971-1974      101                25.26            8.07           33.32
1971-1974      102                14.06            2.98           17.04
1971-1974      103                 6.97            0.92            7.89
1971-1974      104                 2.49            0.07            2.55
1971-1974      105                 0.26            0.00            0.26
1971-1974      106                 0.00            0.00            0.00
1971-1974      107                 0.00            0.00            0.00
1971-1974      108                 0.00            0.00            0.00
1971-1974      109                 0.00            0.00            0.00
1971-1974      110+                0.00            0.00            0.00
1975-1979        0             86154.90        90530.14       176685.04
1975-1979        1             88054.60        92024.74       180079.34
1975-1979        2             91070.19        94881.62       185951.81
1975-1979        3             94674.51        98417.22       193091.73
1975-1979        4             98166.39       102018.50       200184.89
1975-1979        5            100688.78       104801.45       205490.23
1975-1979        6            102122.23       106025.93       208148.16
1975-1979        7            101697.72       105936.81       207634.53
1975-1979        8             99725.79       104738.80       204464.59
1975-1979        9             97364.75       102259.75       199624.50
1975-1979       10             95348.54       100118.65       195467.19
1975-1979       11             94958.53        99473.61       194432.14
1975-1979       12             95713.06       100138.64       195851.70
1975-1979       13             96891.02       101363.12       198254.13
1975-1979       14             98526.54       102780.21       201306.75
1975-1979       15             99649.61       104020.06       203669.67
1975-1979       16             99701.65       103893.23       203594.88
1975-1979       17             98682.17       102340.85       201023.02
1975-1979       18             96623.82       100232.13       196855.96
1975-1979       19             94284.20        97961.05       192245.24
1975-1979       20             92243.38        96087.98       188331.36
1975-1979       21             90337.84        93992.46       184330.30
1975-1979       22             88478.78        92387.61       180866.39
1975-1979       23             87054.67        91682.44       178737.11
1975-1979       24             85942.36        90775.51       176717.87
1975-1979       25             85346.79        89656.82       175003.61
1975-1979       26             85155.78        88937.86       174093.64
1975-1979       27             84763.81        88557.46       173321.27
1975-1979       28             85236.28        88926.24       174162.52
1975-1979       29             84742.77        88442.83       173185.60
1975-1979       30             82623.91        86515.68       169139.59
1975-1979       31             80341.43        84426.38       164767.80
1975-1979       32             77389.06        81167.04       158556.10
1975-1979       33             73200.90        76529.26       149730.15
1975-1979       34             69414.53        72787.87       142202.40
1975-1979       35             66782.40        70104.43       136886.83
1975-1979       36             64234.48        67393.43       131627.91
1975-1979       37             62257.47        65425.90       127683.37
1975-1979       38             60756.60        64037.99       124794.59
1975-1979       39             59083.56        62544.87       121628.43
1975-1979       40             57546.01        60698.88       118244.89
1975-1979       41             55561.03        58522.28       114083.31
1975-1979       42             53864.21        56891.38       110755.59
1975-1979       43             52778.08        55736.81       108514.89
1975-1979       44             52166.44        55114.04       107280.48
1975-1979       45             52262.04        55353.86       107615.91
1975-1979       46             52968.38        56007.57       108975.94
1975-1979       47             53729.57        56686.19       110415.76
1975-1979       48             54443.15        57405.35       111848.50
1975-1979       49             54851.74        57811.17       112662.91
1975-1979       50             54902.23        57878.78       112781.01
1975-1979       51             54666.88        57424.71       112091.59
1975-1979       52             54344.12        56859.58       111203.70
1975-1979       53             54013.26        56249.95       110263.22
1975-1979       54             53734.94        55524.65       109259.59
1975-1979       55             52950.51        54340.13       107290.64
1975-1979       56             52274.94        52579.21       104854.15
1975-1979       57             51252.34        50416.91       101669.24
1975-1979       58             50117.22        48394.26        98511.47
1975-1979       59             48583.97        46261.48        94845.45
1975-1979       60             47317.05        44615.60        91932.65
1975-1979       61             47025.96        44003.12        91029.09
1975-1979       62             46841.68        43445.97        90287.65
1975-1979       63             45759.90        42425.85        88185.76
1975-1979       64             44373.65        41349.81        85723.47
1975-1979       65             42812.73        39710.33        82523.05
1975-1979       66             40720.29        37582.41        78302.70
1975-1979       67             38571.40        35496.78        74068.19
1975-1979       68             36728.22        33639.38        70367.60
1975-1979       69             34697.23        31525.94        66223.18
1975-1979       70             32733.13        29114.06        61847.19
1975-1979       71             30767.11        26853.57        57620.68
1975-1979       72             28818.14        24717.57        53535.71
1975-1979       73             26970.65        22572.54        49543.19
1975-1979       74             25582.67        20589.06        46171.72
1975-1979       75             24333.23        18902.99        43236.22
1975-1979       76             23011.23        17094.00        40105.23
1975-1979       77             21470.24        15122.03        36592.27
1975-1979       78             19932.71        13425.55        33358.26
1975-1979       79             18274.18        11744.57        30018.75
1975-1979       80             16684.70         9799.65        26484.35
1975-1979       81             15109.94         8562.29        23672.22
1975-1979       82             13571.76         7527.43        21099.18
1975-1979       83             11985.20         6544.32        18529.52
1975-1979       84             10410.34         5616.69        16027.03
1975-1979       85              9002.03         4764.65        13766.68
1975-1979       86              7715.13         3983.63        11698.76
1975-1979       87              6483.09         3267.13         9750.22
1975-1979       88              5368.72         2618.66         7987.38
1975-1979       89              4340.84         2046.46         6387.30
1975-1979       90              3421.43         1549.39         4970.82
1975-1979       91              2649.78         1154.54         3804.32
1975-1979       92              2003.99          860.84         2864.83
1975-1979       93              1480.67          622.38         2103.04
1975-1979       94              1071.64          416.29         1487.93
1975-1979       95               758.16          255.33         1013.49
1975-1979       96               521.13          152.73          673.86
1975-1979       97               353.20           96.63          449.83
1975-1979       98               220.72           60.54          281.26
1975-1979       99               131.43           34.36          165.79
1975-1979      100                80.95           17.29           98.25
1975-1979      101                45.28            6.96           52.23
1975-1979      102                23.31            1.96           25.26
1975-1979      103                10.69            0.23           10.92
1975-1979      104                 3.83            0.00            3.83
1975-1979      105                 0.66            0.00            0.66
1975-1979      106                 0.00            0.00            0.00
1975-1979      107                 0.00            0.00            0.00
1975-1979      108                 0.00            0.00            0.00
1975-1979      109                 0.00            0.00            0.00
1975-1979      110+                0.00            0.00            0.00
1980-1984        0             95662.80       101844.60       197507.40
1980-1984        1             94716.35       100800.16       195516.51
1980-1984        2             93766.68        99543.49       193310.17
1980-1984        3             93240.92        98610.66       191851.58
1980-1984        4             93600.34        98541.39       192141.73
1980-1984        5             94804.18        99459.27       194263.46
1980-1984        6             96938.56       101682.22       198620.78
1980-1984        7             99620.15       104686.81       204306.95
1980-1984        8            103144.61       108158.22       211302.83
1980-1984        9            107189.18       112217.72       219406.89
1980-1984       10            110199.08       115347.64       225546.72
1980-1984       11            111557.09       116520.68       228077.77
1980-1984       12            111381.07       116146.25       227527.32
1980-1984       13            109412.15       114009.88       223422.03
1980-1984       14            106437.15       111080.83       217517.98
1980-1984       15            103759.61       107985.15       211744.76
1980-1984       16            102749.59       106276.13       209025.72
1980-1984       17            102881.15       106116.23       208997.38
1980-1984       18            104090.60       107080.14       211170.75
1980-1984       19            105800.13       108846.36       214646.49
1980-1984       20            106873.84       110609.72       217483.55
1980-1984       21            106935.94       111251.40       218187.34
1980-1984       22            106002.38       110701.22       216703.60
1980-1984       23            104262.30       109451.31       213713.61
1980-1984       24            102000.83       107704.99       209705.82
1980-1984       25            100033.94       105642.10       205676.04
1980-1984       26             98394.92       103443.20       201838.12
1980-1984       27             97022.32       101570.08       198592.40
1980-1984       28             96141.88       100192.28       196334.16
1980-1984       29             95428.92        99048.58       194477.49
1980-1984       30             95145.41        98238.80       193384.21
1980-1984       31             94827.48        97945.48       192772.96
1980-1984       32             94572.97        97839.80       192412.77
1980-1984       33             94767.58        98229.40       192996.97
1980-1984       34             94066.40        97471.39       191537.79
1980-1984       35             91964.49        95450.05       187414.55
1980-1984       36             89545.56        93445.51       182991.07
1980-1984       37             85682.09        89831.81       175513.90
1980-1984       38             80677.16        84718.63       165395.79
1980-1984       39             76384.29        80549.38       156933.67
1980-1984       40             72923.05        77127.51       150050.56
1980-1984       41             69533.16        73699.22       143232.38
1980-1984       42             66789.74        71097.53       137887.27
1980-1984       43             64073.76        68635.63       132709.39
1980-1984       44             61659.95        66168.19       127828.14
1980-1984       45             59708.43        63819.62       123528.05
1980-1984       46             57782.32        61675.03       119457.35
1980-1984       47             56086.05        59913.09       115999.14
1980-1984       48             55020.85        58464.55       113485.39
1980-1984       49             54670.28        57588.60       112258.87
1980-1984       50             55039.81        57488.65       112528.46
1980-1984       51             55380.69        57843.94       113224.63
1980-1984       52             56023.38        58509.59       114532.98
1980-1984       53             56434.47        58825.01       115259.48
1980-1984       54             56386.07        58599.76       114985.83
1980-1984       55             56216.95        58187.10       114404.05
1980-1984       56             56131.77        57819.06       113950.83
1980-1984       57             55653.69        57087.57       112741.26
1980-1984       58             55521.79        56447.45       111969.23
1980-1984       59             55636.52        55600.37       111236.89
1980-1984       60             55286.31        54236.08       109522.38
1980-1984       61             54108.79        52314.92       106423.71
1980-1984       62             52696.34        50090.85       102787.19
1980-1984       63             50976.14        47585.97        98562.10
1980-1984       64             49004.45        45000.18        94004.62
1980-1984       65             47331.10        43180.92        90512.01
1980-1984       66             46497.09        42156.62        88653.70
1980-1984       67             45556.76        40956.14        86512.91
1980-1984       68             44148.86        39307.44        83456.29
1980-1984       69             42682.98        37451.83        80134.81
1980-1984       70             41018.40        35245.04        76263.44
1980-1984       71             38756.80        32681.48        71438.28
1980-1984       72             36282.28        30165.01        66447.29
1980-1984       73             33794.59        27717.72        61512.31
1980-1984       74             31415.54        25218.34        56633.87
1980-1984       75             29038.70        22773.00        51811.70
1980-1984       76             26877.21        20525.01        47402.21
1980-1984       77             24676.71        18348.97        43025.68
1980-1984       78             22618.21        16138.98        38757.18
1980-1984       79             20887.20        14230.95        35118.15
1980-1984       80             19509.19        12340.46        31849.65
1980-1984       81             17800.24        10645.69        28445.94
1980-1984       82             16150.89         9114.01        25264.90
1980-1984       83             14440.81         7706.17        22146.98
1980-1984       84             12639.79         6410.36        19050.15
1980-1984       85             10928.04         5294.29        16222.33
1980-1984       86              9413.09         4383.56        13796.65
1980-1984       87              8041.37         3591.52        11632.89
1980-1984       88              6710.44         2907.70         9618.14
1980-1984       89              5502.07         2330.04         7832.11
1980-1984       90              4503.30         1823.23         6326.52
1980-1984       91              3616.56         1413.13         5029.69
1980-1984       92              2806.45         1072.57         3879.02
1980-1984       93              2126.50          783.68         2910.18
1980-1984       94              1574.83          553.14         2127.98
1980-1984       95              1127.21          381.24         1508.45
1980-1984       96               774.60          262.67         1037.27
1980-1984       97               520.99          169.69          690.67
1980-1984       98               350.13           99.59          449.72
1980-1984       99               227.44           56.50          283.93
1980-1984      100               138.63           30.53          169.15
1980-1984      101                81.95           15.54           97.49
1980-1984      102                46.35            6.56           52.91
1980-1984      103                24.36            1.53           25.88
1980-1984      104                11.40            0.14           11.53
1980-1984      105                 4.00            0.00            4.00
1980-1984      106                 0.67            0.00            0.67
1980-1984      107                 0.00            0.00            0.00
1980-1984      108                 0.00            0.00            0.00
1980-1984      109                 0.00            0.00            0.00
1980-1984      110+                0.00            0.00            0.00
1985-1989        0             99067.32       104687.97       203755.29
1985-1989        1             99364.85       105024.95       204389.79
1985-1989        2            101026.67       106604.76       207631.42
1985-1989        3            102399.03       108362.15       210761.18
1985-1989        4            102908.73       109220.97       212129.70
1985-1989        5            102632.71       109176.88       211809.59
1985-1989        6            101820.65       108855.34       210675.99
1985-1989        7            101034.32       108035.25       209069.57
1985-1989        8            100754.67       107199.17       207953.84
1985-1989        9            101202.21       107070.62       208272.83
1985-1989       10            102459.04       108181.16       210640.20
1985-1989       11            104797.54       110416.58       215214.12
1985-1989       12            107927.03       113694.63       221621.66
1985-1989       13            111879.56       117774.14       229653.70
1985-1989       14            115873.59       121615.74       237489.32
1985-1989       15            118444.65       124002.68       242447.33
1985-1989       16            118915.68       124113.28       243028.96
1985-1989       17            117560.28       121953.05       239513.32
1985-1989       18            115106.37       118728.87       233835.24
1985-1989       19            112118.23       115591.20       227709.42
1985-1989       20            109204.91       113018.66       222223.58
1985-1989       21            107640.83       111924.03       219564.86
1985-1989       22            107707.82       112235.58       219943.40
1985-1989       23            109464.28       113070.18       222534.46
1985-1989       24            111227.42       114547.47       225774.88
1985-1989       25            112443.35       115517.64       227960.99
1985-1989       26            113063.41       115489.91       228553.32
1985-1989       27            113110.48       114892.68       228003.16
1985-1989       28            111861.49       114027.05       225888.54
1985-1989       29            109856.90       112672.08       222528.97
1985-1989       30            107757.49       110377.55       218135.04
1985-1989       31            106176.02       107899.82       214075.84
1985-1989       32            105225.43       106201.39       211426.82
1985-1989       33            104548.95       105322.08       209871.03
1985-1989       34            103966.06       104767.24       208733.30
1985-1989       35            103468.44       104326.23       207794.67
1985-1989       36            103453.08       104255.24       207708.32
1985-1989       37            103303.98       104681.24       207985.23
1985-1989       38            103628.18       106059.32       209687.50
1985-1989       39            102715.67       106354.73       209070.40
1985-1989       40             99794.69       104242.97       204037.66
1985-1989       41             96472.88       101211.89       197684.78
1985-1989       42             92404.98        96955.49       189360.47
1985-1989       43             87254.04        91454.06       178708.10
1985-1989       44             82116.41        86578.24       168694.65
1985-1989       45             77361.60        82542.32       159903.91
1985-1989       46             73333.30        78578.82       151912.12
1985-1989       47             70004.54        75323.11       145327.66
1985-1989       48             67582.73        72839.87       140422.60
1985-1989       49             65436.26        70483.47       135919.74
1985-1989       50             63241.12        67711.69       130952.81
1985-1989       51             60768.75        64744.24       125512.99
1985-1989       52             58908.39        62434.21       121342.60
1985-1989       53             57563.00        60600.13       118163.13
1985-1989       54             56738.61        59284.22       116022.83
1985-1989       55             56652.81        58875.30       115528.11
1985-1989       56             56869.65        59125.95       115995.60
1985-1989       57             57502.63        59562.74       117065.37
1985-1989       58             58233.33        59816.01       118049.34
1985-1989       59             58350.70        59545.75       117896.45
1985-1989       60             58424.75        59146.66       117571.41
1985-1989       61             58179.99        58388.18       116568.17
1985-1989       62             57691.70        57398.79       115090.50
1985-1989       63             57379.41        56256.78       113636.19
1985-1989       64             56948.32        54947.24       111895.56
1985-1989       65             55703.49        53286.08       108989.58
1985-1989       66             53800.59        50756.31       104556.90
1985-1989       67             51580.65        47775.33        99355.98
1985-1989       68             49579.65        44854.78        94434.42
1985-1989       69             47205.60        41865.24        89070.84
1985-1989       70             45059.94        39250.13        84310.06
1985-1989       71             43942.08        37382.95        81325.04
1985-1989       72             42835.25        35573.22        78408.47
1985-1989       73             41125.42        33351.39        74476.80
1985-1989       74             39109.70        31007.89        70117.59
1985-1989       75             36820.56        28618.81        65439.37
1985-1989       76             34072.56        25809.86        59882.43
1985-1989       77             31106.21        23088.30        54194.51
1985-1989       78             28521.74        20627.21        49148.95
1985-1989       79             26148.75        18316.13        44464.88
1985-1989       80             23777.69        15652.61        39430.30
1985-1989       81             21342.93        13530.09        34873.02
1985-1989       82             18973.62        11538.57        30512.19
1985-1989       83             16873.66         9706.79        26580.45
1985-1989       84             15046.99         8124.80        23171.79
1985-1989       85             13259.56         6729.00        19988.56
1985-1989       86             11517.78         5503.98        17021.76
1985-1989       87              9909.77         4427.94        14337.71
1985-1989       88              8368.83         3501.85        11870.68
1985-1989       89              6886.71         2716.91         9603.62
1985-1989       90              5603.62         2050.50         7654.11
1985-1989       91              4558.78         1543.75         6102.53
1985-1989       92              3636.93         1161.31         4798.23
1985-1989       93              2815.22          863.81         3679.02
1985-1989       94              2118.61          633.46         2752.08
1985-1989       95              1553.86          458.72         2012.58
1985-1989       96              1116.69          323.76         1440.45
1985-1989       97               773.18          214.81          987.99
1985-1989       98               511.45          132.09          643.54
1985-1989       99               335.21           78.48          413.69
1985-1989      100               219.21           47.64          266.85
1985-1989      101               134.91           27.75          162.66
1985-1989      102                80.24           14.51           94.74
1985-1989      103                45.55            6.14           51.69
1985-1989      104                24.03            1.59           25.62
1985-1989      105                11.43            0.05           11.47
1985-1989      106                 4.10            0.00            4.10
1985-1989      107                 0.71            0.00            0.71
1985-1989      108                 0.00            0.00            0.00
1985-1989      109                 0.00            0.00            0.00
1985-1989      110+                0.00            0.00            0.00
1990-1994        0            111780.85       117996.46       229777.30
1990-1994        1            111076.94       117098.77       228175.72
1990-1994        2            110704.02       116530.28       227234.31
1990-1994        3            110354.28       115946.12       226300.41
1990-1994        4            109700.36       115663.45       225363.81
1990-1994        5            109569.14       115896.19       225465.33
1990-1994        6            110169.68       116729.24       226898.92
1990-1994        7            111477.68       118386.76       229864.44
1990-1994        8            112776.75       119771.68       232548.43
1990-1994        9            113379.67       120465.42       233845.09
1990-1994       10            113157.59       120615.27       233772.86
1990-1994       11            112423.17       120131.70       232554.87
1990-1994       12            111653.57       119207.69       230861.25
1990-1994       13            111228.58       118260.12       229488.71
1990-1994       14            111607.62       118001.73       229609.35
1990-1994       15            112947.11       118840.11       231787.22
1990-1994       16            114851.11       120381.12       235232.23
1990-1994       17            117024.17       122210.20       239234.37
1990-1994       18            120365.68       125281.20       245646.88
1990-1994       19            124615.77       129263.92       253879.69
1990-1994       20            127496.40       131533.17       259029.57
1990-1994       21            127964.34       131155.43       259119.77
1990-1994       22            126245.35       129345.00       255590.35
1990-1994       23            122956.96       126211.79       249168.74
1990-1994       24            118894.47       121896.11       240790.58
1990-1994       25            116276.93       118907.88       235184.80
1990-1994       26            115699.90       117753.67       233453.57
1990-1994       27            116960.87       118170.06       235130.93
1990-1994       28            119145.92       119521.35       238667.27
1990-1994       29            121936.94       121646.49       243583.42
1990-1994       30            124514.47       123858.11       248372.57
1990-1994       31            125247.52       124696.18       249943.70
1990-1994       32            124440.52       123831.61       248272.13
1990-1994       33            123317.64       122479.24       245796.88
1990-1994       34            121622.13       120885.40       242507.53
1990-1994       35            119879.16       119327.32       239206.47
1990-1994       36            118245.74       117825.42       236071.16
1990-1994       37            116772.13       116448.37       233220.50
1990-1994       38            115525.82       115485.25       231011.06
1990-1994       39            114990.31       115471.94       230462.25
1990-1994       40            114610.32       115767.73       230378.05
1990-1994       41            113567.47       115429.26       228996.72
1990-1994       42            112546.43       115339.33       227885.76
1990-1994       43            111925.19       115523.28       227448.47
1990-1994       44            110141.77       114332.03       224473.80
1990-1994       45            107015.64       111704.87       218720.51
1990-1994       46            103213.97       108244.29       211458.26
1990-1994       47             98099.65       103315.54       201415.20
1990-1994       48             91517.40        96701.35       188218.75
1990-1994       49             85993.61        91241.72       177235.32
1990-1994       50             81604.81        87008.35       168613.16
1990-1994       51             77292.07        82632.65       159924.72
1990-1994       52             74107.66        79360.29       153467.95
1990-1994       53             71267.49        76355.84       147623.34
1990-1994       54             68628.90        73206.61       141835.51
1990-1994       55             66252.61        70005.43       136258.04
1990-1994       56             63708.61        66916.11       130624.72
1990-1994       57             61376.45        64259.42       125635.87
1990-1994       58             59522.54        62047.85       121570.39
1990-1994       59             58944.80        60789.54       119734.33
1990-1994       60             59098.00        60429.92       119527.92
1990-1994       61             59259.87        60444.90       119704.77
1990-1994       62             59870.46        60413.89       120284.35
1990-1994       63             60134.30        60061.83       120196.14
1990-1994       64             59789.69        59314.12       119103.81
1990-1994       65             59121.04        58230.91       117351.95
1990-1994       66             58387.94        56749.48       115137.42
1990-1994       67             57182.77        54977.71       112160.48
1990-1994       68             55948.47        52942.12       108890.59
1990-1994       69             55056.99        50824.84       105881.83
1990-1994       70             53576.01        48502.96       102078.97
1990-1994       71             51422.25        45570.14        96992.39
1990-1994       72             48969.92        42210.20        91180.11
1990-1994       73             46268.61        38801.61        85070.22
1990-1994       74             43378.70        35350.59        78729.29
1990-1994       75             40870.11        32253.15        73123.26
1990-1994       76             39116.06        29894.32        69010.38
1990-1994       77             37336.73        27659.40        64996.13
1990-1994       78             35060.28        25191.69        60251.97
1990-1994       79             32645.32        22588.20        55233.52
1990-1994       80             30639.79        19693.08        50332.87
1990-1994       81             27543.50        17142.84        44686.34
1990-1994       82             24519.65        14728.28        39247.93
1990-1994       83             21739.80        12646.29        34386.09
1990-1994       84             19168.34        10770.62        29938.96
1990-1994       85             16711.31         8948.85        25660.16
1990-1994       86             14363.58         7277.14        21640.72
1990-1994       87             12194.00         5798.75        17992.75
1990-1994       88             10272.65         4570.18        14842.83
1990-1994       89              8566.03         3574.05        12140.08
1990-1994       90              7036.42         2734.57         9770.99
1990-1994       91              5686.59         2046.72         7733.31
1990-1994       92              4526.86         1515.80         6042.66
1990-1994       93              3538.84         1084.36         4623.20
1990-1994       94              2693.45          726.63         3420.08
1990-1994       95              1996.76          481.32         2478.08
1990-1994       96              1447.11          323.76         1770.87
1990-1994       97              1017.22          210.02         1227.24
1990-1994       98               698.65          134.09          832.74
1990-1994       99               467.06           88.04          555.10
1990-1994      100               302.12           54.52          356.64
1990-1994      101               192.11           30.47          222.58
1990-1994      102               116.74           15.52          132.27
1990-1994      103                67.98            7.13           75.11
1990-1994      104                38.24            2.56           40.79
1990-1994      105                19.97            0.14           20.11
1990-1994      106                 9.16            0.00            9.16
1990-1994      107                 3.18            0.00            3.18
1990-1994      108                 0.51            0.00            0.51
1990-1994      109                 0.00            0.00            0.00
1990-1994      110+                0.00            0.00            0.00
1995-1999        0            115215.61       121378.28       236593.89
1995-1999        1            115980.53       122280.20       238260.74
1995-1999        2            117282.88       123857.11       241140.00
1995-1999        3            118532.95       125272.63       243805.58
1995-1999        4            119767.87       126581.45       246349.32
1995-1999        5            120731.32       127395.30       248126.62
1995-1999        6            120974.20       127362.29       248336.49
1995-1999        7            120730.17       126786.73       247516.90
1995-1999        8            119944.19       125972.76       245916.95
1995-1999        9            119104.73       125693.72       244798.45
1995-1999       10            118922.62       125703.11       244625.73
1995-1999       11            119215.07       126074.66       245289.72
1995-1999       12            120364.59       127398.66       247763.25
1995-1999       13            121474.10       128816.12       250290.22
1995-1999       14            121558.70       128885.28       250443.98
1995-1999       15            121024.68       127787.78       248812.46
1995-1999       16            120206.28       126311.95       246518.22
1995-1999       17            118699.37       124343.49       243042.85
1995-1999       18            117950.39       123057.84       241008.23
1995-1999       19            118606.86       122725.47       241332.33
1995-1999       20            120060.35       122924.99       242985.34
1995-1999       21            122182.87       124258.06       246440.93
1995-1999       22            124462.37       126638.04       251100.41
1995-1999       23            127139.88       129929.62       257069.50
1995-1999       24            130086.41       133524.19       263610.60
1995-1999       25            132596.51       135430.18       268026.69
1995-1999       26            133416.05       134860.54       268276.58
1995-1999       27            132305.31       132832.44       265137.75
1995-1999       28            130086.13       129997.31       260083.44
1995-1999       29            127305.55       126611.44       253916.98
1995-1999       30            125580.12       124557.84       250137.95
1995-1999       31            125703.05       124609.23       250312.27
1995-1999       32            127327.12       125629.75       252956.87
1995-1999       33            129787.95       127649.09       257437.04
1995-1999       34            132847.70       130126.62       262974.32
1995-1999       35            135119.81       132336.86       267456.67
1995-1999       36            135453.87       133038.61       268492.48
1995-1999       37            134756.36       132694.14       267450.50
1995-1999       38            133228.89       131640.80       264869.69
1995-1999       39            131013.98       130058.84       261072.81
1995-1999       40            128771.00       127923.10       256694.10
1995-1999       41            127030.70       126052.00       253082.70
1995-1999       42            125459.58       124618.51       250078.09
1995-1999       43            123536.24       123529.71       247065.95
1995-1999       44            121825.38       122513.18       244338.56
1995-1999       45            120293.09       121726.79       242019.87
1995-1999       46            118803.02       120965.18       239768.20
1995-1999       47            117367.61       120412.76       237780.37
1995-1999       48            117049.25       120465.30       237514.54
1995-1999       49            115144.05       119056.46       234200.51
1995-1999       50            111103.27       115721.99       226825.26
1995-1999       51            106771.27       112101.41       218872.68
1995-1999       52            101264.48       106613.88       207878.35
1995-1999       53             94521.75        99551.99       194073.74
1995-1999       54             88480.31        93638.24       182118.55
1995-1999       55             83679.75        88877.55       172557.30
1995-1999       56             79396.20        84311.24       163707.44
1995-1999       57             76019.73        80596.95       156616.68
1995-1999       58             73137.83        77523.44       150661.27
1995-1999       59             70166.11        74282.47       144448.59
1995-1999       60             67313.38        70912.62       138226.00
1995-1999       61             64762.53        67755.45       132517.98
1995-1999       62             62587.89        64922.13       127510.01
1995-1999       63             60852.10        62426.42       123278.52
1995-1999       64             59791.19        60599.91       120391.10
1995-1999       65             59267.42        59519.74       118787.17
1995-1999       66             58900.43        58792.46       117692.90
1995-1999       67             58804.62        58119.57       116924.19
1995-1999       68             58630.99        57010.34       115641.33
1995-1999       69             57866.37        55465.69       113332.06
1995-1999       70             56788.02        53553.97       110341.99
1995-1999       71             55700.16        51365.32       107065.48
1995-1999       72             54280.44        48949.22       103229.66
1995-1999       73             52883.49        46498.68        99382.16
1995-1999       74             51398.73        43820.85        95219.58
1995-1999       75             49279.01        40921.25        90200.26
1995-1999       76             46522.73        37546.05        84068.77
1995-1999       77             43431.14        33895.04        77326.18
1995-1999       78             40411.05        30385.39        70796.44
1995-1999       79             37133.03        26945.17        64078.20
1995-1999       80             35265.39        23583.42        58848.81
1995-1999       81             33183.45        21175.77        54359.22
1995-1999       82             30767.68        18769.30        49536.98
1995-1999       83             28054.18        16310.21        44364.39
1995-1999       84             25109.72        13918.70        39028.42
1995-1999       85             22005.28        11687.86        33693.14
1995-1999       86             18963.95         9663.25        28627.21
1995-1999       87             16112.42         7863.04        23975.46
1995-1999       88             13595.17         6329.64        19924.80
1995-1999       89             11354.03         5009.32        16363.35
1995-1999       90              9239.52         3864.81        13104.33
1995-1999       91              7341.47         2897.00        10238.46
1995-1999       92              5728.22         2123.10         7851.32
1995-1999       93              4369.65         1548.72         5918.37
1995-1999       94              3317.99         1093.05         4411.04
1995-1999       95              2492.35          733.05         3225.41
1995-1999       96              1804.85          483.65         2288.50
1995-1999       97              1277.44          306.74         1584.17
1995-1999       98               876.30          185.89         1062.19
1995-1999       99               584.87          111.54          696.40
1995-1999      100               379.90           63.71          443.60
1995-1999      101               237.05           34.64          271.69
1995-1999      102               143.60           17.68          161.28
1995-1999      103                83.82            7.59           91.41
1995-1999      104                46.75            2.32           49.07
1995-1999      105                24.56            0.10           24.66
1995-1999      106                11.60            0.00           11.60
1995-1999      107                 4.28            0.00            4.28
1995-1999      108                 0.70            0.00            0.70
1995-1999      109                 0.00            0.00            0.00
1995-1999      110+                0.00            0.00            0.00
2000-2004        0            119233.42       125951.15       245184.57
2000-2004        1            119338.93       126274.98       245613.91
2000-2004        2            120552.85       127283.60       247836.45
2000-2004        3            121915.32       128609.49       250524.82
2000-2004        4            123109.66       129687.29       252796.95
2000-2004        5            124491.66       131075.68       255567.34
2000-2004        6            126149.60       132888.70       259038.31
2000-2004        7            127542.17       134689.80       262231.97
2000-2004        8            128993.67       136284.23       265277.90
2000-2004        9            130496.70       137722.20       268218.89
2000-2004       10            131183.09       138583.11       269766.19
2000-2004       11            131120.55       138318.65       269439.19
2000-2004       12            130807.13       137414.21       268221.34
2000-2004       13            129652.04       136260.73       265912.78
2000-2004       14            128144.70       135256.72       263401.42
2000-2004       15            127099.16       133990.68       261089.84
2000-2004       16            126909.61       133186.65       260096.26
2000-2004       17            127936.29       133202.85       261139.14
2000-2004       18            129664.29       133492.01       263156.30
2000-2004       19            130967.27       134071.77       265039.04
2000-2004       20            130391.60       133984.45       264376.04
2000-2004       21            129073.35       132790.39       261863.74
2000-2004       22            126606.40       130209.38       256815.78
2000-2004       23            124312.37       127654.58       251966.95
2000-2004       24            123110.79       125435.64       248546.43
2000-2004       25            123336.36       124254.27       247590.62
2000-2004       26            124743.31       124902.50       249645.81
2000-2004       27            127483.40       127107.63       254591.03
2000-2004       28            131305.45       130213.13       261518.58
2000-2004       29            135869.07       134200.03       270069.10
2000-2004       30            139515.97       137270.73       276786.70
2000-2004       31            141257.70       138415.03       279672.73
2000-2004       32            141073.49       138071.75       279145.24
2000-2004       33            139676.31       136181.28       275857.59
2000-2004       34            137214.76       133784.83       270999.59
2000-2004       35            135572.26       132296.24       267868.50
2000-2004       36            136034.66       132348.78       268383.44
2000-2004       37            137951.23       133712.30       271663.53
2000-2004       38            140507.23       135929.21       276436.44
2000-2004       39            143097.26       138495.45       281592.71
2000-2004       40            144765.57       140686.78       285452.35
2000-2004       41            145175.81       141231.43       286407.24
2000-2004       42            144107.16       140468.49       284575.65
2000-2004       43            141565.90       138359.13       279925.02
2000-2004       44            138346.08       135511.36       273857.44
2000-2004       45            135715.77       132954.88       268670.66
2000-2004       46            133454.31       130723.73       264178.03
2000-2004       47            130879.34       128886.00       259765.34
2000-2004       48            128677.89       127588.23       256266.12
2000-2004       49            126921.17       126577.17       253498.33
2000-2004       50            125538.68       125340.91       250879.60
2000-2004       51            124096.64       124621.85       248718.49
2000-2004       52            122627.34       124005.77       246633.11
2000-2004       53            121432.10       123552.11       244984.21
2000-2004       54            119155.63       121861.52       241017.15
2000-2004       55            115127.05       118835.92       233962.97
2000-2004       56            110457.78       115016.73       225474.51
2000-2004       57            104831.38       109275.57       214106.95
2000-2004       58             97818.45       102034.59       199853.03
2000-2004       59             91611.89        95859.37       187471.26
2000-2004       60             86885.84        90941.97       177827.82
2000-2004       61             82424.45        86136.56       168561.01
2000-2004       62             78820.57        82372.32       161192.89
2000-2004       63             75573.88        78855.11       154428.99
2000-2004       64             72366.36        75197.76       147564.12
2000-2004       65             69315.22        71551.07       140866.29
2000-2004       66             65877.59        67534.83       133412.42
2000-2004       67             62916.24        64029.79       126946.03
2000-2004       68             60524.70        60894.85       121419.55
2000-2004       69             58911.85        58543.73       117455.59
2000-2004       70             57897.46        56736.49       114633.94
2000-2004       71             57039.45        55326.96       112366.41
2000-2004       72             56632.09        53819.04       110451.14
2000-2004       73             55894.09        52032.00       107926.09
2000-2004       74             54699.82        49808.86       104508.68
2000-2004       75             53334.89        47217.20       100552.09
2000-2004       76             51599.18        44290.62        95889.80
2000-2004       77             49422.40        41224.49        90646.89
2000-2004       78             47279.02        38132.70        85411.72
2000-2004       79             45303.05        34990.90        80293.95
2000-2004       80             43163.43        30728.24        73891.67
2000-2004       81             39665.92        27071.43        66737.35
2000-2004       82             36171.41        23649.66        59821.07
2000-2004       83             32514.18        20327.29        52841.48
2000-2004       84             28925.22        17210.92        46136.14
2000-2004       85             26035.52        14602.02        40637.54
2000-2004       86             23526.98        12431.78        35958.76
2000-2004       87             20800.06        10420.29        31220.34
2000-2004       88             17931.44         8503.20        26434.64
2000-2004       89             15110.87         6770.54        21881.41
2000-2004       90             12417.12         5249.36        17666.47
2000-2004       91              9909.28         3982.40        13891.68
2000-2004       92              7710.21         2969.69        10679.90
2000-2004       93              5903.38         2163.84         8067.22
2000-2004       94              4435.67         1519.64         5955.31
2000-2004       95              3240.60         1022.53         4263.13
2000-2004       96              2311.90          689.17         3001.07
2000-2004       97              1601.39          463.18         2064.57
2000-2004       98              1082.66          290.89         1373.54
2000-2004       99               725.24          174.08          899.32
2000-2004      100               465.48          100.74          566.22
2000-2004      101               283.05           55.97          339.02
2000-2004      102               167.04           29.65          196.69
2000-2004      103                94.83           14.31          109.14
2000-2004      104                50.90            5.44           56.34
2000-2004      105                25.68            0.92           26.60
2000-2004      106                11.84            0.00           11.84
2000-2004      107                 4.37            0.00            4.37
2000-2004      108                 0.77            0.00            0.77
2000-2004      109                 0.00            0.00            0.00
2000-2004      110+                0.00            0.00            0.00
2005-2009        0            141621.20       150729.50       292350.70
2005-2009        1            137934.52       146603.12       284537.64
2005-2009        2            135232.02       143471.82       278703.84
2005-2009        3            133801.89       141422.78       275224.67
2005-2009        4            133423.85       140576.34       274000.19
2005-2009        5            133306.25       140363.29       273669.54
2005-2009        6            133486.72       140743.30       274230.02
2005-2009        7            134214.53       141585.16       275799.70
2005-2009        8            135429.68       142462.58       277892.27
2005-2009        9            136293.23       143160.67       279453.90
2005-2009       10            137568.53       144162.08       281730.61
2005-2009       11            139114.61       145741.57       284856.18
2005-2009       12            140219.57       147459.65       287679.21
2005-2009       13            141156.11       148883.69       290039.80
2005-2009       14            141929.15       149743.65       291672.81
2005-2009       15            141923.72       149493.25       291416.98
2005-2009       16            141272.27       148477.75       289750.02
2005-2009       17            140258.81       146771.01       287029.81
2005-2009       18            139927.29       145803.02       285730.31
2005-2009       19            141555.27       146333.04       287888.31
2005-2009       20            144314.41       147721.18       292035.59
2005-2009       21            146619.80       149757.32       296377.12
2005-2009       22            148599.31       152366.66       300965.97
2005-2009       23            149768.91       154989.89       304758.80
2005-2009       24            148831.52       155315.05       304146.57
2005-2009       25            146818.14       153498.00       300316.14
2005-2009       26            144363.96       149868.32       294232.28
2005-2009       27            141955.40       145860.35       287815.75
2005-2009       28            140231.51       142482.66       282714.16
2005-2009       29            139661.51       140183.65       279845.16
2005-2009       30            140121.44       139235.26       279356.70
2005-2009       31            141303.47       140104.77       281408.24
2005-2009       32            143895.00       142819.04       286714.04
2005-2009       33            147740.98       146453.54       294194.53
2005-2009       34            152286.14       150694.31       302980.45
2005-2009       35            155680.69       154014.66       309695.36
2005-2009       36            157579.28       155277.22       312856.50
2005-2009       37            157494.31       154722.02       312216.33
2005-2009       38            155341.33       152923.93       308265.26
2005-2009       39            152180.16       149773.80       301953.96
2005-2009       40            149827.65       147181.71       297009.36
2005-2009       41            149291.42       146409.81       295701.23
2005-2009       42            150230.40       147092.91       297323.32
2005-2009       43            152154.49       148479.18       300633.67
2005-2009       44            154026.74       150045.97       304072.71
2005-2009       45            154870.92       151045.47       305916.39
2005-2009       46            154123.63       150498.67       304622.30
2005-2009       47            152048.13       148601.94       300650.06
2005-2009       48            149106.72       145837.84       294944.56
2005-2009       49            145757.07       142915.18       288672.26
2005-2009       50            142497.80       139935.24       282433.04
2005-2009       51            139451.45       137190.10       276641.55
2005-2009       52            136470.55       134847.67       271318.22
2005-2009       53            133816.75       133125.17       266941.92
2005-2009       54            131212.73       131082.39       262295.12
2005-2009       55            128999.01       128993.91       257992.92
2005-2009       56            126907.33       127404.39       254311.72
2005-2009       57            124840.49       126152.29       250992.78
2005-2009       58            123503.36       125475.26       248978.62
2005-2009       59            121276.89       123768.09       245044.98
2005-2009       60            117025.26       120121.81       237147.07
2005-2009       61            112504.14       115988.95       228493.09
2005-2009       62            106801.52       110064.13       216865.65
2005-2009       63             99675.74       102521.14       202196.88
2005-2009       64             93443.76        95778.79       189222.55
2005-2009       65             88258.43        90216.02       178474.45
2005-2009       66             83274.16        84877.45       168151.61
2005-2009       67             78869.02        80410.19       159279.21
2005-2009       68             74715.25        76233.23       150948.48
2005-2009       69             70784.28        72034.27       142818.55
2005-2009       70             67097.81        67720.91       134818.71
2005-2009       71             63473.51        63276.04       126749.55
2005-2009       72             60347.69        59266.06       119613.75
2005-2009       73             57871.97        55726.50       113598.47
2005-2009       74             55934.02        52753.96       108687.98
2005-2009       75             54391.73        50270.77       104662.50
2005-2009       76             53219.70        48081.42       101301.12
2005-2009       77             52211.06        45805.26        98016.32
2005-2009       78             50825.17        43221.63        94046.80
2005-2009       79             48922.00        40450.18        89372.18
2005-2009       80             47429.33        37197.42        84626.75
2005-2009       81             45039.12        33773.98        78813.10
2005-2009       82             42477.41        30299.72        72777.13
2005-2009       83             39720.59        26914.79        66635.37
2005-2009       84             36581.52        23569.94        60151.46
2005-2009       85             32851.56        20178.66        53030.22
2005-2009       86             28976.25        16850.17        45826.43
2005-2009       87             25224.86        13861.55        39086.41
2005-2009       88             21494.02        11144.07        32638.08
2005-2009       89             18018.13         8770.16        26788.29
2005-2009       90             15177.21         6920.89        22098.10
2005-2009       91             12745.59         5456.04        18201.64
2005-2009       92             10347.84         4174.78        14522.62
2005-2009       93              8099.51         3058.03        11157.53
2005-2009       94              6139.29         2173.61         8312.90
2005-2009       95              4496.54         1487.97         5984.50
2005-2009       96              3240.51          970.10         4210.62
2005-2009       97              2279.58          618.28         2897.86
2005-2009       98              1562.15          388.03         1950.18
2005-2009       99              1033.49          237.49         1270.98
2005-2009      100               643.31          140.23          783.54
2005-2009      101               389.32           79.38          468.70
2005-2009      102               227.74           43.05          270.79
2005-2009      103               128.03           22.02          150.05
2005-2009      104                69.31           10.08           79.39
2005-2009      105                35.73            3.35           39.07
2005-2009      106                16.98            0.39           17.37
2005-2009      107                 6.86            0.00            6.86
2005-2009      108                 1.37            0.00            1.37
2005-2009      109                 0.00            0.00            0.00
2005-2009      110+                0.00            0.00            0.00
2010-2014        0            151878.53       160018.29       311896.82
2010-2014        1            151934.27       160018.32       311952.59
2010-2014        2            152722.94       160386.95       313109.89
2010-2014        3            152604.37       160766.33       313370.69
2010-2014        4            152456.91       161124.69       313581.60
2010-2014        5            152088.68       161456.19       313544.87
2010-2014        6            150829.76       160136.78       310966.54
2010-2014        7            148841.22       157541.66       306382.88
2010-2014        8            146478.71       154639.73       301118.45
2010-2014        9            144935.67       152660.68       297596.35
2010-2014       10            144038.56       151700.59       295739.14
2010-2014       11            143802.52       151527.58       295330.10
2010-2014       12            144310.11       151951.14       296261.24
2010-2014       13            145149.55       152490.66       297640.20
2010-2014       14            145634.59       152747.80       298382.39
2010-2014       15            146315.72       153204.16       299519.88
2010-2014       16            147547.70       154264.65       301812.35
2010-2014       17            148326.28       155259.41       303585.68
2010-2014       18            150368.31       157275.02       307643.33
2010-2014       19            154623.77       160009.54       314633.31
2010-2014       20            158947.02       162747.34       321694.35
2010-2014       21            162116.60       165292.21       327408.80
2010-2014       22            164060.95       167544.44       331605.39
2010-2014       23            165936.45       169624.51       335560.97
2010-2014       24            166127.46       170612.30       336739.76
2010-2014       25            165981.95       170060.25       336042.20
2010-2014       26            166417.45       169151.73       335569.17
2010-2014       27            166973.05       168751.62       335724.67
2010-2014       28            167117.54       168210.34       335327.88
2010-2014       29            166121.64       167041.98       333163.63
2010-2014       30            164532.20       164621.64       329153.84
2010-2014       31            161423.86       161080.45       322504.30
2010-2014       32            157642.95       156895.76       314538.70
2010-2014       33            155041.24       153474.73       308515.98
2010-2014       34            153507.09       150932.14       304439.23
2010-2014       35            153039.21       149964.60       303003.81
2010-2014       36            154198.56       151328.75       305527.31
2010-2014       37            156909.15       154258.87       311168.03
2010-2014       38            160879.26       158047.36       318926.62
2010-2014       39            165514.57       162517.28       328031.85
2010-2014       40            168980.06       165723.65       334703.71
2010-2014       41            170215.80       166415.39       336631.19
2010-2014       42            169218.50       164922.49       334140.99
2010-2014       43            166198.76       161706.50       327905.26
2010-2014       44            161771.72       157398.97       319170.68
2010-2014       45            158162.46       153659.73       311822.19
2010-2014       46            156695.74       152233.14       308928.88
2010-2014       47            156714.18       152137.51       308851.69
2010-2014       48            157721.76       153023.94       310745.70
2010-2014       49            158803.78       154393.02       313196.80
2010-2014       50            159252.84       155157.07       314409.91
2010-2014       51            158328.67       154047.76       312376.43
2010-2014       52            155875.18       151664.68       307539.86
2010-2014       53            152398.71       148446.68       300845.39
2010-2014       54            148246.16       144890.14       293136.31
2010-2014       55            144471.10       141510.03       285981.13
2010-2014       56            141014.08       137994.97       279009.05
2010-2014       57            137464.67       134708.12       272172.78
2010-2014       58            134154.16       131913.39       266067.55
2010-2014       59            131169.31       129254.39       260423.70
2010-2014       60            128553.19       126929.25       255482.43
2010-2014       61            126224.74       125301.64       251526.38
2010-2014       62            123836.03       123997.47       247833.50
2010-2014       63            122428.69       123301.58       245730.27
2010-2014       64            119966.92       121342.90       241309.82
2010-2014       65            115687.29       117274.81       232962.09
2010-2014       66            111007.30       112459.76       223467.06
2010-2014       67            105135.39       106133.57       211268.96
2010-2014       68             97780.66        98348.15       196128.81
2010-2014       69             91052.11        91307.51       182359.61
2010-2014       70             85341.94        85451.19       170793.13
2010-2014       71             79858.94        79752.33       159611.27
2010-2014       72             74978.97        74793.72       149772.69
2010-2014       73             70479.32        69948.81       140428.12
2010-2014       74             66370.83        65015.44       131386.27
2010-2014       75             62710.89        60117.49       122828.39
2010-2014       76             59104.11        55177.02       114281.13
2010-2014       77             55818.69        50753.09       106571.77
2010-2014       78             52822.35        46800.04        99622.39
2010-2014       79             50348.55        43413.38        93761.92
2010-2014       80             48370.59        40546.53        88917.12
2010-2014       81             46468.01        37790.27        84258.28
2010-2014       82             44540.57        34905.95        79446.52
2010-2014       83             42502.47        31876.59        74379.06
2010-2014       84             40062.61        28650.75        68713.36
2010-2014       85             37109.38        25252.20        62361.58
2010-2014       86             33868.80        21853.82        55722.62
2010-2014       87             30465.10        18663.59        49128.70
2010-2014       88             27020.98        15573.42        42594.40
2010-2014       89             23519.40        12711.84        36231.23
2010-2014       90             19812.06        10051.03        29863.09
2010-2014       91             16202.62         7695.14        23897.76
2010-2014       92             12931.39         5761.52        18692.91
2010-2014       93             10043.74         4188.26        14232.00
2010-2014       94              7654.37         2958.02        10612.40
2010-2014       95              5783.00         2055.95         7838.95
2010-2014       96              4293.04         1393.26         5686.30
2010-2014       97              3050.91          896.16         3947.06
2010-2014       98              2103.06          547.23         2650.29
2010-2014       99              1403.15          325.22         1728.37
2010-2014      100               878.14          186.61         1064.75
2010-2014      101               526.90          100.56          627.46
2010-2014      102               301.19           51.40          352.60
2010-2014      103               166.13           24.84          190.97
2010-2014      104                87.96           10.75           98.71
2010-2014      105                43.74            3.39           47.13
2010-2014      106                20.36            0.28           20.64
2010-2014      107                 8.42            0.00            8.42
2010-2014      108                 2.46            0.00            2.46
2010-2014      109                 0.13            0.00            0.13
2010-2014      110+                0.00            0.00            0.00
2015-2016        0             60922.97        63628.68       124551.65
2015-2016        1             61101.14        63924.08       125025.23
2015-2016        2             61665.80        65024.15       126689.96
2015-2016        3             62702.35        65974.19       128676.54
2015-2016        4             63208.13        66164.84       129372.97
2015-2016        5             64035.05        66626.35       130661.39
2015-2016        6             64691.56        67507.92       132199.47
2015-2016        7             64406.87        67935.63       132342.51
2015-2016        8             64107.39        68111.52       132218.91
2015-2016        9             63390.01        67490.22       130880.22
2015-2016       10             61985.96        65442.50       127428.46
2015-2016       11             60083.32        63251.83       123335.15
2015-2016       12             58943.47        62058.99       121002.45
2015-2016       13             58290.75        61400.11       119690.86
2015-2016       14             58832.07        62130.05       120962.13
2015-2016       15             59726.18        62991.32       122717.49
2015-2016       16             59539.72        62590.25       122129.97
2015-2016       17             59218.06        61912.75       121130.81
2015-2016       18             60140.02        62128.62       122268.64
2015-2016       19             62026.71        63309.69       125336.40
2015-2016       20             64411.64        66042.72       130454.35
2015-2016       21             66628.67        68142.20       134770.87
2015-2016       22             67234.68        69315.22       136549.90
2015-2016       23             68791.49        70193.00       138984.49
2015-2016       24             70016.45        70694.70       140711.15
2015-2016       25             70540.01        71208.17       141748.18
2015-2016       26             70668.32        70684.46       141352.78
2015-2016       27             69537.37        68908.88       138446.25
2015-2016       28             68990.39        68114.44       137104.82
2015-2016       29             69176.40        67844.91       137021.30
2015-2016       30             69956.29        68084.56       138040.85
2015-2016       31             69895.68        67791.09       137686.77
2015-2016       32             69482.50        67632.95       137115.44
2015-2016       33             68763.59        67316.52       136080.10
2015-2016       34             66785.31        65888.62       132673.93
2015-2016       35             65473.80        64229.22       129703.02
2015-2016       36             63791.87        62226.70       126018.57
2015-2016       37             62636.31        60550.83       123187.14
2015-2016       38             62571.59        60185.43       122757.02
2015-2016       39             62923.34        60996.38       123919.72
2015-2016       40             63828.38        62072.02       125900.39
2015-2016       41             64899.15        63421.79       128320.94
2015-2016       42             67109.11        65727.01       132836.13
2015-2016       43             69490.44        67283.61       136774.05
2015-2016       44             71432.05        68517.38       139949.42
2015-2016       45             71360.07        68164.73       139524.80
2015-2016       46             68304.08        65192.15       133496.23
2015-2016       47             66088.74        63007.56       129096.30
2015-2016       48             64327.71        61343.80       125671.51
2015-2016       49             63363.22        60266.02       123629.24
2015-2016       50             62559.98        59777.75       122337.73
2015-2016       51             62841.87        60575.78       123417.65
2015-2016       52             64492.40        62181.68       126674.08
2015-2016       53             65018.53        62427.53       127446.06
2015-2016       54             64773.47        62160.02       126933.49
2015-2016       55             63414.92        61223.51       124638.42
2015-2016       56             61370.88        59360.93       120731.80
2015-2016       57             59916.79        57665.55       117582.34
2015-2016       58             58448.94        56133.69       114582.63
2015-2016       59             56578.60        54722.32       111300.92
2015-2016       60             55320.26        53320.25       108640.50
2015-2016       61             53860.94        51542.81       105403.75
2015-2016       62             52830.91        50394.89       103225.80
2015-2016       63             51768.62        50218.20       101986.82
2015-2016       64             50665.01        49910.66       100575.68
2015-2016       65             50030.34        49149.00        99179.34
2015-2016       66             49010.69        48109.55        97120.24
2015-2016       67             47607.09        47568.88        95175.97
2015-2016       68             47457.44        47585.86        95043.30
2015-2016       69             46072.52        46274.44        92346.96
2015-2016       70             41157.28        41328.44        82485.72
2015-2016       71             38818.92        38416.67        77235.59
2015-2016       72             35946.05        35251.73        71197.78
2015-2016       73             33032.54        32177.71        65210.25
2015-2016       74             31419.16        30532.14        61951.30
2015-2016       75             29254.84        28277.31        57532.15
2015-2016       76             27474.24        26154.30        53628.54
2015-2016       77             25625.20        23923.98        49549.18
2015-2016       78             23782.77        21866.73        45649.50
2015-2016       79             22415.86        20097.02        42512.88
2015-2016       80             20752.46        18222.04        38974.50
2015-2016       81             19266.24        16165.15        35431.39
2015-2016       82             17866.52        14606.47        32472.99
2015-2016       83             16848.29        13277.22        30125.51
2015-2016       84             15960.79        12359.02        28319.81
2015-2016       85             15366.39        11277.45        26643.84
2015-2016       86             14169.77         9953.16        24122.93
2015-2016       87             12985.27         8479.98        21465.26
2015-2016       88             11775.40         7295.79        19071.19
2015-2016       89             10398.03         6178.09        16576.12
2015-2016       90              9066.26         5076.55        14142.81
2015-2016       91              7563.08         4007.27        11570.35
2015-2016       92              6199.24         3069.06         9268.30
2015-2016       93              5079.66         2309.76         7389.41
2015-2016       94              4028.12         1689.26         5717.37
2015-2016       95              2947.91         1133.73         4081.64
2015-2016       96              2024.92          715.49         2740.40
2015-2016       97              1416.84          465.88         1882.72
2015-2016       98               993.47          301.78         1295.25
2015-2016       99               671.23          184.02          855.26
2015-2016      100               438.09          108.32          546.41
2015-2016      101               268.10           61.03          329.14
2015-2016      102               154.75           32.39          187.13
2015-2016      103                85.17           15.35          100.52
2015-2016      104                44.41            6.35           50.77
2015-2016      105                21.92            2.29           24.21
2015-2016      106                 9.60            0.51           10.12
2015-2016      107                 3.44            0.00            3.44
2015-2016      108                 1.12            0.00            1.12
2015-2016      109                 0.10            0.00            0.10
2015-2016      110+                0.00            0.00            0.00
