QLD, Life tables (period 1x10), Females	Last modified: 23 May 2023;  Methods Protocol: v6 (2017)

  Year          Age         mx       qx    ax      lx      dx      Lx       Tx     ex
1971-1979        0      0.01362  0.01346  0.12  100000    1346   98817  7618838  76.19
1971-1979        1      0.00134  0.00133  0.50   98654     132   98588  7520021  76.23
1971-1979        2      0.00076  0.00076  0.50   98522      75   98485  7421433  75.33
1971-1979        3      0.00059  0.00059  0.50   98447      58   98418  7322948  74.38
1971-1979        4      0.00042  0.00042  0.50   98389      41   98368  7224530  73.43
1971-1979        5      0.00036  0.00036  0.50   98348      36   98330  7126162  72.46
1971-1979        6      0.00038  0.00038  0.50   98312      37   98293  7027832  71.49
1971-1979        7      0.00025  0.00025  0.50   98275      25   98262  6929539  70.51
1971-1979        8      0.00030  0.00030  0.50   98250      30   98235  6831277  69.53
1971-1979        9      0.00030  0.00030  0.50   98220      30   98205  6733042  68.55
1971-1979       10      0.00025  0.00025  0.50   98190      25   98178  6634836  67.57
1971-1979       11      0.00030  0.00030  0.50   98166      30   98151  6536658  66.59
1971-1979       12      0.00021  0.00021  0.50   98136      21   98126  6438507  65.61
1971-1979       13      0.00019  0.00019  0.50   98115      19   98106  6340382  64.62
1971-1979       14      0.00031  0.00031  0.50   98097      30   98081  6242276  63.63
1971-1979       15      0.00048  0.00048  0.50   98066      47   98043  6144194  62.65
1971-1979       16      0.00053  0.00053  0.50   98020      52   97994  6046151  61.68
1971-1979       17      0.00071  0.00071  0.50   97967      70   97933  5948158  60.72
1971-1979       18      0.00082  0.00082  0.50   97898      81   97858  5850225  59.76
1971-1979       19      0.00060  0.00060  0.50   97817      59   97788  5752368  58.81
1971-1979       20      0.00069  0.00069  0.50   97758      67   97725  5654580  57.84
1971-1979       21      0.00070  0.00070  0.50   97691      68   97657  5556855  56.88
1971-1979       22      0.00050  0.00050  0.50   97623      49   97599  5459198  55.92
1971-1979       23      0.00050  0.00049  0.50   97574      48   97550  5361600  54.95
1971-1979       24      0.00075  0.00075  0.50   97526      73   97489  5264050  53.98
1971-1979       25      0.00053  0.00053  0.50   97453      52   97427  5166560  53.02
1971-1979       26      0.00061  0.00061  0.50   97402      60   97372  5069133  52.04
1971-1979       27      0.00057  0.00057  0.50   97342      56   97314  4971761  51.08
1971-1979       28      0.00057  0.00057  0.50   97286      56   97258  4874447  50.10
1971-1979       29      0.00060  0.00060  0.50   97231      58   97202  4777188  49.13
1971-1979       30      0.00076  0.00076  0.50   97172      74   97136  4679987  48.16
1971-1979       31      0.00075  0.00075  0.50   97099      72   97063  4582851  47.20
1971-1979       32      0.00091  0.00091  0.50   97026      88   96982  4485789  46.23
1971-1979       33      0.00080  0.00080  0.50   96938      77   96899  4388806  45.27
1971-1979       34      0.00089  0.00089  0.50   96861      87   96817  4291907  44.31
1971-1979       35      0.00103  0.00103  0.50   96774     100   96724  4195089  43.35
1971-1979       36      0.00113  0.00113  0.50   96674     109   96620  4098365  42.39
1971-1979       37      0.00139  0.00139  0.50   96565     134   96499  4001745  41.44
1971-1979       38      0.00154  0.00154  0.50   96432     148   96358  3905247  40.50
1971-1979       39      0.00157  0.00157  0.50   96283     151   96208  3808889  39.56
1971-1979       40      0.00164  0.00164  0.50   96132     157   96053  3712681  38.62
1971-1979       41      0.00190  0.00190  0.50   95975     182   95884  3616628  37.68
1971-1979       42      0.00236  0.00235  0.50   95793     225   95680  3520744  36.75
1971-1979       43      0.00245  0.00245  0.50   95567     234   95450  3425064  35.84
1971-1979       44      0.00250  0.00249  0.50   95333     238   95214  3329614  34.93
1971-1979       45      0.00307  0.00307  0.50   95095     292   94949  3234400  34.01
1971-1979       46      0.00303  0.00302  0.50   94804     287   94660  3139451  33.12
1971-1979       47      0.00398  0.00398  0.50   94517     376   94329  3044791  32.21
1971-1979       48      0.00425  0.00424  0.50   94141     400   93941  2950462  31.34
1971-1979       49      0.00422  0.00421  0.50   93741     394   93544  2856520  30.47
1971-1979       50      0.00450  0.00449  0.50   93347     419   93138  2762976  29.60
1971-1979       51      0.00472  0.00471  0.50   92928     438   92709  2669838  28.73
1971-1979       52      0.00513  0.00512  0.50   92490     473   92254  2577129  27.86
1971-1979       53      0.00575  0.00573  0.50   92017     528   91753  2484876  27.00
1971-1979       54      0.00623  0.00621  0.50   91490     568   91205  2393122  26.16
1971-1979       55      0.00654  0.00652  0.50   90921     592   90625  2301917  25.32
1971-1979       56      0.00728  0.00726  0.50   90329     655   90001  2211292  24.48
1971-1979       57      0.00769  0.00766  0.50   89673     687   89330  2121291  23.66
1971-1979       58      0.00812  0.00809  0.50   88986     720   88626  2031961  22.83
1971-1979       59      0.00910  0.00905  0.50   88267     799   87867  1943335  22.02
1971-1979       60      0.01020  0.01015  0.50   87467     888   87023  1855468  21.21
1971-1979       61      0.01004  0.00999  0.50   86579     865   86147  1768444  20.43
1971-1979       62      0.01211  0.01204  0.50   85714    1032   85198  1682297  19.63
1971-1979       63      0.01234  0.01226  0.50   84683    1038   84163  1597099  18.86
1971-1979       64      0.01368  0.01359  0.50   83644    1137   83076  1512936  18.09
1971-1979       65      0.01371  0.01361  0.50   82507    1123   81946  1429860  17.33
1971-1979       66      0.01527  0.01516  0.50   81384    1234   80767  1347914  16.56
1971-1979       67      0.01737  0.01722  0.50   80151    1380   79460  1267147  15.81
1971-1979       68      0.01943  0.01924  0.50   78770    1515   78012  1187686  15.08
1971-1979       69      0.02165  0.02142  0.50   77255    1655   76427  1109674  14.36
1971-1979       70      0.02290  0.02264  0.50   75600    1712   74744  1033247  13.67
1971-1979       71      0.02488  0.02457  0.50   73888    1815   72981   958502  12.97
1971-1979       72      0.02886  0.02845  0.50   72073    2050   71048   885522  12.29
1971-1979       73      0.03111  0.03063  0.50   70023    2145   68950   814474  11.63
1971-1979       74      0.03681  0.03614  0.50   67878    2453   66651   745524  10.98
1971-1979       75      0.04255  0.04166  0.50   65424    2726   64062   678873  10.38
1971-1979       76      0.04573  0.04471  0.50   62699    2803   61297   614811   9.81
1971-1979       77      0.04869  0.04753  0.50   59896    2847   58472   553514   9.24
1971-1979       78      0.05586  0.05434  0.50   57049    3100   55499   495042   8.68
1971-1979       79      0.06343  0.06148  0.50   53948    3317   52290   439543   8.15
1971-1979       80      0.07172  0.06924  0.50   50632    3506   48879   387253   7.65
1971-1979       81      0.07724  0.07437  0.50   47126    3505   45374   338374   7.18
1971-1979       82      0.08937  0.08555  0.50   43621    3732   41756   293001   6.72
1971-1979       83      0.10097  0.09612  0.50   39890    3834   37973   251245   6.30
1971-1979       84      0.11230  0.10633  0.50   36056    3834   34139   213272   5.92
1971-1979       85      0.12151  0.11455  0.50   32222    3691   30376   179134   5.56
1971-1979       86      0.13612  0.12745  0.50   28531    3636   26713   148757   5.21
1971-1979       87      0.14713  0.13704  0.50   24895    3412   23189   122045   4.90
1971-1979       88      0.15557  0.14434  0.50   21483    3101   19933    98856   4.60
1971-1979       89      0.18401  0.16851  0.50   18382    3098   16833    78923   4.29
1971-1979       90      0.17873  0.16407  0.50   15285    2508   14031    62090   4.06
1971-1979       91      0.20876  0.18903  0.50   12777    2415   11569    48059   3.76
1971-1979       92      0.22106  0.19906  0.50   10362    2063    9330    36490   3.52
1971-1979       93      0.25831  0.22876  0.50    8299    1898    7350    27160   3.27
1971-1979       94      0.26399  0.23320  0.50    6401    1493    5654    19810   3.10
1971-1979       95      0.29574  0.25764  0.50    4908    1264    4276    14156   2.88
1971-1979       96      0.31962  0.27558  0.50    3643    1004    3141     9880   2.71
1971-1979       97      0.34449  0.29387  0.50    2639     776    2252     6739   2.55
1971-1979       98      0.37025  0.31241  0.50    1864     582    1573     4487   2.41
1971-1979       99      0.39676  0.33108  0.50    1281     424    1069     2914   2.27
1971-1979      100      0.42389  0.34976  0.50     857     300     707     1845   2.15
1971-1979      101      0.45149  0.36834  0.50     557     205     455     1138   2.04
1971-1979      102      0.47939  0.38670  0.50     352     136     284      683   1.94
1971-1979      103      0.50742  0.40473  0.50     216      87     172      399   1.85
1971-1979      104      0.53540  0.42234  0.50     129      54     101      227   1.76
1971-1979      105      0.56316  0.43943  0.50      74      33      58      125   1.69
1971-1979      106      0.59054  0.45592  0.50      42      19      32       68   1.62
1971-1979      107      0.61736  0.47174  0.50      23      11      17       35   1.56
1971-1979      108      0.64348  0.48685  0.50      12       6       9       18   1.51
1971-1979      109      0.66878  0.50119  0.50       6       3       5        9   1.47
1971-1979      110+     0.69314  1.00000  1.44       3       3       4        4   1.44
1980-1989        0      0.00859  0.00852  0.13  100000     852   99260  7919324  79.19
1980-1989        1      0.00091  0.00091  0.50   99148      90   99102  7820064  78.87
1980-1989        2      0.00051  0.00051  0.50   99057      51   99032  7720962  77.94
1980-1989        3      0.00036  0.00036  0.50   99006      35   98989  7621930  76.98
1980-1989        4      0.00024  0.00024  0.50   98971      24   98959  7522941  76.01
1980-1989        5      0.00023  0.00023  0.50   98947      23   98936  7423982  75.03
1980-1989        6      0.00011  0.00011  0.50   98925      11   98919  7325046  74.05
1980-1989        7      0.00023  0.00023  0.50   98914      23   98903  7226127  73.05
1980-1989        8      0.00016  0.00016  0.50   98891      16   98883  7127224  72.07
1980-1989        9      0.00021  0.00021  0.50   98875      21   98865  7028341  71.08
1980-1989       10      0.00019  0.00019  0.50   98854      19   98845  6929476  70.10
1980-1989       11      0.00016  0.00016  0.50   98835      16   98827  6830631  69.11
1980-1989       12      0.00012  0.00012  0.50   98820      12   98814  6731804  68.12
1980-1989       13      0.00024  0.00024  0.50   98808      24   98795  6632990  67.13
1980-1989       14      0.00028  0.00028  0.50   98783      28   98769  6534195  66.15
1980-1989       15      0.00028  0.00028  0.50   98755      28   98742  6435425  65.17
1980-1989       16      0.00032  0.00032  0.50   98728      31   98712  6336684  64.18
1980-1989       17      0.00047  0.00047  0.50   98697      47   98673  6237972  63.20
1980-1989       18      0.00050  0.00050  0.50   98650      49   98625  6139298  62.23
1980-1989       19      0.00043  0.00043  0.50   98601      42   98580  6040673  61.26
1980-1989       20      0.00057  0.00057  0.50   98559      56   98531  5942093  60.29
1980-1989       21      0.00055  0.00055  0.50   98502      55   98475  5843563  59.32
1980-1989       22      0.00051  0.00051  0.50   98448      51   98423  5745087  58.36
1980-1989       23      0.00046  0.00046  0.50   98397      46   98374  5646665  57.39
1980-1989       24      0.00056  0.00056  0.50   98352      55   98324  5548291  56.41
1980-1989       25      0.00052  0.00052  0.50   98296      51   98271  5449967  55.44
1980-1989       26      0.00051  0.00051  0.50   98245      50   98220  5351696  54.47
1980-1989       27      0.00052  0.00052  0.50   98195      51   98169  5253476  53.50
1980-1989       28      0.00053  0.00053  0.50   98144      52   98118  5155307  52.53
1980-1989       29      0.00054  0.00054  0.50   98091      53   98065  5057189  51.56
1980-1989       30      0.00054  0.00054  0.50   98038      53   98012  4959124  50.58
1980-1989       31      0.00063  0.00063  0.50   97986      61   97955  4861112  49.61
1980-1989       32      0.00058  0.00058  0.50   97924      56   97896  4763157  48.64
1980-1989       33      0.00066  0.00066  0.50   97868      64   97836  4665261  47.67
1980-1989       34      0.00062  0.00062  0.50   97804      61   97773  4567425  46.70
1980-1989       35      0.00068  0.00068  0.50   97743      66   97710  4469652  45.73
1980-1989       36      0.00081  0.00081  0.50   97677      79   97638  4371942  44.76
1980-1989       37      0.00073  0.00073  0.50   97598      71   97562  4274304  43.79
1980-1989       38      0.00093  0.00093  0.50   97527      91   97481  4176742  42.83
1980-1989       39      0.00104  0.00104  0.50   97436     102   97385  4079260  41.87
1980-1989       40      0.00096  0.00095  0.50   97334      93   97288  3981875  40.91
1980-1989       41      0.00114  0.00114  0.50   97241     111   97186  3884588  39.95
1980-1989       42      0.00131  0.00131  0.50   97131     127   97067  3787402  38.99
1980-1989       43      0.00146  0.00146  0.50   97003     142   96932  3690335  38.04
1980-1989       44      0.00189  0.00189  0.50   96862     183   96770  3593403  37.10
1980-1989       45      0.00191  0.00191  0.50   96678     185   96586  3496633  36.17
1980-1989       46      0.00207  0.00206  0.50   96494     199   96394  3400047  35.24
1980-1989       47      0.00235  0.00235  0.50   96295     226   96182  3303653  34.31
1980-1989       48      0.00245  0.00244  0.50   96069     235   95951  3207471  33.39
1980-1989       49      0.00286  0.00285  0.50   95834     273   95697  3111520  32.47
1980-1989       50      0.00343  0.00343  0.50   95561     327   95397  3015822  31.56
1980-1989       51      0.00340  0.00340  0.50   95233     323   95071  2920425  30.67
1980-1989       52      0.00393  0.00393  0.50   94910     373   94724  2825354  29.77
1980-1989       53      0.00428  0.00427  0.50   94537     404   94335  2730630  28.88
1980-1989       54      0.00435  0.00434  0.50   94133     409   93929  2636295  28.01
1980-1989       55      0.00470  0.00469  0.50   93725     440   93505  2542366  27.13
1980-1989       56      0.00527  0.00525  0.50   93285     490   93040  2448861  26.25
1980-1989       57      0.00598  0.00597  0.50   92795     554   92518  2355821  25.39
1980-1989       58      0.00634  0.00632  0.50   92241     583   91950  2263303  24.54
1980-1989       59      0.00701  0.00699  0.50   91659     640   91338  2171353  23.69
1980-1989       60      0.00757  0.00754  0.50   91018     687   90675  2080015  22.85
1980-1989       61      0.00788  0.00785  0.50   90332     709   89977  1989340  22.02
1980-1989       62      0.00885  0.00881  0.50   89622     790   89228  1899363  21.19
1980-1989       63      0.00953  0.00948  0.50   88833     842   88412  1810135  20.38
1980-1989       64      0.01046  0.01040  0.50   87990     915   87533  1721724  19.57
1980-1989       65      0.01178  0.01171  0.50   87075    1020   86565  1634191  18.77
1980-1989       66      0.01307  0.01299  0.50   86055    1118   85496  1547626  17.98
1980-1989       67      0.01353  0.01344  0.50   84937    1141   84367  1462130  17.21
1980-1989       68      0.01518  0.01507  0.50   83796    1263   83165  1377763  16.44
1980-1989       69      0.01739  0.01724  0.50   82533    1423   81822  1294598  15.69
1980-1989       70      0.01939  0.01920  0.50   81110    1558   80332  1212776  14.95
1980-1989       71      0.02194  0.02170  0.50   79553    1726   78690  1132445  14.24
1980-1989       72      0.02505  0.02474  0.50   77827    1926   76864  1053755  13.54
1980-1989       73      0.02575  0.02542  0.50   75901    1930   74936   976891  12.87
1980-1989       74      0.02802  0.02763  0.50   73971    2044   72949   901955  12.19
1980-1989       75      0.03341  0.03286  0.50   71927    2363   70745   829006  11.53
1980-1989       76      0.03612  0.03547  0.50   69564    2468   68330   758261  10.90
1980-1989       77      0.03849  0.03777  0.50   67096    2534   65829   689931  10.28
1980-1989       78      0.04447  0.04350  0.50   64562    2809   63158   624102   9.67
1980-1989       79      0.04884  0.04768  0.50   61753    2944   60281   560944   9.08
1980-1989       80      0.05642  0.05487  0.50   58809    3227   57196   500663   8.51
1980-1989       81      0.06280  0.06089  0.50   55582    3384   53890   443467   7.98
1980-1989       82      0.07260  0.07006  0.50   52198    3657   50370   389577   7.46
1980-1989       83      0.08138  0.07819  0.50   48541    3796   46643   339207   6.99
1980-1989       84      0.09168  0.08766  0.50   44745    3922   42784   292564   6.54
1980-1989       85      0.10312  0.09806  0.50   40823    4003   38822   249779   6.12
1980-1989       86      0.11434  0.10815  0.50   36820    3982   34829   210958   5.73
1980-1989       87      0.12340  0.11623  0.50   32838    3817   30929   176129   5.36
1980-1989       88      0.14153  0.13218  0.50   29021    3836   27103   145200   5.00
1980-1989       89      0.15233  0.14155  0.50   25185    3565   23403   118097   4.69
1980-1989       90      0.16030  0.14841  0.50   21620    3209   20016    94694   4.38
1980-1989       91      0.18044  0.16550  0.50   18412    3047   16888    74678   4.06
1980-1989       92      0.20659  0.18725  0.50   15364    2877   13926    57790   3.76
1980-1989       93      0.22383  0.20130  0.50   12487    2514   11231    43865   3.51
1980-1989       94      0.24857  0.22109  0.50    9974    2205    8871    32634   3.27
1980-1989       95      0.27111  0.23874  0.50    7769    1855    6841    23763   3.06
1980-1989       96      0.29555  0.25750  0.50    5914    1523    5152    16922   2.86
1980-1989       97      0.32122  0.27677  0.50    4391    1215    3783    11769   2.68
1980-1989       98      0.34802  0.29644  0.50    3176     941    2705     7986   2.51
1980-1989       99      0.37582  0.31637  0.50    2234     707    1881     5281   2.36
1980-1989      100      0.40446  0.33643  0.50    1527     514    1271     3400   2.23
1980-1989      101      0.43377  0.35646  0.50    1014     361     833     2129   2.10
1980-1989      102      0.46355  0.37633  0.50     652     245     530     1296   1.99
1980-1989      103      0.49359  0.39589  0.50     407     161     326      767   1.89
1980-1989      104      0.52368  0.41501  0.50     246     102     195      441   1.79
1980-1989      105      0.55359  0.43358  0.50     144      62     113      246   1.71
1980-1989      106      0.58312  0.45149  0.50      81      37      63      133   1.64
1980-1989      107      0.61207  0.46865  0.50      45      21      34       70   1.57
1980-1989      108      0.64025  0.48499  0.50      24      12      18       36   1.51
1980-1989      109      0.66749  0.50047  0.50      12       6       9       18   1.47
1980-1989      110+     0.69366  1.00000  1.44       6       6       9        9   1.44
1990-1999        0      0.00578  0.00576  0.14  100000     576   99503  8116229  81.16
1990-1999        1      0.00064  0.00064  0.50   99424      63   99393  8016726  80.63
1990-1999        2      0.00026  0.00026  0.50   99361      26   99348  7917333  79.68
1990-1999        3      0.00021  0.00021  0.50   99335      21   99325  7817985  78.70
1990-1999        4      0.00021  0.00021  0.50   99314      21   99304  7718660  77.72
1990-1999        5      0.00018  0.00018  0.50   99293      18   99284  7619357  76.74
1990-1999        6      0.00015  0.00015  0.50   99276      15   99268  7520072  75.75
1990-1999        7      0.00014  0.00014  0.50   99261      14   99254  7420804  74.76
1990-1999        8      0.00018  0.00018  0.50   99247      18   99238  7321551  73.77
1990-1999        9      0.00015  0.00015  0.50   99229      15   99221  7222313  72.78
1990-1999       10      0.00017  0.00017  0.50   99214      17   99205  7123092  71.80
1990-1999       11      0.00017  0.00017  0.50   99197      17   99188  7023886  70.81
1990-1999       12      0.00013  0.00013  0.50   99180      13   99173  6924698  69.82
1990-1999       13      0.00013  0.00013  0.50   99167      13   99160  6825525  68.83
1990-1999       14      0.00025  0.00025  0.50   99154      25   99141  6726364  67.84
1990-1999       15      0.00021  0.00021  0.50   99129      21   99118  6627223  66.85
1990-1999       16      0.00030  0.00030  0.50   99108      30   99093  6528105  65.87
1990-1999       17      0.00042  0.00042  0.50   99078      42   99057  6429012  64.89
1990-1999       18      0.00051  0.00051  0.50   99036      51   99011  6329955  63.92
1990-1999       19      0.00058  0.00058  0.50   98986      58   98957  6230944  62.95
1990-1999       20      0.00044  0.00044  0.50   98928      44   98906  6131987  61.98
1990-1999       21      0.00039  0.00039  0.50   98884      39   98865  6033081  61.01
1990-1999       22      0.00039  0.00039  0.50   98846      39   98826  5934216  60.04
1990-1999       23      0.00042  0.00042  0.50   98807      42   98786  5835390  59.06
1990-1999       24      0.00044  0.00044  0.50   98765      44   98743  5736604  58.08
1990-1999       25      0.00044  0.00044  0.50   98721      43   98699  5637861  57.11
1990-1999       26      0.00045  0.00045  0.50   98678      45   98655  5539162  56.13
1990-1999       27      0.00054  0.00054  0.50   98633      53   98607  5440507  55.16
1990-1999       28      0.00049  0.00049  0.50   98580      48   98556  5341900  54.19
1990-1999       29      0.00047  0.00047  0.50   98532      47   98509  5243344  53.21
1990-1999       30      0.00051  0.00051  0.50   98485      50   98460  5144836  52.24
1990-1999       31      0.00051  0.00051  0.50   98435      51   98409  5046376  51.27
1990-1999       32      0.00055  0.00055  0.50   98384      54   98357  4947966  50.29
1990-1999       33      0.00052  0.00052  0.50   98330      51   98305  4849609  49.32
1990-1999       34      0.00062  0.00062  0.50   98279      61   98249  4751304  48.34
1990-1999       35      0.00074  0.00074  0.50   98219      72   98183  4653055  47.37
1990-1999       36      0.00078  0.00078  0.50   98146      77   98108  4554872  46.41
1990-1999       37      0.00074  0.00074  0.50   98069      73   98033  4456764  45.44
1990-1999       38      0.00081  0.00081  0.50   97997      79   97957  4358731  44.48
1990-1999       39      0.00089  0.00089  0.50   97917      87   97874  4260774  43.51
1990-1999       40      0.00086  0.00086  0.50   97831      84   97788  4162900  42.55
1990-1999       41      0.00106  0.00106  0.50   97746     104   97695  4065112  41.59
1990-1999       42      0.00102  0.00102  0.50   97643      99   97593  3967417  40.63
1990-1999       43      0.00122  0.00122  0.50   97544     119   97484  3869824  39.67
1990-1999       44      0.00138  0.00138  0.50   97425     135   97357  3772340  38.72
1990-1999       45      0.00137  0.00137  0.50   97290     133   97223  3674983  37.77
1990-1999       46      0.00152  0.00152  0.50   97157     148   97083  3577759  36.82
1990-1999       47      0.00160  0.00160  0.50   97009     155   96932  3480676  35.88
1990-1999       48      0.00189  0.00189  0.50   96854     183   96763  3383745  34.94
1990-1999       49      0.00223  0.00223  0.50   96671     216   96563  3286982  34.00
1990-1999       50      0.00239  0.00239  0.50   96456     230   96340  3190419  33.08
1990-1999       51      0.00259  0.00258  0.50   96225     249   96101  3094078  32.15
1990-1999       52      0.00285  0.00285  0.50   95977     273   95840  2997978  31.24
1990-1999       53      0.00308  0.00307  0.50   95703     294   95556  2902138  30.32
1990-1999       54      0.00319  0.00318  0.50   95409     304   95257  2806581  29.42
1990-1999       55      0.00371  0.00370  0.50   95106     352   94929  2711324  28.51
1990-1999       56      0.00402  0.00401  0.50   94753     380   94563  2616395  27.61
1990-1999       57      0.00485  0.00484  0.50   94374     457   94145  2521831  26.72
1990-1999       58      0.00468  0.00467  0.50   93916     439   93697  2427686  25.85
1990-1999       59      0.00545  0.00544  0.50   93478     508   93224  2333989  24.97
1990-1999       60      0.00614  0.00612  0.50   92969     569   92685  2240765  24.10
1990-1999       61      0.00680  0.00677  0.50   92401     626   92088  2148080  23.25
1990-1999       62      0.00720  0.00718  0.50   91775     659   91445  2055993  22.40
1990-1999       63      0.00780  0.00777  0.50   91116     708   90762  1964547  21.56
1990-1999       64      0.00865  0.00861  0.50   90408     778   90018  1873786  20.73
1990-1999       65      0.00973  0.00968  0.50   89629     868   89195  1783767  19.90
1990-1999       66      0.01043  0.01037  0.50   88761     921   88301  1694572  19.09
1990-1999       67      0.01175  0.01168  0.50   87841    1026   87327  1606271  18.29
1990-1999       68      0.01266  0.01258  0.50   86814    1092   86268  1518944  17.50
1990-1999       69      0.01412  0.01402  0.50   85723    1202   85122  1432675  16.71
1990-1999       70      0.01589  0.01577  0.50   84521    1333   83855  1347554  15.94
1990-1999       71      0.01691  0.01676  0.50   83188    1395   82491  1263699  15.19
1990-1999       72      0.01959  0.01940  0.50   81794    1587   81000  1181208  14.44
1990-1999       73      0.02167  0.02144  0.50   80206    1720   79347  1100208  13.72
1990-1999       74      0.02494  0.02464  0.50   78487    1934   77520  1020862  13.01
1990-1999       75      0.02716  0.02679  0.50   76553    2051   75527   943342  12.32
1990-1999       76      0.03021  0.02976  0.50   74502    2217   73393   867814  11.65
1990-1999       77      0.03431  0.03373  0.50   72285    2438   71066   794421  10.99
1990-1999       78      0.03719  0.03652  0.50   69847    2550   68571   723355  10.36
1990-1999       79      0.04358  0.04265  0.50   67296    2870   65861   654784   9.73
1990-1999       80      0.04784  0.04672  0.50   64426    3010   62921   588923   9.14
1990-1999       81      0.05241  0.05107  0.50   61416    3136   59848   526003   8.56
1990-1999       82      0.06010  0.05835  0.50   58279    3400   56579   466155   8.00
1990-1999       83      0.06933  0.06701  0.50   54879    3678   53040   409576   7.46
1990-1999       84      0.07867  0.07569  0.50   51201    3875   49264   356536   6.96
1990-1999       85      0.08668  0.08308  0.50   47326    3932   45360   307272   6.49
1990-1999       86      0.09634  0.09191  0.50   43394    3989   41400   261912   6.04
1990-1999       87      0.10894  0.10331  0.50   39406    4071   37370   220512   5.60
1990-1999       88      0.12585  0.11840  0.50   35335    4184   33243   183141   5.18
1990-1999       89      0.14216  0.13272  0.50   31151    4134   29084   149899   4.81
1990-1999       90      0.15906  0.14734  0.50   27017    3981   25026   120815   4.47
1990-1999       91      0.17454  0.16053  0.50   23036    3698   21187    95788   4.16
1990-1999       92      0.19347  0.17641  0.50   19338    3411   17632    74602   3.86
1990-1999       93      0.21965  0.19791  0.50   15927    3152   14351    56969   3.58
1990-1999       94      0.23223  0.20807  0.50   12775    2658   11446    42619   3.34
1990-1999       95      0.26399  0.23321  0.50   10116    2359    8937    31173   3.08
1990-1999       96      0.29044  0.25361  0.50    7757    1967    6774    22236   2.87
1990-1999       97      0.31839  0.27467  0.50    5790    1590    4995    15463   2.67
1990-1999       98      0.34772  0.29622  0.50    4200    1244    3578    10468   2.49
1990-1999       99      0.37825  0.31809  0.50    2956     940    2486     6890   2.33
1990-1999      100      0.40977  0.34009  0.50    2015     685    1673     4405   2.19
1990-1999      101      0.44205  0.36203  0.50    1330     482    1089     2732   2.05
1990-1999      102      0.47483  0.38373  0.50     849     326     686     1643   1.94
1990-1999      103      0.50783  0.40500  0.50     523     212     417      957   1.83
1990-1999      104      0.54076  0.42567  0.50     311     132     245      540   1.74
1990-1999      105      0.57334  0.44560  0.50     179      80     139      295   1.65
1990-1999      106      0.60529  0.46466  0.50      99      46      76      156   1.58
1990-1999      107      0.63637  0.48276  0.50      53      26      40       80   1.51
1990-1999      108      0.66635  0.49982  0.50      27      14      21       40   1.46
1990-1999      109      0.69505  0.51580  0.50      14       7      10       19   1.41
1990-1999      110+     0.72230  1.00000  1.38       7       7       9        9   1.38
2000-2009        0      0.00471  0.00469  0.14  100000     469   99596  8314803  83.15
2000-2009        1      0.00038  0.00038  0.50   99531      38   99512  8215206  82.54
2000-2009        2      0.00020  0.00020  0.50   99493      20   99483  8115694  81.57
2000-2009        3      0.00018  0.00018  0.50   99473      18   99464  8016212  80.59
2000-2009        4      0.00013  0.00013  0.50   99455      13   99448  7916748  79.60
2000-2009        5      0.00014  0.00014  0.50   99442      14   99435  7817300  78.61
2000-2009        6      0.00011  0.00011  0.50   99428      11   99423  7717865  77.62
2000-2009        7      0.00007  0.00007  0.50   99417       7   99414  7618442  76.63
2000-2009        8      0.00012  0.00012  0.50   99410      12   99404  7519028  75.64
2000-2009        9      0.00014  0.00014  0.50   99398      14   99392  7419624  74.65
2000-2009       10      0.00007  0.00007  0.50   99385       7   99381  7320232  73.66
2000-2009       11      0.00009  0.00009  0.50   99378       9   99373  7220851  72.66
2000-2009       12      0.00011  0.00011  0.50   99369      11   99364  7121478  71.67
2000-2009       13      0.00009  0.00009  0.50   99358       9   99354  7022114  70.67
2000-2009       14      0.00021  0.00021  0.50   99349      21   99339  6922760  69.68
2000-2009       15      0.00022  0.00022  0.50   99329      21   99318  6823421  68.70
2000-2009       16      0.00021  0.00021  0.50   99307      21   99297  6724103  67.71
2000-2009       17      0.00033  0.00033  0.50   99287      33   99270  6624806  66.72
2000-2009       18      0.00032  0.00032  0.50   99254      32   99238  6525536  65.75
2000-2009       19      0.00026  0.00026  0.50   99222      26   99209  6426298  64.77
2000-2009       20      0.00038  0.00038  0.50   99196      38   99177  6327089  63.78
2000-2009       21      0.00026  0.00026  0.50   99158      26   99145  6227912  62.81
2000-2009       22      0.00030  0.00030  0.50   99132      30   99118  6128767  61.82
2000-2009       23      0.00032  0.00032  0.50   99103      32   99087  6029649  60.84
2000-2009       24      0.00035  0.00035  0.50   99071      34   99054  5930562  59.86
2000-2009       25      0.00040  0.00040  0.50   99037      39   99017  5831508  58.88
2000-2009       26      0.00030  0.00030  0.50   98998      30   98983  5732491  57.91
2000-2009       27      0.00035  0.00035  0.50   98968      34   98951  5633508  56.92
2000-2009       28      0.00043  0.00043  0.50   98934      42   98913  5534558  55.94
2000-2009       29      0.00046  0.00046  0.50   98891      46   98869  5435645  54.97
2000-2009       30      0.00039  0.00039  0.50   98846      39   98826  5336776  53.99
2000-2009       31      0.00047  0.00047  0.50   98807      47   98784  5237950  53.01
2000-2009       32      0.00039  0.00039  0.50   98760      39   98741  5139167  52.04
2000-2009       33      0.00048  0.00048  0.50   98721      47   98698  5040426  51.06
2000-2009       34      0.00051  0.00051  0.50   98674      50   98649  4941728  50.08
2000-2009       35      0.00062  0.00062  0.50   98624      62   98593  4843079  49.11
2000-2009       36      0.00060  0.00060  0.50   98562      59   98533  4744486  48.14
2000-2009       37      0.00063  0.00063  0.50   98503      62   98472  4645953  47.17
2000-2009       38      0.00079  0.00079  0.50   98441      78   98403  4547481  46.19
2000-2009       39      0.00077  0.00077  0.50   98364      75   98326  4449078  45.23
2000-2009       40      0.00092  0.00092  0.50   98288      90   98243  4350752  44.27
2000-2009       41      0.00093  0.00093  0.50   98198      91   98153  4252509  43.31
2000-2009       42      0.00085  0.00085  0.50   98107      84   98066  4154356  42.35
2000-2009       43      0.00103  0.00103  0.50   98024     101   97973  4056290  41.38
2000-2009       44      0.00117  0.00117  0.50   97923     114   97866  3958317  40.42
2000-2009       45      0.00128  0.00128  0.50   97809     125   97746  3860451  39.47
2000-2009       46      0.00134  0.00133  0.50   97684     130   97619  3762705  38.52
2000-2009       47      0.00157  0.00157  0.50   97553     153   97477  3665086  37.57
2000-2009       48      0.00162  0.00162  0.50   97400     157   97321  3567610  36.63
2000-2009       49      0.00171  0.00171  0.50   97243     166   97160  3470288  35.69
2000-2009       50      0.00185  0.00185  0.50   97077     180   96987  3373128  34.75
2000-2009       51      0.00201  0.00201  0.50   96897     195   96799  3276142  33.81
2000-2009       52      0.00217  0.00217  0.50   96702     210   96597  3179342  32.88
2000-2009       53      0.00246  0.00246  0.50   96492     237   96373  3082745  31.95
2000-2009       54      0.00242  0.00242  0.50   96254     233   96138  2986372  31.03
2000-2009       55      0.00283  0.00283  0.50   96021     272   95885  2890234  30.10
2000-2009       56      0.00316  0.00315  0.50   95750     302   95599  2794349  29.18
2000-2009       57      0.00338  0.00338  0.50   95448     322   95286  2698750  28.27
2000-2009       58      0.00386  0.00386  0.50   95125     367   94942  2603464  27.37
2000-2009       59      0.00389  0.00389  0.50   94758     368   94574  2508522  26.47
2000-2009       60      0.00452  0.00451  0.50   94390     425   94177  2413948  25.57
2000-2009       61      0.00475  0.00474  0.50   93965     445   93742  2319771  24.69
2000-2009       62      0.00547  0.00545  0.50   93519     510   93264  2226029  23.80
2000-2009       63      0.00565  0.00563  0.50   93009     524   92747  2132764  22.93
2000-2009       64      0.00611  0.00609  0.50   92485     563   92204  2040017  22.06
2000-2009       65      0.00689  0.00686  0.50   91922     631   91607  1947813  21.19
2000-2009       66      0.00809  0.00805  0.50   91291     735   90924  1856206  20.33
2000-2009       67      0.00898  0.00894  0.50   90556     809   90152  1765282  19.49
2000-2009       68      0.00992  0.00987  0.50   89747     886   89304  1675131  18.67
2000-2009       69      0.01100  0.01094  0.50   88861     972   88375  1585827  17.85
2000-2009       70      0.01199  0.01192  0.50   87889    1048   87365  1497452  17.04
2000-2009       71      0.01364  0.01355  0.50   86841    1177   86253  1410086  16.24
2000-2009       72      0.01480  0.01469  0.50   85665    1258   85035  1323834  15.45
2000-2009       73      0.01679  0.01665  0.50   84406    1405   83704  1238798  14.68
2000-2009       74      0.01921  0.01902  0.50   83001    1579   82211  1155095  13.92
2000-2009       75      0.02030  0.02010  0.50   81422    1636   80604  1072883  13.18
2000-2009       76      0.02316  0.02290  0.50   79786    1827   78872   992279  12.44
2000-2009       77      0.02663  0.02628  0.50   77959    2048   76934   913407  11.72
2000-2009       78      0.03046  0.03000  0.50   75910    2277   74772   836473  11.02
2000-2009       79      0.03469  0.03410  0.50   73633    2511   72377   761701  10.34
2000-2009       80      0.03887  0.03813  0.50   71122    2712   69766   689324   9.69
2000-2009       81      0.04423  0.04328  0.50   68410    2961   66929   619558   9.06
2000-2009       82      0.05081  0.04955  0.50   65449    3243   63828   552629   8.44
2000-2009       83      0.05730  0.05570  0.50   62206    3465   60474   488801   7.86
2000-2009       84      0.06821  0.06596  0.50   58741    3874   56804   428327   7.29
2000-2009       85      0.07599  0.07321  0.50   54867    4017   52859   371523   6.77
2000-2009       86      0.08670  0.08310  0.50   50850    4226   48738   318664   6.27
2000-2009       87      0.09882  0.09417  0.50   46625    4390   44429   269927   5.79
2000-2009       88      0.11741  0.11090  0.50   42234    4684   39892   225497   5.34
2000-2009       89      0.12641  0.11890  0.50   37550    4465   35318   185605   4.94
2000-2009       90      0.14777  0.13760  0.50   33086    4553   30810   150287   4.54
2000-2009       91      0.16678  0.15395  0.50   28533    4393   26337   119477   4.19
2000-2009       92      0.19426  0.17706  0.50   24141    4274   22003    93140   3.86
2000-2009       93      0.21402  0.19334  0.50   19866    3841   17946    71137   3.58
2000-2009       94      0.23424  0.20968  0.50   16025    3360   14345    53191   3.32
2000-2009       95      0.26086  0.23076  0.50   12665    2923   11204    38846   3.07
2000-2009       96      0.28971  0.25305  0.50    9743    2465    8510    27642   2.84
2000-2009       97      0.32037  0.27613  0.50    7277    2009    6272    19132   2.63
2000-2009       98      0.35266  0.29980  0.50    5268    1579    4478    12860   2.44
2000-2009       99      0.38636  0.32380  0.50    3688    1194    3091     8382   2.27
2000-2009      100      0.42118  0.34791  0.50    2494     868    2060     5290   2.12
2000-2009      101      0.45680  0.37187  0.50    1626     605    1324     3230   1.99
2000-2009      102      0.49287  0.39543  0.50    1022     404     820     1906   1.87
2000-2009      103      0.52902  0.41836  0.50     618     258     488     1086   1.76
2000-2009      104      0.56486  0.44046  0.50     359     158     280      598   1.66
2000-2009      105      0.60004  0.46156  0.50     201      93     155      318   1.58
2000-2009      106      0.63422  0.48152  0.50     108      52      82      163   1.51
2000-2009      107      0.66710  0.50024  0.50      56      28      42       81   1.45
2000-2009      108      0.69842  0.51765  0.50      28      15      21       39   1.39
2000-2009      109      0.72800  0.53373  0.50      14       7      10       18   1.35
2000-2009      110+     0.75570  1.00000  1.32       6       6       8        8   1.32
2010-2019        0      0.00408  0.00407  0.14  100000     407   99650  8454047  84.54
2010-2019        1      0.00024  0.00024  0.50   99593      24   99581  8354396  83.89
2010-2019        2      0.00016  0.00016  0.50   99569      16   99561  8254815  82.91
2010-2019        3      0.00013  0.00013  0.50   99553      13   99546  8155254  81.92
2010-2019        4      0.00009  0.00009  0.50   99540       9   99535  8055707  80.93
2010-2019        5      0.00008  0.00008  0.50   99531       8   99527  7956172  79.94
2010-2019        6      0.00010  0.00010  0.50   99523      10   99518  7856645  78.94
2010-2019        7      0.00010  0.00010  0.50   99513      10   99508  7757127  77.95
2010-2019        8      0.00010  0.00010  0.50   99503      10   99498  7657619  76.96
2010-2019        9      0.00009  0.00009  0.50   99493       9   99489  7558121  75.97
2010-2019       10      0.00006  0.00006  0.50   99484       6   99481  7458632  74.97
2010-2019       11      0.00004  0.00004  0.50   99478       4   99476  7359151  73.98
2010-2019       12      0.00010  0.00010  0.50   99475      10   99469  7259674  72.98
2010-2019       13      0.00006  0.00006  0.50   99464       6   99461  7160205  71.99
2010-2019       14      0.00011  0.00011  0.50   99458      11   99452  7060744  70.99
2010-2019       15      0.00019  0.00019  0.50   99446      19   99437  6961292  70.00
2010-2019       16      0.00023  0.00023  0.50   99427      23   99416  6861855  69.01
2010-2019       17      0.00029  0.00029  0.50   99404      29   99390  6762439  68.03
2010-2019       18      0.00028  0.00028  0.50   99375      28   99361  6663050  67.05
2010-2019       19      0.00024  0.00024  0.50   99347      24   99335  6563689  66.07
2010-2019       20      0.00026  0.00026  0.50   99323      26   99310  6464354  65.08
2010-2019       21      0.00031  0.00031  0.50   99297      30   99282  6365044  64.10
2010-2019       22      0.00027  0.00027  0.50   99267      27   99253  6265762  63.12
2010-2019       23      0.00030  0.00030  0.50   99240      30   99225  6166509  62.14
2010-2019       24      0.00026  0.00026  0.50   99210      26   99197  6067283  61.16
2010-2019       25      0.00026  0.00026  0.50   99184      26   99171  5968086  60.17
2010-2019       26      0.00030  0.00030  0.50   99158      30   99143  5868915  59.19
2010-2019       27      0.00034  0.00034  0.50   99128      34   99111  5769772  58.21
2010-2019       28      0.00033  0.00033  0.50   99094      33   99078  5670660  57.23
2010-2019       29      0.00033  0.00033  0.50   99061      33   99045  5571583  56.24
2010-2019       30      0.00039  0.00039  0.50   99028      39   99009  5472538  55.26
2010-2019       31      0.00040  0.00040  0.50   98990      40   98970  5373529  54.28
2010-2019       32      0.00050  0.00050  0.50   98950      50   98925  5274560  53.31
2010-2019       33      0.00045  0.00045  0.50   98900      44   98878  5175635  52.33
2010-2019       34      0.00051  0.00051  0.50   98855      50   98830  5076757  51.36
2010-2019       35      0.00058  0.00058  0.50   98805      57   98777  4977927  50.38
2010-2019       36      0.00055  0.00055  0.50   98748      54   98721  4879150  49.41
2010-2019       37      0.00055  0.00055  0.50   98694      55   98667  4780429  48.44
2010-2019       38      0.00068  0.00068  0.50   98639      67   98606  4681763  47.46
2010-2019       39      0.00078  0.00078  0.50   98572      77   98534  4583157  46.50
2010-2019       40      0.00079  0.00079  0.50   98496      77   98457  4484623  45.53
2010-2019       41      0.00082  0.00082  0.50   98418      80   98378  4386166  44.57
2010-2019       42      0.00090  0.00090  0.50   98338      88   98294  4287788  43.60
2010-2019       43      0.00101  0.00101  0.50   98249     100   98200  4189494  42.64
2010-2019       44      0.00114  0.00114  0.50   98150     112   98094  4091295  41.68
2010-2019       45      0.00116  0.00116  0.50   98038     113   97981  3993201  40.73
2010-2019       46      0.00137  0.00137  0.50   97925     134   97858  3895219  39.78
2010-2019       47      0.00136  0.00136  0.50   97790     133   97724  3797362  38.83
2010-2019       48      0.00151  0.00151  0.50   97658     148   97584  3699638  37.88
2010-2019       49      0.00172  0.00171  0.50   97510     167   97426  3602054  36.94
2010-2019       50      0.00175  0.00175  0.50   97343     170   97258  3504628  36.00
2010-2019       51      0.00200  0.00200  0.50   97173     194   97076  3407370  35.07
2010-2019       52      0.00202  0.00202  0.50   96978     196   96880  3310295  34.13
2010-2019       53      0.00218  0.00218  0.50   96782     211   96677  3213414  33.20
2010-2019       54      0.00246  0.00245  0.50   96572     237   96453  3116737  32.27
2010-2019       55      0.00279  0.00278  0.50   96335     268   96201  3020284  31.35
2010-2019       56      0.00281  0.00281  0.50   96066     270   95932  2924083  30.44
2010-2019       57      0.00298  0.00298  0.50   95797     285   95654  2828152  29.52
2010-2019       58      0.00330  0.00329  0.50   95511     315   95354  2732498  28.61
2010-2019       59      0.00356  0.00355  0.50   95197     338   95028  2637144  27.70
2010-2019       60      0.00394  0.00393  0.50   94859     373   94672  2542116  26.80
2010-2019       61      0.00423  0.00422  0.50   94486     399   94286  2447444  25.90
2010-2019       62      0.00450  0.00449  0.50   94087     423   93876  2353157  25.01
2010-2019       63      0.00509  0.00508  0.50   93664     475   93427  2259282  24.12
2010-2019       64      0.00549  0.00548  0.50   93189     511   92934  2165855  23.24
2010-2019       65      0.00596  0.00595  0.50   92678     551   92403  2072922  22.37
2010-2019       66      0.00625  0.00623  0.50   92127     574   91840  1980519  21.50
2010-2019       67      0.00721  0.00719  0.50   91553     658   91224  1888679  20.63
2010-2019       68      0.00796  0.00793  0.50   90895     720   90535  1797455  19.78
2010-2019       69      0.00853  0.00850  0.50   90175     766   89792  1706920  18.93
2010-2019       70      0.01028  0.01022  0.50   89408     914   88951  1617128  18.09
2010-2019       71      0.01097  0.01091  0.50   88494     965   88012  1528177  17.27
2010-2019       72      0.01216  0.01208  0.50   87529    1058   87000  1440165  16.45
2010-2019       73      0.01323  0.01315  0.50   86471    1137   85903  1353165  15.65
2010-2019       74      0.01490  0.01479  0.50   85334    1262   84703  1267262  14.85
2010-2019       75      0.01697  0.01683  0.50   84072    1415   83365  1182559  14.07
2010-2019       76      0.01871  0.01854  0.50   82657    1532   81891  1099194  13.30
2010-2019       77      0.02118  0.02096  0.50   81125    1700   80275  1017303  12.54
2010-2019       78      0.02474  0.02443  0.50   79425    1941   78455   937028  11.80
2010-2019       79      0.02824  0.02784  0.50   77484    2158   76406   858573  11.08
2010-2019       80      0.03178  0.03129  0.50   75327    2357   74149   782167  10.38
2010-2019       81      0.03614  0.03549  0.50   72970    2590   71675   708019   9.70
2010-2019       82      0.04262  0.04173  0.50   70380    2937   68912   636343   9.04
2010-2019       83      0.04827  0.04713  0.50   67443    3179   65854   567432   8.41
2010-2019       84      0.05824  0.05659  0.50   64264    3637   62446   501578   7.80
2010-2019       85      0.06549  0.06342  0.50   60627    3845   58705   439132   7.24
2010-2019       86      0.07626  0.07346  0.50   56783    4171   54697   380427   6.70
2010-2019       87      0.08752  0.08385  0.50   52612    4412   50406   325730   6.19
2010-2019       88      0.09869  0.09405  0.50   48200    4533   45934   275324   5.71
2010-2019       89      0.11265  0.10664  0.50   43667    4657   41339   229390   5.25
2010-2019       90      0.13278  0.12451  0.50   39010    4857   36582   188052   4.82
2010-2019       91      0.15240  0.14161  0.50   34153    4836   31735   151470   4.44
2010-2019       92      0.17301  0.15923  0.50   29317    4668   26983   119735   4.08
2010-2019       93      0.19252  0.17562  0.50   24648    4329   22484    92753   3.76
2010-2019       94      0.21761  0.19626  0.50   20320    3988   18326    70269   3.46
2010-2019       95      0.24513  0.21836  0.50   16332    3566   14549    51943   3.18
2010-2019       96      0.27454  0.24140  0.50   12766    3082   11225    37394   2.93
2010-2019       97      0.30606  0.26544  0.50    9684    2570    8399    26169   2.70
2010-2019       98      0.33949  0.29023  0.50    7113    2065    6081    17771   2.50
2010-2019       99      0.37461  0.31551  0.50    5049    1593    4252    11690   2.32
2010-2019      100      0.41110  0.34101  0.50    3456    1179    2867     7437   2.15
2010-2019      101      0.44860  0.36641  0.50    2277     834    1860     4570   2.01
2010-2019      102      0.48669  0.39143  0.50    1443     565    1161     2710   1.88
2010-2019      103      0.52493  0.41580  0.50     878     365     696     1550   1.76
2010-2019      104      0.56289  0.43926  0.50     513     225     400      854   1.67
2010-2019      105      0.60012  0.46161  0.50     288     133     221      454   1.58
2010-2019      106      0.63623  0.48268  0.50     155      75     117      233   1.50
2010-2019      107      0.67087  0.50236  0.50      80      40      60      115   1.44
2010-2019      108      0.70374  0.52057  0.50      40      21      29       55   1.38
2010-2019      109      0.73463  0.53728  0.50      19      10      14       26   1.34
2010-2019      110+     0.76338  1.00000  1.31       9       9      12       12   1.31
