QLD, Life tables (period 1x5), Males	Last modified: 02 Jul 2018;  Methods Protocol: v6 (2017)

  Year          Age         mx       qx    ax      lx      dx      Lx       Tx     ex
1971-1974        0      0.01977  0.01943  0.11  100000    1943   98270  6804346  68.04
1971-1974        1      0.00151  0.00151  0.50   98057     148   97983  6706075  68.39
1971-1974        2      0.00131  0.00131  0.50   97909     128   97845  6608092  67.49
1971-1974        3      0.00081  0.00081  0.50   97781      79   97741  6510247  66.58
1971-1974        4      0.00062  0.00062  0.50   97702      61   97671  6412506  65.63
1971-1974        5      0.00050  0.00050  0.50   97641      49   97617  6314834  64.67
1971-1974        6      0.00060  0.00060  0.50   97592      59   97563  6217218  63.71
1971-1974        7      0.00040  0.00040  0.50   97534      39   97514  6119655  62.74
1971-1974        8      0.00028  0.00028  0.50   97495      27   97481  6022141  61.77
1971-1974        9      0.00035  0.00035  0.50   97468      34   97451  5924660  60.79
1971-1974       10      0.00042  0.00042  0.50   97434      40   97414  5827209  59.81
1971-1974       11      0.00032  0.00032  0.50   97393      31   97378  5729796  58.83
1971-1974       12      0.00055  0.00055  0.50   97362      53   97335  5632418  57.85
1971-1974       13      0.00048  0.00048  0.50   97308      47   97285  5535083  56.88
1971-1974       14      0.00071  0.00071  0.50   97262      69   97227  5437798  55.91
1971-1974       15      0.00082  0.00082  0.50   97193      80   97153  5340570  54.95
1971-1974       16      0.00150  0.00150  0.50   97113     146   97040  5243418  53.99
1971-1974       17      0.00197  0.00197  0.50   96967     191   96871  5146378  53.07
1971-1974       18      0.00236  0.00235  0.50   96776     228   96662  5049506  52.18
1971-1974       19      0.00309  0.00308  0.50   96548     298   96400  4952844  51.30
1971-1974       20      0.00245  0.00245  0.50   96251     236   96133  4856445  50.46
1971-1974       21      0.00224  0.00224  0.50   96015     215   95908  4760312  49.58
1971-1974       22      0.00211  0.00211  0.50   95800     202   95699  4664404  48.69
1971-1974       23      0.00185  0.00184  0.50   95598     176   95510  4568705  47.79
1971-1974       24      0.00187  0.00187  0.50   95422     178   95333  4473195  46.88
1971-1974       25      0.00174  0.00174  0.50   95244     166   95161  4377862  45.96
1971-1974       26      0.00142  0.00142  0.50   95078     135   95011  4282701  45.04
1971-1974       27      0.00149  0.00149  0.50   94943     141   94873  4187691  44.11
1971-1974       28      0.00140  0.00140  0.50   94802     133   94735  4092818  43.17
1971-1974       29      0.00156  0.00156  0.50   94669     148   94595  3998083  42.23
1971-1974       30      0.00138  0.00138  0.50   94521     130   94456  3903488  41.30
1971-1974       31      0.00182  0.00182  0.50   94391     172   94305  3809032  40.35
1971-1974       32      0.00199  0.00199  0.50   94219     187   94125  3714727  39.43
1971-1974       33      0.00155  0.00155  0.50   94032     145   93959  3620601  38.50
1971-1974       34      0.00185  0.00185  0.50   93886     174   93799  3526643  37.56
1971-1974       35      0.00237  0.00237  0.50   93712     222   93601  3432843  36.63
1971-1974       36      0.00249  0.00249  0.50   93490     232   93374  3339242  35.72
1971-1974       37      0.00225  0.00224  0.50   93258     209   93153  3245868  34.81
1971-1974       38      0.00228  0.00227  0.50   93049     211   92943  3152715  33.88
1971-1974       39      0.00342  0.00341  0.50   92837     317   92679  3059772  32.96
1971-1974       40      0.00329  0.00329  0.50   92521     304   92369  2967093  32.07
1971-1974       41      0.00332  0.00332  0.50   92217     306   92064  2874724  31.17
1971-1974       42      0.00376  0.00375  0.50   91911     345   91738  2782661  30.28
1971-1974       43      0.00412  0.00411  0.50   91566     376   91378  2690922  29.39
1971-1974       44      0.00519  0.00518  0.50   91189     472   90953  2599545  28.51
1971-1974       45      0.00542  0.00540  0.50   90717     490   90473  2508591  27.65
1971-1974       46      0.00588  0.00586  0.50   90228     529   89963  2418119  26.80
1971-1974       47      0.00600  0.00598  0.50   89699     537   89430  2328156  25.96
1971-1974       48      0.00713  0.00711  0.50   89162     634   88845  2238725  25.11
1971-1974       49      0.00750  0.00747  0.50   88528     662   88197  2149880  24.28
1971-1974       50      0.00847  0.00843  0.50   87867     741   87496  2061683  23.46
1971-1974       51      0.00966  0.00961  0.50   87126     837   86707  1974186  22.66
1971-1974       52      0.01146  0.01140  0.50   86289     983   85797  1887479  21.87
1971-1974       53      0.01116  0.01110  0.50   85305     946   84832  1801682  21.12
1971-1974       54      0.01184  0.01177  0.50   84359     993   83862  1716851  20.35
1971-1974       55      0.01445  0.01435  0.50   83366    1196   82767  1632988  19.59
1971-1974       56      0.01483  0.01472  0.50   82169    1210   81564  1550221  18.87
1971-1974       57      0.01597  0.01584  0.50   80960    1282   80318  1468656  18.14
1971-1974       58      0.01805  0.01788  0.50   79677    1425   78965  1388338  17.42
1971-1974       59      0.01958  0.01939  0.50   78252    1517   77494  1309373  16.73
1971-1974       60      0.02155  0.02132  0.50   76735    1636   75917  1231880  16.05
1971-1974       61      0.02385  0.02357  0.50   75099    1770   74214  1155963  15.39
1971-1974       62      0.02567  0.02535  0.50   73329    1859   72400  1081748  14.75
1971-1974       63      0.02859  0.02819  0.50   71470    2015   70463  1009349  14.12
1971-1974       64      0.03323  0.03268  0.50   69456    2270   68321   938885  13.52
1971-1974       65      0.03506  0.03446  0.50   67186    2315   66028   870565  12.96
1971-1974       66      0.03349  0.03294  0.50   64871    2137   63803   804536  12.40
1971-1974       67      0.03966  0.03889  0.50   62734    2440   61515   740733  11.81
1971-1974       68      0.03991  0.03913  0.50   60295    2359   59115   679219  11.26
1971-1974       69      0.04349  0.04257  0.50   57936    2466   56703   620103  10.70
1971-1974       70      0.04957  0.04837  0.50   55470    2683   54128   563401  10.16
1971-1974       71      0.05124  0.04996  0.50   52787    2637   51468   509273   9.65
1971-1974       72      0.06118  0.05936  0.50   50150    2977   48661   457805   9.13
1971-1974       73      0.06799  0.06575  0.50   47172    3102   45622   409144   8.67
1971-1974       74      0.06894  0.06665  0.50   44071    2937   42602   363522   8.25
1971-1974       75      0.07567  0.07292  0.50   41134    2999   39634   320920   7.80
1971-1974       76      0.08481  0.08136  0.50   38134    3103   36583   281286   7.38
1971-1974       77      0.09171  0.08769  0.50   35032    3072   33496   244703   6.99
1971-1974       78      0.10013  0.09536  0.50   31960    3048   30436   211207   6.61
1971-1974       79      0.10739  0.10192  0.50   28912    2947   27439   180771   6.25
1971-1974       80      0.11629  0.10990  0.50   25965    2854   24539   153332   5.91
1971-1974       81      0.12263  0.11555  0.50   23112    2671   21777   128794   5.57
1971-1974       82      0.14199  0.13257  0.50   20441    2710   19086   107017   5.24
1971-1974       83      0.14526  0.13542  0.50   17731    2401   16531    87931   4.96
1971-1974       84      0.15838  0.14676  0.50   15330    2250   14205    71400   4.66
1971-1974       85      0.16490  0.15234  0.50   13080    1993   12084    57195   4.37
1971-1974       86      0.19680  0.17917  0.50   11088    1987   10094    45112   4.07
1971-1974       87      0.20927  0.18944  0.50    9101    1724    8239    35017   3.85
1971-1974       88      0.22146  0.19938  0.50    7377    1471    6641    26778   3.63
1971-1974       89      0.25689  0.22765  0.50    5906    1345    5234    20137   3.41
1971-1974       90      0.25664  0.22745  0.50    4562    1038    4043    14903   3.27
1971-1974       91      0.26352  0.23284  0.50    3524     821    3114    10860   3.08
1971-1974       92      0.28814  0.25185  0.50    2703     681    2363     7746   2.87
1971-1974       93      0.35490  0.30141  0.50    2023     610    1718     5383   2.66
1971-1974       94      0.34249  0.29242  0.50    1413     413    1206     3666   2.59
1971-1974       95      0.36525  0.30885  0.50    1000     309     845     2459   2.46
1971-1974       96      0.38862  0.32539  0.50     691     225     579     1614   2.34
1971-1974       97      0.41252  0.34198  0.50     466     159     386     1035   2.22
1971-1974       98      0.43684  0.35853  0.50     307     110     252      649   2.12
1971-1974       99      0.46146  0.37495  0.50     197      74     160      397   2.02
1971-1974      100      0.48627  0.39117  0.50     123      48      99      237   1.93
1971-1974      101      0.51116  0.40711  0.50      75      30      60      138   1.85
1971-1974      102      0.53598  0.42270  0.50      44      19      35       79   1.77
1971-1974      103      0.56063  0.43789  0.50      26      11      20       44   1.70
1971-1974      104      0.58499  0.45260  0.50      14       7      11       24   1.64
1971-1974      105      0.60893  0.46680  0.50       8       4       6       12   1.58
1971-1974      106      0.63236  0.48045  0.50       4       2       3        6   1.53
1971-1974      107      0.65519  0.49351  0.50       2       1       2        3   1.48
1971-1974      108      0.67732  0.50597  0.50       1       1       1        2   1.44
1971-1974      109      0.69868  0.51779  0.50       1       0       0        1   1.41
1971-1974      110+     0.71921  1.00000  1.39       0       0       0        0   1.39
1975-1979        0      0.01466  0.01447  0.12  100000    1447   98727  6977841  69.78
1975-1979        1      0.00122  0.00122  0.50   98553     120   98493  6879115  69.80
1975-1979        2      0.00074  0.00074  0.50   98433      73   98397  6780622  68.89
1975-1979        3      0.00085  0.00085  0.50   98360      84   98318  6682225  67.94
1975-1979        4      0.00050  0.00050  0.50   98276      49   98252  6583907  66.99
1975-1979        5      0.00047  0.00047  0.50   98227      46   98204  6485655  66.03
1975-1979        6      0.00041  0.00041  0.50   98181      40   98161  6387450  65.06
1975-1979        7      0.00032  0.00032  0.50   98142      31   98126  6289289  64.08
1975-1979        8      0.00029  0.00029  0.50   98110      28   98096  6191163  63.10
1975-1979        9      0.00027  0.00027  0.50   98082      27   98069  6093067  62.12
1975-1979       10      0.00033  0.00033  0.50   98055      32   98039  5994999  61.14
1975-1979       11      0.00024  0.00024  0.50   98023      24   98011  5896960  60.16
1975-1979       12      0.00044  0.00044  0.50   97999      43   97978  5798949  59.17
1975-1979       13      0.00042  0.00042  0.50   97956      42   97935  5700971  58.20
1975-1979       14      0.00054  0.00054  0.50   97915      53   97888  5603036  57.22
1975-1979       15      0.00071  0.00071  0.50   97861      70   97826  5505148  56.25
1975-1979       16      0.00108  0.00108  0.50   97792     105   97739  5407321  55.29
1975-1979       17      0.00183  0.00183  0.50   97686     178   97597  5309582  54.35
1975-1979       18      0.00239  0.00239  0.50   97508     233   97391  5211985  53.45
1975-1979       19      0.00249  0.00249  0.50   97275     242   97154  5114594  52.58
1975-1979       20      0.00208  0.00208  0.50   97033     202   96932  5017440  51.71
1975-1979       21      0.00226  0.00225  0.50   96831     218   96722  4920508  50.82
1975-1979       22      0.00192  0.00191  0.50   96613     185   96520  4823787  49.93
1975-1979       23      0.00168  0.00168  0.50   96428     162   96347  4727266  49.02
1975-1979       24      0.00169  0.00168  0.50   96266     162   96185  4630919  48.11
1975-1979       25      0.00184  0.00184  0.50   96104     177   96016  4534734  47.19
1975-1979       26      0.00141  0.00140  0.50   95927     135   95860  4438719  46.27
1975-1979       27      0.00156  0.00156  0.50   95792     149   95718  4342859  45.34
1975-1979       28      0.00130  0.00130  0.50   95643     125   95581  4247141  44.41
1975-1979       29      0.00140  0.00140  0.50   95519     134   95452  4151560  43.46
1975-1979       30      0.00146  0.00146  0.50   95385     139   95315  4056108  42.52
1975-1979       31      0.00160  0.00160  0.50   95246     152   95170  3960793  41.58
1975-1979       32      0.00163  0.00162  0.50   95094     155   95017  3865623  40.65
1975-1979       33      0.00157  0.00157  0.50   94939     149   94865  3770606  39.72
1975-1979       34      0.00169  0.00169  0.50   94791     160   94711  3675741  38.78
1975-1979       35      0.00185  0.00185  0.50   94630     175   94543  3581031  37.84
1975-1979       36      0.00200  0.00200  0.50   94455     189   94361  3486488  36.91
1975-1979       37      0.00223  0.00223  0.50   94266     210   94161  3392127  35.98
1975-1979       38      0.00236  0.00236  0.50   94056     222   93945  3297966  35.06
1975-1979       39      0.00213  0.00212  0.50   93834     199   93735  3204021  34.15
1975-1979       40      0.00301  0.00301  0.50   93635     282   93494  3110286  33.22
1975-1979       41      0.00299  0.00299  0.50   93353     279   93214  3016792  32.32
1975-1979       42      0.00362  0.00361  0.50   93075     336   92906  2923578  31.41
1975-1979       43      0.00395  0.00394  0.50   92738     365   92555  2830672  30.52
1975-1979       44      0.00454  0.00453  0.50   92373     418   92164  2738116  29.64
1975-1979       45      0.00499  0.00497  0.50   91955     457   91726  2645953  28.77
1975-1979       46      0.00539  0.00538  0.50   91497     492   91251  2554226  27.92
1975-1979       47      0.00575  0.00573  0.50   91005     522   90744  2462975  27.06
1975-1979       48      0.00618  0.00617  0.50   90483     558   90204  2372231  26.22
1975-1979       49      0.00766  0.00763  0.50   89926     686   89582  2282026  25.38
1975-1979       50      0.00772  0.00769  0.50   89239     687   88896  2192444  24.57
1975-1979       51      0.00893  0.00889  0.50   88553     788   88159  2103548  23.75
1975-1979       52      0.00888  0.00884  0.50   87765     776   87377  2015389  22.96
1975-1979       53      0.01036  0.01031  0.50   86989     897   86540  1928012  22.16
1975-1979       54      0.01072  0.01066  0.50   86092     918   85633  1841472  21.39
1975-1979       55      0.01093  0.01087  0.50   85174     926   84711  1755839  20.61
1975-1979       56      0.01352  0.01343  0.50   84248    1132   83682  1671128  19.84
1975-1979       57      0.01476  0.01465  0.50   83117    1218   82508  1587445  19.10
1975-1979       58      0.01651  0.01638  0.50   81899    1341   81228  1504937  18.38
1975-1979       59      0.01803  0.01787  0.50   80558    1439   79838  1423709  17.67
1975-1979       60      0.02002  0.01982  0.50   79119    1568   78335  1343871  16.99
1975-1979       61      0.01966  0.01947  0.50   77551    1510   76796  1265536  16.32
1975-1979       62      0.02295  0.02269  0.50   76041    1725   75178  1188740  15.63
1975-1979       63      0.02581  0.02548  0.50   74316    1894   73369  1113562  14.98
1975-1979       64      0.02670  0.02635  0.50   72422    1908   71468  1040193  14.36
1975-1979       65      0.02979  0.02935  0.50   70514    2070   69479   968725  13.74
1975-1979       66      0.03180  0.03130  0.50   68444    2142   67373   899246  13.14
1975-1979       67      0.03488  0.03428  0.50   66302    2273   65165   831873  12.55
1975-1979       68      0.03799  0.03728  0.50   64029    2387   62835   766708  11.97
1975-1979       69      0.04263  0.04174  0.50   61642    2573   60355   703872  11.42
1975-1979       70      0.04517  0.04417  0.50   59069    2609   57764   643517  10.89
1975-1979       71      0.04819  0.04705  0.50   56460    2657   55131   585753  10.37
1975-1979       72      0.05073  0.04948  0.50   53803    2662   52472   530622   9.86
1975-1979       73      0.05538  0.05389  0.50   51141    2756   49763   478150   9.35
1975-1979       74      0.06154  0.05970  0.50   48385    2889   46941   428387   8.85
1975-1979       75      0.06756  0.06535  0.50   45496    2973   44010   381447   8.38
1975-1979       76      0.07465  0.07196  0.50   42523    3060   40993   337437   7.94
1975-1979       77      0.08180  0.07859  0.50   39463    3101   37912   296444   7.51
1975-1979       78      0.08819  0.08447  0.50   36362    3071   34826   258531   7.11
1975-1979       79      0.09375  0.08955  0.50   33290    2981   31800   223705   6.72
1975-1979       80      0.10419  0.09903  0.50   30309    3002   28808   191905   6.33
1975-1979       81      0.10908  0.10344  0.50   27308    2825   25895   163097   5.97
1975-1979       82      0.12063  0.11377  0.50   24483    2785   23090   137202   5.60
1975-1979       83      0.13798  0.12908  0.50   21698    2801   20297   114111   5.26
1975-1979       84      0.14778  0.13761  0.50   18897    2600   17597    93814   4.96
1975-1979       85      0.16434  0.15186  0.50   16297    2475   15059    76217   4.68
1975-1979       86      0.17623  0.16196  0.50   13822    2239   12702    61158   4.42
1975-1979       87      0.19008  0.17358  0.50   11583    2011   10578    48456   4.18
1975-1979       88      0.20049  0.18222  0.50    9573    1744    8700    37878   3.96
1975-1979       89      0.22234  0.20010  0.50    7828    1566    7045    29177   3.73
1975-1979       90      0.24978  0.22205  0.50    6262    1390    5567    22132   3.53
1975-1979       91      0.24080  0.21492  0.50    4871    1047    4348    16566   3.40
1975-1979       92      0.23931  0.21374  0.50    3824     817    3416    12218   3.19
1975-1979       93      0.27156  0.23909  0.50    3007     719    2648     8802   2.93
1975-1979       94      0.34111  0.29141  0.50    2288     667    1955     6155   2.69
1975-1979       95      0.34260  0.29249  0.50    1621     474    1384     4200   2.59
1975-1979       96      0.36566  0.30914  0.50    1147     355     970     2816   2.45
1975-1979       97      0.38936  0.32591  0.50     792     258     663     1846   2.33
1975-1979       98      0.41360  0.34272  0.50     534     183     443     1183   2.21
1975-1979       99      0.43825  0.35948  0.50     351     126     288      740   2.11
1975-1979      100      0.46322  0.37611  0.50     225      85     183      452   2.01
1975-1979      101      0.48838  0.39253  0.50     140      55     113      269   1.92
1975-1979      102      0.51359  0.40865  0.50      85      35      68      157   1.84
1975-1979      103      0.53873  0.42441  0.50      50      21      40       89   1.76
1975-1979      104      0.56368  0.43974  0.50      29      13      23       49   1.69
1975-1979      105      0.58831  0.45459  0.50      16       7      13       27   1.63
1975-1979      106      0.61250  0.46890  0.50       9       4       7       14   1.58
1975-1979      107      0.63616  0.48264  0.50       5       2       4        7   1.52
1975-1979      108      0.65917  0.49577  0.50       2       1       2        4   1.48
1975-1979      109      0.68146  0.50827  0.50       1       1       1        2   1.45
1975-1979      110+     0.70294  1.00000  1.42       1       1       1        1   1.42
1980-1984        0      0.01107  0.01096  0.13  100000    1096   99043  7169596  71.70
1980-1984        1      0.00090  0.00090  0.50   98904      89   98859  7070553  71.49
1980-1984        2      0.00078  0.00078  0.50   98815      77   98776  6971693  70.55
1980-1984        3      0.00058  0.00058  0.50   98737      57   98709  6872917  69.61
1980-1984        4      0.00038  0.00038  0.50   98680      37   98662  6774208  68.65
1980-1984        5      0.00035  0.00035  0.50   98643      35   98626  6675547  67.67
1980-1984        6      0.00030  0.00030  0.50   98609      29   98594  6576921  66.70
1980-1984        7      0.00038  0.00038  0.50   98579      38   98561  6478327  65.72
1980-1984        8      0.00028  0.00028  0.50   98542      27   98528  6379766  64.74
1980-1984        9      0.00022  0.00022  0.50   98514      22   98503  6281238  63.76
1980-1984       10      0.00023  0.00023  0.50   98492      23   98481  6182735  62.77
1980-1984       11      0.00026  0.00026  0.50   98469      25   98457  6084254  61.79
1980-1984       12      0.00033  0.00033  0.50   98444      32   98428  5985797  60.80
1980-1984       13      0.00046  0.00046  0.50   98412      45   98389  5887369  59.82
1980-1984       14      0.00050  0.00050  0.50   98367      50   98342  5788980  58.85
1980-1984       15      0.00055  0.00055  0.50   98317      54   98291  5690637  57.88
1980-1984       16      0.00085  0.00085  0.50   98264      83   98222  5592347  56.91
1980-1984       17      0.00153  0.00153  0.50   98181     150   98106  5494125  55.96
1980-1984       18      0.00188  0.00188  0.50   98031     184   97939  5396019  55.04
1980-1984       19      0.00207  0.00207  0.50   97847     202   97746  5298080  54.15
1980-1984       20      0.00177  0.00177  0.50   97645     173   97558  5200334  53.26
1980-1984       21      0.00176  0.00176  0.50   97472     172   97386  5102776  52.35
1980-1984       22      0.00161  0.00161  0.50   97300     156   97222  5005390  51.44
1980-1984       23      0.00160  0.00160  0.50   97144     155   97066  4908167  50.52
1980-1984       24      0.00138  0.00138  0.50   96989     134   96922  4811101  49.60
1980-1984       25      0.00163  0.00163  0.50   96855     158   96776  4714179  48.67
1980-1984       26      0.00142  0.00142  0.50   96697     137   96629  4617403  47.75
1980-1984       27      0.00135  0.00135  0.50   96560     130   96495  4520775  46.82
1980-1984       28      0.00109  0.00109  0.50   96430     105   96377  4424280  45.88
1980-1984       29      0.00135  0.00135  0.50   96325     130   96260  4327902  44.93
1980-1984       30      0.00130  0.00130  0.50   96195     125   96132  4231643  43.99
1980-1984       31      0.00151  0.00151  0.50   96069     145   95997  4135511  43.05
1980-1984       32      0.00136  0.00136  0.50   95924     130   95859  4039514  42.11
1980-1984       33      0.00143  0.00142  0.50   95794     136   95726  3943655  41.17
1980-1984       34      0.00150  0.00150  0.50   95658     143   95586  3847929  40.23
1980-1984       35      0.00148  0.00148  0.50   95514     141   95444  3752343  39.29
1980-1984       36      0.00134  0.00134  0.50   95373     127   95310  3656899  38.34
1980-1984       37      0.00159  0.00159  0.50   95246     152   95170  3561589  37.39
1980-1984       38      0.00159  0.00159  0.50   95094     151   95019  3466419  36.45
1980-1984       39      0.00197  0.00197  0.50   94943     187   94849  3371400  35.51
1980-1984       40      0.00218  0.00218  0.50   94756     206   94653  3276551  34.58
1980-1984       41      0.00266  0.00266  0.50   94550     251   94424  3181898  33.65
1980-1984       42      0.00291  0.00291  0.50   94298     274   94161  3087474  32.74
1980-1984       43      0.00293  0.00292  0.50   94024     275   93887  2993313  31.84
1980-1984       44      0.00325  0.00324  0.50   93749     304   93597  2899426  30.93
1980-1984       45      0.00370  0.00369  0.50   93445     345   93273  2805829  30.03
1980-1984       46      0.00397  0.00396  0.50   93100     369   92916  2712556  29.14
1980-1984       47      0.00469  0.00468  0.50   92731     434   92514  2619640  28.25
1980-1984       48      0.00511  0.00510  0.50   92297     471   92062  2527126  27.38
1980-1984       49      0.00540  0.00539  0.50   91826     495   91579  2435064  26.52
1980-1984       50      0.00586  0.00585  0.50   91332     534   91065  2343485  25.66
1980-1984       51      0.00652  0.00650  0.50   90798     590   90503  2252420  24.81
1980-1984       52      0.00759  0.00756  0.50   90208     682   89867  2161917  23.97
1980-1984       53      0.00874  0.00870  0.50   89526     779   89137  2072050  23.14
1980-1984       54      0.00932  0.00927  0.50   88747     823   88336  1982913  22.34
1980-1984       55      0.01136  0.01130  0.50   87924     993   87428  1894578  21.55
1980-1984       56      0.01135  0.01128  0.50   86931     981   86441  1807150  20.79
1980-1984       57      0.01207  0.01200  0.50   85950    1031   85435  1720709  20.02
1980-1984       58      0.01378  0.01369  0.50   84919    1162   84338  1635274  19.26
1980-1984       59      0.01547  0.01535  0.50   83757    1286   83114  1550937  18.52
1980-1984       60      0.01589  0.01577  0.50   82471    1300   81821  1467823  17.80
1980-1984       61      0.01718  0.01704  0.50   81171    1383   80479  1386002  17.08
1980-1984       62      0.01988  0.01969  0.50   79788    1571   79002  1305523  16.36
1980-1984       63      0.02173  0.02150  0.50   78217    1681   77376  1226520  15.68
1980-1984       64      0.02196  0.02172  0.50   76535    1662   75704  1149144  15.01
1980-1984       65      0.02469  0.02439  0.50   74873    1826   73960  1073440  14.34
1980-1984       66      0.02806  0.02767  0.50   73047    2022   72037   999480  13.68
1980-1984       67      0.03196  0.03146  0.50   71026    2234   69909   927443  13.06
1980-1984       68      0.03315  0.03261  0.50   68791    2243   67670   857534  12.47
1980-1984       69      0.03933  0.03857  0.50   66548    2567   65265   789865  11.87
1980-1984       70      0.03884  0.03810  0.50   63981    2438   62762   724600  11.33
1980-1984       71      0.04461  0.04364  0.50   61543    2686   60201   661838  10.75
1980-1984       72      0.04916  0.04798  0.50   58858    2824   57446   601637  10.22
1980-1984       73      0.05188  0.05057  0.50   56033    2834   54617   544192   9.71
1980-1984       74      0.06115  0.05933  0.50   53200    3157   51622   489575   9.20
1980-1984       75      0.06218  0.06031  0.50   50043    3018   48534   437953   8.75
1980-1984       76      0.06958  0.06724  0.50   47025    3162   45445   389419   8.28
1980-1984       77      0.07052  0.06812  0.50   43864    2988   42370   343974   7.84
1980-1984       78      0.08328  0.07995  0.50   40876    3268   39242   301605   7.38
1980-1984       79      0.08847  0.08472  0.50   37608    3186   36014   262363   6.98
1980-1984       80      0.10283  0.09781  0.50   34421    3367   32738   226349   6.58
1980-1984       81      0.10286  0.09783  0.50   31055    3038   29536   193611   6.23
1980-1984       82      0.11477  0.10854  0.50   28017    3041   26496   164075   5.86
1980-1984       83      0.12782  0.12014  0.50   24976    3001   23475   137579   5.51
1980-1984       84      0.13666  0.12792  0.50   21975    2811   20570   114103   5.19
1980-1984       85      0.14525  0.13542  0.50   19164    2595   17866    93534   4.88
1980-1984       86      0.15946  0.14769  0.50   16569    2447   15345    75667   4.57
1980-1984       87      0.18628  0.17041  0.50   14122    2406   12919    60322   4.27
1980-1984       88      0.18228  0.16705  0.50   11715    1957   10737    47403   4.05
1980-1984       89      0.21202  0.19170  0.50    9758    1871    8823    36666   3.76
1980-1984       90      0.24024  0.21448  0.50    7888    1692    7042    27843   3.53
1980-1984       91      0.23353  0.20911  0.50    6196    1296    5548    20802   3.36
1980-1984       92      0.26666  0.23529  0.50    4900    1153    4324    15253   3.11
1980-1984       93      0.29093  0.25399  0.50    3747     952    3271    10930   2.92
1980-1984       94      0.33809  0.28920  0.50    2796     808    2391     7658   2.74
1980-1984       95      0.33245  0.28507  0.50    1987     566    1704     5267   2.65
1980-1984       96      0.35562  0.30194  0.50    1421     429    1206     3563   2.51
1980-1984       97      0.37949  0.31897  0.50     992     316     834     2357   2.38
1980-1984       98      0.40396  0.33608  0.50     675     227     562     1523   2.26
1980-1984       99      0.42891  0.35317  0.50     448     158     369      961   2.14
1980-1984      100      0.45423  0.37016  0.50     290     107     236      592   2.04
1980-1984      101      0.47978  0.38696  0.50     183      71     147      356   1.95
1980-1984      102      0.50545  0.40348  0.50     112      45      89      209   1.86
1980-1984      103      0.53108  0.41965  0.50      67      28      53      119   1.78
1980-1984      104      0.55655  0.43539  0.50      39      17      30       66   1.71
1980-1984      105      0.58173  0.45065  0.50      22      10      17       36   1.65
1980-1984      106      0.60649  0.46537  0.50      12       6       9       19   1.59
1980-1984      107      0.63072  0.47950  0.50       6       3       5       10   1.54
1980-1984      108      0.65430  0.49301  0.50       3       2       3        5   1.49
1980-1984      109      0.67715  0.50587  0.50       2       1       1        2   1.45
1980-1984      110+     0.69918  1.00000  1.43       1       1       1        1   1.43
1985-1989        0      0.00973  0.00965  0.13  100000     965   99160  7300879  73.01
1985-1989        1      0.00096  0.00096  0.50   99035      95   98987  7201719  72.72
1985-1989        2      0.00066  0.00066  0.50   98940      65   98907  7102732  71.79
1985-1989        3      0.00053  0.00053  0.50   98875      52   98849  7003825  70.84
1985-1989        4      0.00032  0.00032  0.50   98823      32   98807  6904976  69.87
1985-1989        5      0.00033  0.00033  0.50   98791      33   98775  6806169  68.89
1985-1989        6      0.00027  0.00027  0.50   98758      26   98745  6707394  67.92
1985-1989        7      0.00022  0.00022  0.50   98732      22   98721  6608649  66.94
1985-1989        8      0.00016  0.00016  0.50   98710      16   98702  6509928  65.95
1985-1989        9      0.00013  0.00013  0.50   98695      13   98688  6411226  64.96
1985-1989       10      0.00028  0.00028  0.50   98682      27   98668  6312538  63.97
1985-1989       11      0.00019  0.00019  0.50   98654      19   98645  6213870  62.99
1985-1989       12      0.00027  0.00027  0.50   98636      27   98622  6115225  62.00
1985-1989       13      0.00033  0.00033  0.50   98609      33   98592  6016603  61.01
1985-1989       14      0.00038  0.00038  0.50   98576      37   98557  5918010  60.04
1985-1989       15      0.00048  0.00048  0.50   98539      47   98515  5819453  59.06
1985-1989       16      0.00070  0.00070  0.50   98492      69   98457  5720938  58.09
1985-1989       17      0.00120  0.00120  0.50   98423     118   98364  5622480  57.13
1985-1989       18      0.00157  0.00157  0.50   98305     154   98228  5524116  56.19
1985-1989       19      0.00172  0.00172  0.50   98151     169   98067  5425888  55.28
1985-1989       20      0.00152  0.00152  0.50   97982     149   97908  5327822  54.38
1985-1989       21      0.00154  0.00154  0.50   97833     150   97758  5229914  53.46
1985-1989       22      0.00160  0.00160  0.50   97683     157   97605  5132156  52.54
1985-1989       23      0.00130  0.00130  0.50   97527     127   97463  5034551  51.62
1985-1989       24      0.00145  0.00145  0.50   97400     141   97329  4937087  50.69
1985-1989       25      0.00132  0.00131  0.50   97259     128   97195  4839758  49.76
1985-1989       26      0.00145  0.00145  0.50   97131     141   97060  4742563  48.83
1985-1989       27      0.00126  0.00126  0.50   96990     122   96929  4645503  47.90
1985-1989       28      0.00146  0.00145  0.50   96867     141   96797  4548574  46.96
1985-1989       29      0.00118  0.00118  0.50   96726     114   96669  4451777  46.02
1985-1989       30      0.00130  0.00129  0.50   96612     125   96550  4355108  45.08
1985-1989       31      0.00119  0.00119  0.50   96487     114   96430  4258558  44.14
1985-1989       32      0.00129  0.00129  0.50   96373     124   96311  4162128  43.19
1985-1989       33      0.00147  0.00147  0.50   96249     142   96178  4065817  42.24
1985-1989       34      0.00155  0.00155  0.50   96107     148   96033  3969639  41.30
1985-1989       35      0.00161  0.00161  0.50   95959     154   95881  3873606  40.37
1985-1989       36      0.00172  0.00172  0.50   95804     164   95722  3777725  39.43
1985-1989       37      0.00170  0.00170  0.50   95640     162   95559  3682003  38.50
1985-1989       38      0.00173  0.00172  0.50   95477     165   95395  3586444  37.56
1985-1989       39      0.00169  0.00169  0.50   95313     161   95232  3491049  36.63
1985-1989       40      0.00163  0.00163  0.50   95152     155   95074  3395817  35.69
1985-1989       41      0.00203  0.00202  0.50   94997     192   94900  3300743  34.75
1985-1989       42      0.00197  0.00197  0.50   94804     187   94711  3205843  33.82
1985-1989       43      0.00246  0.00246  0.50   94618     232   94502  3111132  32.88
1985-1989       44      0.00278  0.00278  0.50   94385     262   94254  3016630  31.96
1985-1989       45      0.00287  0.00287  0.50   94123     270   93988  2922376  31.05
1985-1989       46      0.00311  0.00310  0.50   93853     291   93708  2828388  30.14
1985-1989       47      0.00336  0.00335  0.50   93562     314   93405  2734680  29.23
1985-1989       48      0.00379  0.00378  0.50   93248     353   93072  2641275  28.33
1985-1989       49      0.00423  0.00422  0.50   92896     392   92700  2548203  27.43
1985-1989       50      0.00483  0.00482  0.50   92504     446   92281  2455504  26.54
1985-1989       51      0.00588  0.00587  0.50   92058     540   91788  2363223  25.67
1985-1989       52      0.00621  0.00620  0.50   91518     567   91234  2271435  24.82
1985-1989       53      0.00701  0.00699  0.50   90951     636   90633  2180200  23.97
1985-1989       54      0.00818  0.00815  0.50   90315     736   89947  2089567  23.14
1985-1989       55      0.00834  0.00831  0.50   89579     744   89207  1999620  22.32
1985-1989       56      0.00983  0.00978  0.50   88836     869   88401  1910412  21.51
1985-1989       57      0.01073  0.01067  0.50   87967     939   87498  1822011  20.71
1985-1989       58      0.01083  0.01077  0.50   87028     938   86559  1734513  19.93
1985-1989       59      0.01394  0.01384  0.50   86090    1192   85495  1647954  19.14
1985-1989       60      0.01522  0.01510  0.50   84899    1282   84258  1562460  18.40
1985-1989       61      0.01521  0.01509  0.50   83617    1262   82986  1478202  17.68
1985-1989       62      0.01713  0.01698  0.50   82355    1398   81655  1395216  16.94
1985-1989       63      0.02012  0.01992  0.50   80956    1613   80150  1313561  16.23
1985-1989       64      0.02162  0.02139  0.50   79343    1697   78495  1233411  15.55
1985-1989       65      0.02314  0.02287  0.50   77646    1776   76758  1154916  14.87
1985-1989       66      0.02410  0.02381  0.50   75870    1806   74967  1078158  14.21
1985-1989       67      0.02817  0.02778  0.50   74064    2058   73035  1003191  13.54
1985-1989       68      0.02860  0.02820  0.50   72006    2031   70991   930156  12.92
1985-1989       69      0.03299  0.03245  0.50   69976    2271   68840   859165  12.28
1985-1989       70      0.03641  0.03576  0.50   67705    2421   66494   790325  11.67
1985-1989       71      0.03938  0.03862  0.50   65284    2521   64023   723831  11.09
1985-1989       72      0.04543  0.04442  0.50   62763    2788   61369   659808  10.51
1985-1989       73      0.04935  0.04816  0.50   59975    2889   58531   598439   9.98
1985-1989       74      0.05286  0.05150  0.50   57086    2940   55616   539908   9.46
1985-1989       75      0.05818  0.05653  0.50   54147    3061   52616   484292   8.94
1985-1989       76      0.06711  0.06493  0.50   51085    3317   49427   431676   8.45
1985-1989       77      0.06492  0.06288  0.50   47769    3004   46267   382249   8.00
1985-1989       78      0.07490  0.07220  0.50   44765    3232   43149   335982   7.51
1985-1989       79      0.08129  0.07812  0.50   41533    3245   39911   292833   7.05
1985-1989       80      0.09066  0.08672  0.50   38288    3321   36628   252923   6.61
1985-1989       81      0.09911  0.09443  0.50   34968    3302   33317   216295   6.19
1985-1989       82      0.11206  0.10611  0.50   31666    3360   29986   182978   5.78
1985-1989       83      0.12610  0.11862  0.50   28306    3358   26627   152992   5.41
1985-1989       84      0.14376  0.13412  0.50   24948    3346   23275   126366   5.07
1985-1989       85      0.15292  0.14206  0.50   21602    3069   20068   103091   4.77
1985-1989       86      0.15734  0.14587  0.50   18533    2703   17182    83023   4.48
1985-1989       87      0.19445  0.17722  0.50   15830    2805   14427    65841   4.16
1985-1989       88      0.18847  0.17224  0.50   13025    2243   11903    51414   3.95
1985-1989       89      0.21937  0.19768  0.50   10781    2131    9716    39511   3.66
1985-1989       90      0.23604  0.21112  0.50    8650    1826    7737    29796   3.44
1985-1989       91      0.24615  0.21918  0.50    6824    1496    6076    22059   3.23
1985-1989       92      0.26350  0.23282  0.50    5328    1241    4708    15983   3.00
1985-1989       93      0.31604  0.27292  0.50    4088    1116    3530    11275   2.76
1985-1989       94      0.35046  0.29820  0.50    2972     886    2529     7745   2.61
1985-1989       95      0.35323  0.30021  0.50    2086     626    1773     5216   2.50
1985-1989       96      0.37935  0.31887  0.50    1460     465    1227     3444   2.36
1985-1989       97      0.40619  0.33762  0.50     994     336     826     2217   2.23
1985-1989       98      0.43360  0.35634  0.50     659     235     541     1390   2.11
1985-1989       99      0.46142  0.37492  0.50     424     159     344      849   2.00
1985-1989      100      0.48949  0.39325  0.50     265     104     213      505   1.91
1985-1989      101      0.51762  0.41120  0.50     161      66     128      292   1.82
1985-1989      102      0.54565  0.42869  0.50      95      41      74      164   1.73
1985-1989      103      0.57338  0.44562  0.50      54      24      42       90   1.66
1985-1989      104      0.60066  0.46193  0.50      30      14      23       48   1.60
1985-1989      105      0.62733  0.47754  0.50      16       8      12       25   1.54
1985-1989      106      0.65325  0.49242  0.50       8       4       6       12   1.48
1985-1989      107      0.67829  0.50651  0.50       4       2       3        6   1.43
1985-1989      108      0.70235  0.51980  0.50       2       1       2        3   1.39
1985-1989      109      0.72533  0.53229  0.50       1       1       1        1   1.36
1985-1989      110+     0.74718  1.00000  1.34       0       0       1        1   1.34
1990-1994        0      0.00807  0.00801  0.13  100000     801   99305  7462139  74.62
1990-1994        1      0.00062  0.00061  0.50   99199      61   99168  7362834  74.22
1990-1994        2      0.00050  0.00050  0.50   99138      49   99113  7263666  73.27
1990-1994        3      0.00045  0.00045  0.50   99088      44   99066  7164553  72.30
1990-1994        4      0.00029  0.00029  0.50   99044      29   99029  7065487  71.34
1990-1994        5      0.00016  0.00016  0.50   99015      16   99007  6966457  70.36
1990-1994        6      0.00023  0.00023  0.50   98999      23   98987  6867451  69.37
1990-1994        7      0.00023  0.00023  0.50   98976      23   98964  6768464  68.39
1990-1994        8      0.00015  0.00015  0.50   98953      15   98946  6669499  67.40
1990-1994        9      0.00030  0.00030  0.50   98938      30   98923  6570554  66.41
1990-1994       10      0.00032  0.00032  0.50   98909      31   98893  6471630  65.43
1990-1994       11      0.00020  0.00020  0.50   98877      20   98868  6372737  64.45
1990-1994       12      0.00020  0.00020  0.50   98858      20   98848  6273870  63.46
1990-1994       13      0.00014  0.00014  0.50   98838      14   98831  6175022  62.48
1990-1994       14      0.00036  0.00036  0.50   98824      36   98806  6076191  61.49
1990-1994       15      0.00050  0.00050  0.50   98788      49   98763  5977386  60.51
1990-1994       16      0.00062  0.00062  0.50   98739      62   98708  5878623  59.54
1990-1994       17      0.00097  0.00097  0.50   98677      96   98629  5779915  58.57
1990-1994       18      0.00109  0.00109  0.50   98581     108   98527  5681286  57.63
1990-1994       19      0.00133  0.00133  0.50   98473     131   98408  5582759  56.69
1990-1994       20      0.00122  0.00122  0.50   98342     120   98283  5484351  55.77
1990-1994       21      0.00134  0.00134  0.50   98223     132   98157  5386068  54.84
1990-1994       22      0.00140  0.00140  0.50   98091     137   98022  5287911  53.91
1990-1994       23      0.00117  0.00117  0.50   97954     115   97896  5189889  52.98
1990-1994       24      0.00117  0.00117  0.50   97839     115   97782  5091993  52.04
1990-1994       25      0.00098  0.00098  0.50   97724      96   97676  4994211  51.11
1990-1994       26      0.00127  0.00127  0.50   97628     124   97566  4896535  50.15
1990-1994       27      0.00118  0.00118  0.50   97504     115   97447  4798969  49.22
1990-1994       28      0.00111  0.00111  0.50   97389     108   97335  4701522  48.28
1990-1994       29      0.00153  0.00153  0.50   97281     149   97207  4604187  47.33
1990-1994       30      0.00135  0.00135  0.50   97132     131   97067  4506981  46.40
1990-1994       31      0.00132  0.00132  0.50   97001     128   96937  4409914  45.46
1990-1994       32      0.00124  0.00124  0.50   96873     120   96813  4312977  44.52
1990-1994       33      0.00126  0.00126  0.50   96753     122   96692  4216164  43.58
1990-1994       34      0.00147  0.00147  0.50   96631     142   96560  4119472  42.63
1990-1994       35      0.00134  0.00134  0.50   96489     129   96424  4022912  41.69
1990-1994       36      0.00159  0.00159  0.50   96359     153   96283  3926488  40.75
1990-1994       37      0.00155  0.00155  0.50   96207     149   96132  3830205  39.81
1990-1994       38      0.00139  0.00138  0.50   96057     133   95991  3734073  38.87
1990-1994       39      0.00158  0.00157  0.50   95924     151   95849  3638082  37.93
1990-1994       40      0.00171  0.00171  0.50   95773     164   95691  3542234  36.99
1990-1994       41      0.00183  0.00183  0.50   95609     175   95522  3446542  36.05
1990-1994       42      0.00200  0.00200  0.50   95435     191   95339  3351020  35.11
1990-1994       43      0.00189  0.00189  0.50   95244     180   95154  3255681  34.18
1990-1994       44      0.00228  0.00228  0.50   95064     217   94956  3160527  33.25
1990-1994       45      0.00238  0.00238  0.50   94847     226   94735  3065571  32.32
1990-1994       46      0.00278  0.00278  0.50   94622     263   94490  2970836  31.40
1990-1994       47      0.00277  0.00276  0.50   94359     261   94229  2876346  30.48
1990-1994       48      0.00307  0.00307  0.50   94098     289   93954  2782117  29.57
1990-1994       49      0.00345  0.00345  0.50   93810     323   93648  2688164  28.66
1990-1994       50      0.00436  0.00435  0.50   93486     406   93283  2594516  27.75
1990-1994       51      0.00431  0.00430  0.50   93080     400   92880  2501233  26.87
1990-1994       52      0.00437  0.00436  0.50   92680     404   92477  2408353  25.99
1990-1994       53      0.00558  0.00556  0.50   92275     513   92018  2315876  25.10
1990-1994       54      0.00641  0.00639  0.50   91762     586   91469  2223857  24.24
1990-1994       55      0.00713  0.00710  0.50   91176     648   90852  2132389  23.39
1990-1994       56      0.00729  0.00727  0.50   90528     658   90199  2041537  22.55
1990-1994       57      0.00890  0.00886  0.50   89870     797   89472  1951338  21.71
1990-1994       58      0.01017  0.01012  0.50   89073     901   88623  1861867  20.90
1990-1994       59      0.01111  0.01104  0.50   88172     974   87685  1773244  20.11
1990-1994       60      0.01218  0.01211  0.50   87198    1056   86670  1685559  19.33
1990-1994       61      0.01363  0.01354  0.50   86142    1167   85559  1598888  18.56
1990-1994       62      0.01526  0.01515  0.50   84976    1287   84332  1513329  17.81
1990-1994       63      0.01677  0.01663  0.50   83689    1392   82993  1428997  17.08
1990-1994       64      0.01824  0.01808  0.50   82297    1488   81553  1346004  16.36
1990-1994       65      0.02015  0.01995  0.50   80809    1612   80003  1264451  15.65
1990-1994       66      0.02187  0.02163  0.50   79197    1713   78341  1184448  14.96
1990-1994       67      0.02494  0.02463  0.50   77484    1909   76529  1106107  14.28
1990-1994       68      0.02752  0.02715  0.50   75575    2052   74549  1029578  13.62
1990-1994       69      0.03032  0.02987  0.50   73523    2196   72425   955029  12.99
1990-1994       70      0.03091  0.03044  0.50   71327    2171   70241   882604  12.37
1990-1994       71      0.03518  0.03457  0.50   69156    2391   67960   812363  11.75
1990-1994       72      0.03791  0.03721  0.50   66765    2484   65523   744403  11.15
1990-1994       73      0.04129  0.04046  0.50   64281    2601   62980   678880  10.56
1990-1994       74      0.04694  0.04586  0.50   61680    2829   60265   615900   9.99
1990-1994       75      0.05101  0.04974  0.50   58851    2927   57387   555635   9.44
1990-1994       76      0.05808  0.05644  0.50   55924    3156   54346   498247   8.91
1990-1994       77      0.06357  0.06161  0.50   52767    3251   51142   443902   8.41
1990-1994       78      0.06817  0.06592  0.50   49516    3264   47884   392760   7.93
1990-1994       79      0.08134  0.07816  0.50   46252    3615   44445   344876   7.46
1990-1994       80      0.08487  0.08141  0.50   42637    3471   40901   300431   7.05
1990-1994       81      0.09457  0.09030  0.50   39166    3537   37397   259530   6.63
1990-1994       82      0.10662  0.10122  0.50   35629    3606   33826   222132   6.23
1990-1994       83      0.10930  0.10363  0.50   32023    3319   30363   188306   5.88
1990-1994       84      0.11914  0.11244  0.50   28704    3228   27090   157943   5.50
1990-1994       85      0.13378  0.12539  0.50   25476    3195   23879   130853   5.14
1990-1994       86      0.14871  0.13842  0.50   22282    3084   20740   106974   4.80
1990-1994       87      0.16265  0.15042  0.50   19198    2888   17754    86234   4.49
1990-1994       88      0.17420  0.16025  0.50   16310    2614   15003    68480   4.20
1990-1994       89      0.20148  0.18304  0.50   13696    2507   12443    53477   3.90
1990-1994       90      0.21616  0.19507  0.50   11189    2183   10098    41034   3.67
1990-1994       91      0.23357  0.20915  0.50    9007    1884    8065    30936   3.43
1990-1994       92      0.24282  0.21653  0.50    7123    1542    6352    22871   3.21
1990-1994       93      0.29792  0.25929  0.50    5581    1447    4857    16519   2.96
1990-1994       94      0.31659  0.27332  0.50    4134    1130    3569    11662   2.82
1990-1994       95      0.32291  0.27802  0.50    3004     835    2586     8094   2.69
1990-1994       96      0.34747  0.29604  0.50    2169     642    1848     5507   2.54
1990-1994       97      0.37288  0.31428  0.50    1527     480    1287     3660   2.40
1990-1994       98      0.39900  0.33264  0.50    1047     348     873     2373   2.27
1990-1994       99      0.42571  0.35100  0.50     699     245     576     1500   2.15
1990-1994      100      0.45286  0.36925  0.50     453     167     370      924   2.04
1990-1994      101      0.48030  0.38729  0.50     286     111     231      554   1.94
1990-1994      102      0.50785  0.40501  0.50     175      71     140      324   1.85
1990-1994      103      0.53536  0.42231  0.50     104      44      82      184   1.77
1990-1994      104      0.56265  0.43912  0.50      60      26      47      102   1.69
1990-1994      105      0.58957  0.45534  0.50      34      15      26       55   1.62
1990-1994      106      0.61596  0.47093  0.50      18       9      14       29   1.56
1990-1994      107      0.64169  0.48582  0.50      10       5       7       15   1.51
1990-1994      108      0.66663  0.49998  0.50       5       3       4        7   1.46
1990-1994      109      0.69066  0.51338  0.50       3       1       2        4   1.43
1990-1994      110+     0.71371  1.00000  1.40       1       1       2        2   1.40
1995-1999        0      0.00684  0.00680  0.14  100000     680   99412  7576784  75.77
1995-1999        1      0.00073  0.00073  0.50   99320      72   99284  7477371  75.29
1995-1999        2      0.00040  0.00040  0.50   99248      39   99228  7378087  74.34
1995-1999        3      0.00038  0.00038  0.50   99209      38   99190  7278859  73.37
1995-1999        4      0.00028  0.00028  0.50   99171      28   99157  7179669  72.40
1995-1999        5      0.00021  0.00021  0.50   99142      21   99132  7080513  71.42
1995-1999        6      0.00019  0.00019  0.50   99121      19   99112  6981381  70.43
1995-1999        7      0.00015  0.00015  0.50   99103      15   99095  6882269  69.45
1995-1999        8      0.00018  0.00018  0.50   99088      18   99079  6783173  68.46
1995-1999        9      0.00015  0.00015  0.50   99070      15   99062  6684094  67.47
1995-1999       10      0.00013  0.00013  0.50   99055      13   99049  6585032  66.48
1995-1999       11      0.00021  0.00021  0.50   99042      20   99032  6485983  65.49
1995-1999       12      0.00022  0.00022  0.50   99022      22   99011  6386951  64.50
1995-1999       13      0.00016  0.00016  0.50   99000      15   98992  6287940  63.51
1995-1999       14      0.00026  0.00026  0.50   98985      26   98972  6188948  62.52
1995-1999       15      0.00047  0.00047  0.50   98959      46   98935  6089976  61.54
1995-1999       16      0.00064  0.00064  0.50   98912      63   98880  5991041  60.57
1995-1999       17      0.00081  0.00081  0.50   98849      80   98809  5892161  59.61
1995-1999       18      0.00150  0.00149  0.50   98768     148   98695  5793352  58.66
1995-1999       19      0.00127  0.00127  0.50   98621     125   98558  5694657  57.74
1995-1999       20      0.00128  0.00128  0.50   98496     126   98433  5596099  56.82
1995-1999       21      0.00137  0.00137  0.50   98370     134   98303  5497666  55.89
1995-1999       22      0.00133  0.00133  0.50   98235     131   98170  5399364  54.96
1995-1999       23      0.00139  0.00138  0.50   98104     136   98037  5301194  54.04
1995-1999       24      0.00124  0.00124  0.50   97969     122   97908  5203157  53.11
1995-1999       25      0.00129  0.00129  0.50   97847     126   97784  5105249  52.18
1995-1999       26      0.00143  0.00143  0.50   97721     140   97651  5007466  51.24
1995-1999       27      0.00138  0.00138  0.50   97581     134   97514  4909815  50.32
1995-1999       28      0.00127  0.00127  0.50   97446     124   97385  4812301  49.38
1995-1999       29      0.00115  0.00114  0.50   97323     111   97267  4714917  48.45
1995-1999       30      0.00143  0.00143  0.50   97211     139   97142  4617650  47.50
1995-1999       31      0.00139  0.00139  0.50   97073     135   97005  4520508  46.57
1995-1999       32      0.00144  0.00144  0.50   96938     140   96868  4423502  45.63
1995-1999       33      0.00139  0.00139  0.50   96798     135   96731  4326634  44.70
1995-1999       34      0.00168  0.00167  0.50   96663     162   96583  4229903  43.76
1995-1999       35      0.00151  0.00151  0.50   96502     146   96429  4133321  42.83
1995-1999       36      0.00159  0.00159  0.50   96356     153   96279  4036892  41.90
1995-1999       37      0.00159  0.00159  0.50   96203     153   96126  3940613  40.96
1995-1999       38      0.00163  0.00163  0.50   96050     157   95971  3844486  40.03
1995-1999       39      0.00177  0.00177  0.50   95893     169   95808  3748515  39.09
1995-1999       40      0.00181  0.00180  0.50   95724     173   95637  3652707  38.16
1995-1999       41      0.00184  0.00184  0.50   95551     176   95463  3557070  37.23
1995-1999       42      0.00197  0.00197  0.50   95375     188   95281  3461607  36.29
1995-1999       43      0.00219  0.00218  0.50   95187     208   95083  3366326  35.37
1995-1999       44      0.00202  0.00201  0.50   94979     191   94884  3271243  34.44
1995-1999       45      0.00266  0.00266  0.50   94788     252   94662  3176359  33.51
1995-1999       46      0.00255  0.00255  0.50   94536     241   94415  3081697  32.60
1995-1999       47      0.00279  0.00279  0.50   94295     263   94163  2987282  31.68
1995-1999       48      0.00276  0.00276  0.50   94032     260   93902  2893118  30.77
1995-1999       49      0.00317  0.00317  0.50   93772     297   93624  2799216  29.85
1995-1999       50      0.00370  0.00369  0.50   93475     345   93303  2705592  28.94
1995-1999       51      0.00393  0.00393  0.50   93130     366   92947  2612290  28.05
1995-1999       52      0.00405  0.00404  0.50   92764     375   92577  2519342  27.16
1995-1999       53      0.00499  0.00498  0.50   92389     460   92159  2426766  26.27
1995-1999       54      0.00537  0.00536  0.50   91929     492   91683  2334606  25.40
1995-1999       55      0.00585  0.00583  0.50   91437     533   91170  2242923  24.53
1995-1999       56      0.00658  0.00656  0.50   90903     596   90605  2151753  23.67
1995-1999       57      0.00743  0.00740  0.50   90307     669   89973  2061148  22.82
1995-1999       58      0.00835  0.00831  0.50   89638     745   89266  1971176  21.99
1995-1999       59      0.00864  0.00861  0.50   88893     765   88511  1881910  21.17
1995-1999       60      0.01008  0.01003  0.50   88128     884   87686  1793399  20.35
1995-1999       61      0.01094  0.01088  0.50   87244     949   86770  1705713  19.55
1995-1999       62      0.01254  0.01246  0.50   86295    1075   85758  1618943  18.76
1995-1999       63      0.01394  0.01384  0.50   85220    1179   84630  1533186  17.99
1995-1999       64      0.01564  0.01552  0.50   84040    1304   83388  1448556  17.24
1995-1999       65      0.01678  0.01664  0.50   82736    1377   82047  1365167  16.50
1995-1999       66      0.01852  0.01835  0.50   81359    1493   80612  1283120  15.77
1995-1999       67      0.02085  0.02064  0.50   79866    1648   79042  1202508  15.06
1995-1999       68      0.02371  0.02344  0.50   78217    1833   77301  1123466  14.36
1995-1999       69      0.02571  0.02538  0.50   76384    1939   75415  1046165  13.70
1995-1999       70      0.02965  0.02922  0.50   74445    2175   73358   970750  13.04
1995-1999       71      0.03160  0.03111  0.50   72270    2248   71146   897393  12.42
1995-1999       72      0.03455  0.03396  0.50   70022    2378   68833   826246  11.80
1995-1999       73      0.03832  0.03760  0.50   67644    2544   66372   757413  11.20
1995-1999       74      0.04165  0.04080  0.50   65101    2656   63773   691041  10.61
1995-1999       75      0.04514  0.04414  0.50   62445    2756   61067   627268  10.05
1995-1999       76      0.04954  0.04834  0.50   59688    2885   58246   566202   9.49
1995-1999       77      0.05358  0.05218  0.50   56803    2964   55321   507956   8.94
1995-1999       78      0.05957  0.05785  0.50   53839    3114   52282   452635   8.41
1995-1999       79      0.06413  0.06214  0.50   50725    3152   49149   400353   7.89
1995-1999       80      0.07730  0.07442  0.50   47573    3541   45802   351205   7.38
1995-1999       81      0.08259  0.07932  0.50   44032    3493   42286   305402   6.94
1995-1999       82      0.09617  0.09176  0.50   40540    3720   38680   263116   6.49
1995-1999       83      0.10313  0.09807  0.50   36820    3611   35014   224437   6.10
1995-1999       84      0.11352  0.10742  0.50   33209    3567   31425   189422   5.70
1995-1999       85      0.12646  0.11894  0.50   29642    3525   27879   157997   5.33
1995-1999       86      0.13939  0.13031  0.50   26116    3403   24415   130118   4.98
1995-1999       87      0.15528  0.14410  0.50   22713    3273   21077   105703   4.65
1995-1999       88      0.17379  0.15989  0.50   19440    3108   17886    84627   4.35
1995-1999       89      0.18426  0.16871  0.50   16332    2755   14954    66741   4.09
1995-1999       90      0.19613  0.17861  0.50   13576    2425   12364    51786   3.81
1995-1999       91      0.23058  0.20675  0.50   11151    2306    9999    39423   3.54
1995-1999       92      0.23927  0.21371  0.50    8846    1890    7901    29424   3.33
1995-1999       93      0.25376  0.22519  0.50    6956    1566    6172    21523   3.09
1995-1999       94      0.31563  0.27261  0.50    5389    1469    4655    15351   2.85
1995-1999       95      0.31597  0.27286  0.50    3920    1070    3385    10696   2.73
1995-1999       96      0.34140  0.29162  0.50    2850     831    2435     7311   2.56
1995-1999       97      0.36778  0.31065  0.50    2019     627    1706     4876   2.41
1995-1999       98      0.39497  0.32984  0.50    1392     459    1162     3170   2.28
1995-1999       99      0.42284  0.34904  0.50     933     326     770     2008   2.15
1995-1999      100      0.45120  0.36814  0.50     607     224     495     1238   2.04
1995-1999      101      0.47988  0.38702  0.50     384     148     309      742   1.94
1995-1999      102      0.50869  0.40555  0.50     235      95     188      433   1.84
1995-1999      103      0.53745  0.42362  0.50     140      59     110      246   1.76
1995-1999      104      0.56596  0.44113  0.50      81      36      63      135   1.68
1995-1999      105      0.59404  0.45801  0.50      45      21      35       73   1.61
1995-1999      106      0.62152  0.47417  0.50      24      12      19       38   1.55
1995-1999      107      0.64824  0.48956  0.50      13       6      10       19   1.49
1995-1999      108      0.67407  0.50415  0.50       7       3       5        9   1.45
1995-1999      109      0.69887  0.51790  0.50       3       2       2        5   1.41
1995-1999      110+     0.72257  1.00000  1.38       2       2       2        2   1.38
2000-2004        0      0.00597  0.00594  0.14  100000     594   99488  7744998  77.45
2000-2004        1      0.00050  0.00050  0.50   99406      50   99381  7645510  76.91
2000-2004        2      0.00038  0.00038  0.50   99356      37   99338  7546129  75.95
2000-2004        3      0.00030  0.00030  0.50   99319      30   99304  7446791  74.98
2000-2004        4      0.00017  0.00017  0.50   99289      17   99280  7347488  74.00
2000-2004        5      0.00013  0.00013  0.50   99272      13   99266  7248207  73.01
2000-2004        6      0.00014  0.00014  0.50   99259      14   99252  7148942  72.02
2000-2004        7      0.00020  0.00020  0.50   99245      20   99235  7049689  71.03
2000-2004        8      0.00015  0.00015  0.50   99225      15   99218  6950454  70.05
2000-2004        9      0.00013  0.00013  0.50   99210      13   99204  6851237  69.06
2000-2004       10      0.00010  0.00010  0.50   99198      10   99193  6752033  68.07
2000-2004       11      0.00013  0.00013  0.50   99187      13   99181  6652840  67.07
2000-2004       12      0.00018  0.00018  0.50   99175      18   99166  6553659  66.08
2000-2004       13      0.00021  0.00021  0.50   99157      20   99146  6454494  65.09
2000-2004       14      0.00021  0.00021  0.50   99136      21   99126  6355347  64.11
2000-2004       15      0.00034  0.00034  0.50   99115      33   99098  6256222  63.12
2000-2004       16      0.00036  0.00036  0.50   99082      36   99064  6157123  62.14
2000-2004       17      0.00081  0.00081  0.50   99046      80   99006  6058060  61.16
2000-2004       18      0.00094  0.00094  0.50   98966      93   98919  5959054  60.21
2000-2004       19      0.00102  0.00102  0.50   98873     101   98823  5860134  59.27
2000-2004       20      0.00085  0.00085  0.50   98772      84   98730  5761312  58.33
2000-2004       21      0.00110  0.00110  0.50   98688     108   98634  5662582  57.38
2000-2004       22      0.00115  0.00115  0.50   98580     113   98523  5563948  56.44
2000-2004       23      0.00105  0.00105  0.50   98466     103   98414  5465425  55.51
2000-2004       24      0.00125  0.00125  0.50   98363     123   98301  5367011  54.56
2000-2004       25      0.00129  0.00129  0.50   98240     126   98177  5268709  53.63
2000-2004       26      0.00108  0.00108  0.50   98113     106   98060  5170533  52.70
2000-2004       27      0.00118  0.00118  0.50   98007     116   97950  5072472  51.76
2000-2004       28      0.00116  0.00116  0.50   97892     113   97835  4974523  50.82
2000-2004       29      0.00127  0.00127  0.50   97778     124   97716  4876688  49.87
2000-2004       30      0.00115  0.00115  0.50   97655     112   97598  4778971  48.94
2000-2004       31      0.00126  0.00126  0.50   97542     123   97481  4681373  47.99
2000-2004       32      0.00137  0.00137  0.50   97420     133   97353  4583892  47.05
2000-2004       33      0.00130  0.00130  0.50   97286     126   97223  4486539  46.12
2000-2004       34      0.00114  0.00114  0.50   97160     110   97105  4389316  45.18
2000-2004       35      0.00122  0.00122  0.50   97050     119   96990  4292211  44.23
2000-2004       36      0.00136  0.00136  0.50   96931     132   96865  4195221  43.28
2000-2004       37      0.00141  0.00141  0.50   96799     137   96731  4098356  42.34
2000-2004       38      0.00145  0.00145  0.50   96662     140   96592  4001625  41.40
2000-2004       39      0.00152  0.00152  0.50   96522     147   96449  3905032  40.46
2000-2004       40      0.00166  0.00166  0.50   96376     160   96295  3808583  39.52
2000-2004       41      0.00164  0.00164  0.50   96215     158   96136  3712288  38.58
2000-2004       42      0.00170  0.00170  0.50   96057     163   95976  3616152  37.65
2000-2004       43      0.00219  0.00219  0.50   95894     210   95789  3520176  36.71
2000-2004       44      0.00206  0.00206  0.50   95684     197   95586  3424386  35.79
2000-2004       45      0.00228  0.00228  0.50   95488     217   95379  3328800  34.86
2000-2004       46      0.00229  0.00228  0.50   95270     218   95161  3233422  33.94
2000-2004       47      0.00273  0.00273  0.50   95053     259   94923  3138260  33.02
2000-2004       48      0.00306  0.00306  0.50   94793     290   94648  3043337  32.10
2000-2004       49      0.00287  0.00286  0.50   94503     271   94368  2948689  31.20
2000-2004       50      0.00319  0.00319  0.50   94233     300   94083  2854321  30.29
2000-2004       51      0.00328  0.00328  0.50   93932     308   93778  2760239  29.39
2000-2004       52      0.00391  0.00390  0.50   93625     365   93442  2666460  28.48
2000-2004       53      0.00437  0.00436  0.50   93259     407   93056  2573018  27.59
2000-2004       54      0.00429  0.00428  0.50   92852     398   92654  2479962  26.71
2000-2004       55      0.00507  0.00506  0.50   92455     468   92221  2387309  25.82
2000-2004       56      0.00507  0.00506  0.50   91987     465   91754  2295088  24.95
2000-2004       57      0.00628  0.00626  0.50   91522     573   91235  2203334  24.07
2000-2004       58      0.00678  0.00676  0.50   90949     615   90642  2112098  23.22
2000-2004       59      0.00699  0.00697  0.50   90334     629   90020  2021457  22.38
2000-2004       60      0.00903  0.00899  0.50   89705     806   89302  1931437  21.53
2000-2004       61      0.00910  0.00906  0.50   88899     805   88496  1842135  20.72
2000-2004       62      0.00951  0.00946  0.50   88093     833   87677  1753639  19.91
2000-2004       63      0.01080  0.01075  0.50   87260     938   86791  1665962  19.09
2000-2004       64      0.01283  0.01275  0.50   86322    1101   85772  1579171  18.29
2000-2004       65      0.01424  0.01414  0.50   85222    1205   84619  1493399  17.52
2000-2004       66      0.01467  0.01457  0.50   84016    1224   83405  1408780  16.77
2000-2004       67      0.01726  0.01711  0.50   82793    1417   82084  1325376  16.01
2000-2004       68      0.01893  0.01876  0.50   81376    1526   80613  1243291  15.28
2000-2004       69      0.02005  0.01985  0.50   79850    1585   79057  1162679  14.56
2000-2004       70      0.02411  0.02382  0.50   78264    1865   77332  1083622  13.85
2000-2004       71      0.02375  0.02347  0.50   76400    1793   75503  1006290  13.17
2000-2004       72      0.02785  0.02747  0.50   74607    2049   73582   930786  12.48
2000-2004       73      0.03223  0.03172  0.50   72557    2301   71406   857205  11.81
2000-2004       74      0.03315  0.03261  0.50   70256    2291   69110   785798  11.18
2000-2004       75      0.03846  0.03773  0.50   67965    2565   66683   716688  10.54
2000-2004       76      0.04301  0.04211  0.50   65400    2754   64023   650006   9.94
2000-2004       77      0.04665  0.04558  0.50   62646    2856   61219   585982   9.35
2000-2004       78      0.05426  0.05282  0.50   59791    3158   58212   524764   8.78
2000-2004       79      0.05927  0.05757  0.50   56632    3260   55002   466552   8.24
2000-2004       80      0.06701  0.06483  0.50   53372    3460   51642   411550   7.71
2000-2004       81      0.07451  0.07183  0.50   49912    3585   48119   359908   7.21
2000-2004       82      0.08114  0.07798  0.50   46327    3613   44520   311788   6.73
2000-2004       83      0.09362  0.08943  0.50   42714    3820   40804   267268   6.26
2000-2004       84      0.10761  0.10211  0.50   38894    3972   36908   226464   5.82
2000-2004       85      0.12183  0.11484  0.50   34923    4010   32917   189555   5.43
2000-2004       86      0.12774  0.12007  0.50   30912    3712   29056   156638   5.07
2000-2004       87      0.14616  0.13620  0.50   27201    3705   25348   127582   4.69
2000-2004       88      0.16323  0.15092  0.50   23496    3546   21723   102233   4.35
2000-2004       89      0.18477  0.16914  0.50   19950    3374   18263    80511   4.04
2000-2004       90      0.20841  0.18874  0.50   16575    3128   15011    62248   3.76
2000-2004       91      0.21947  0.19776  0.50   13447    2659   12117    47237   3.51
2000-2004       92      0.24043  0.21463  0.50   10788    2315    9630    35119   3.26
2000-2004       93      0.27313  0.24031  0.50    8472    2036    7454    25489   3.01
2000-2004       94      0.31060  0.26885  0.50    6436    1730    5571    18035   2.80
2000-2004       95      0.32356  0.27850  0.50    4706    1311    4051    12464   2.65
2000-2004       96      0.35202  0.29933  0.50    3395    1016    2887     8413   2.48
2000-2004       97      0.38158  0.32044  0.50    2379     762    1998     5526   2.32
2000-2004       98      0.41203  0.34165  0.50    1617     552    1341     3528   2.18
2000-2004       99      0.44318  0.36279  0.50    1064     386     871     2187   2.06
2000-2004      100      0.47478  0.38370  0.50     678     260     548     1316   1.94
2000-2004      101      0.50658  0.40420  0.50     418     169     334      768   1.84
2000-2004      102      0.53833  0.42416  0.50     249     106     196      435   1.74
2000-2004      103      0.56978  0.44344  0.50     143      64     112      238   1.66
2000-2004      104      0.60067  0.46193  0.50      80      37      61      127   1.59
2000-2004      105      0.63077  0.47954  0.50      43      21      33       65   1.52
2000-2004      106      0.65990  0.49618  0.50      22      11      17       33   1.46
2000-2004      107      0.68786  0.51183  0.50      11       6       8       16   1.41
2000-2004      108      0.71452  0.52644  0.50       5       3       4        8   1.37
2000-2004      109      0.73976  0.54002  0.50       3       1       2        3   1.33
2000-2004      110+     0.76352  1.00000  1.31       1       1       2        2   1.31
2005-2009        0      0.00582  0.00579  0.14  100000     579   99501  7885645  78.86
2005-2009        1      0.00041  0.00041  0.50   99421      41   99401  7786144  78.31
2005-2009        2      0.00037  0.00037  0.50   99380      37   99362  7686744  77.35
2005-2009        3      0.00014  0.00014  0.50   99344      14   99337  7587382  76.38
2005-2009        4      0.00017  0.00017  0.50   99330      17   99321  7488045  75.39
2005-2009        5      0.00018  0.00018  0.50   99313      18   99304  7388724  74.40
2005-2009        6      0.00019  0.00019  0.50   99295      19   99285  7289420  73.41
2005-2009        7      0.00011  0.00011  0.50   99276      11   99271  7190134  72.43
2005-2009        8      0.00006  0.00006  0.50   99265       6   99263  7090864  71.43
2005-2009        9      0.00010  0.00010  0.50   99260      10   99255  6991601  70.44
2005-2009       10      0.00008  0.00008  0.50   99249       8   99245  6892346  69.44
2005-2009       11      0.00008  0.00008  0.50   99241       7   99237  6793101  68.45
2005-2009       12      0.00014  0.00014  0.50   99234      14   99227  6693864  67.46
2005-2009       13      0.00017  0.00017  0.50   99220      17   99211  6594637  66.47
2005-2009       14      0.00015  0.00015  0.50   99202      15   99195  6495426  65.48
2005-2009       15      0.00031  0.00031  0.50   99188      31   99172  6396231  64.49
2005-2009       16      0.00032  0.00032  0.50   99157      31   99141  6297059  63.51
2005-2009       17      0.00061  0.00061  0.50   99126      61   99095  6197917  62.53
2005-2009       18      0.00075  0.00075  0.50   99065      74   99028  6098822  61.56
2005-2009       19      0.00075  0.00075  0.50   98991      74   98954  5999794  60.61
2005-2009       20      0.00072  0.00072  0.50   98917      71   98881  5900840  59.65
2005-2009       21      0.00086  0.00086  0.50   98846      85   98803  5801959  58.70
2005-2009       22      0.00074  0.00074  0.50   98761      73   98724  5703156  57.75
2005-2009       23      0.00083  0.00083  0.50   98687      81   98647  5604432  56.79
2005-2009       24      0.00078  0.00078  0.50   98606      77   98567  5505786  55.84
2005-2009       25      0.00094  0.00094  0.50   98529      93   98483  5407218  54.88
2005-2009       26      0.00081  0.00081  0.50   98436      79   98396  5308736  53.93
2005-2009       27      0.00088  0.00088  0.50   98357      86   98313  5210339  52.97
2005-2009       28      0.00086  0.00086  0.50   98270      85   98228  5112026  52.02
2005-2009       29      0.00099  0.00099  0.50   98186      97   98137  5013798  51.06
2005-2009       30      0.00093  0.00093  0.50   98088      91   98043  4915661  50.11
2005-2009       31      0.00094  0.00094  0.50   97997      92   97951  4817618  49.16
2005-2009       32      0.00113  0.00113  0.50   97905     111   97850  4719667  48.21
2005-2009       33      0.00113  0.00113  0.50   97794     110   97739  4621817  47.26
2005-2009       34      0.00118  0.00118  0.50   97684     115   97626  4524078  46.31
2005-2009       35      0.00134  0.00134  0.50   97569     131   97503  4426452  45.37
2005-2009       36      0.00130  0.00130  0.50   97438     127   97374  4328949  44.43
2005-2009       37      0.00110  0.00110  0.50   97311     107   97258  4231575  43.49
2005-2009       38      0.00129  0.00129  0.50   97204     126   97141  4134317  42.53
2005-2009       39      0.00134  0.00134  0.50   97078     130   97013  4037176  41.59
2005-2009       40      0.00134  0.00134  0.50   96948     130   96883  3940163  40.64
2005-2009       41      0.00156  0.00156  0.50   96818     151   96743  3843280  39.70
2005-2009       42      0.00171  0.00170  0.50   96668     165   96585  3746536  38.76
2005-2009       43      0.00179  0.00179  0.50   96503     173   96417  3649951  37.82
2005-2009       44      0.00193  0.00192  0.50   96330     185   96238  3553534  36.89
2005-2009       45      0.00213  0.00213  0.50   96145     205   96042  3457297  35.96
2005-2009       46      0.00213  0.00212  0.50   95940     204   95838  3361254  35.03
2005-2009       47      0.00242  0.00241  0.50   95736     231   95621  3265416  34.11
2005-2009       48      0.00259  0.00259  0.50   95505     247   95382  3169795  33.19
2005-2009       49      0.00270  0.00270  0.50   95258     257   95130  3074414  32.27
2005-2009       50      0.00299  0.00299  0.50   95001     284   94859  2979284  31.36
2005-2009       51      0.00321  0.00320  0.50   94717     303   94566  2884425  30.45
2005-2009       52      0.00340  0.00339  0.50   94414     320   94254  2789859  29.55
2005-2009       53      0.00400  0.00399  0.50   94094     375   93906  2695606  28.65
2005-2009       54      0.00413  0.00413  0.50   93718     387   93525  2601699  27.76
2005-2009       55      0.00485  0.00483  0.50   93332     451   93106  2508174  26.87
2005-2009       56      0.00502  0.00501  0.50   92881     465   92648  2415068  26.00
2005-2009       57      0.00505  0.00504  0.50   92415     465   92182  2322420  25.13
2005-2009       58      0.00567  0.00565  0.50   91950     520   91690  2230238  24.25
2005-2009       59      0.00699  0.00696  0.50   91430     637   91112  2138548  23.39
2005-2009       60      0.00688  0.00685  0.50   90793     622   90482  2047436  22.55
2005-2009       61      0.00760  0.00758  0.50   90171     683   89830  1956954  21.70
2005-2009       62      0.00890  0.00886  0.50   89488     793   89092  1867124  20.86
2005-2009       63      0.00898  0.00894  0.50   88695     793   88298  1778032  20.05
2005-2009       64      0.01121  0.01115  0.50   87902     980   87412  1689734  19.22
2005-2009       65      0.01188  0.01181  0.50   86921    1027   86408  1602322  18.43
2005-2009       66      0.01314  0.01305  0.50   85895    1121   85334  1515914  17.65
2005-2009       67      0.01449  0.01438  0.50   84774    1219   84164  1430580  16.88
2005-2009       68      0.01539  0.01527  0.50   83554    1276   82916  1346416  16.11
2005-2009       69      0.01728  0.01714  0.50   82279    1410   81574  1263500  15.36
2005-2009       70      0.01930  0.01912  0.50   80869    1546   80096  1181926  14.62
2005-2009       71      0.02168  0.02145  0.50   79323    1701   78472  1101830  13.89
2005-2009       72      0.02361  0.02333  0.50   77621    1811   76716  1023358  13.18
2005-2009       73      0.02661  0.02626  0.50   75810    1991   74815   946642  12.49
2005-2009       74      0.02970  0.02927  0.50   73819    2161   72739   871827  11.81
2005-2009       75      0.03314  0.03260  0.50   71659    2336   70491   799088  11.15
2005-2009       76      0.03733  0.03665  0.50   69323    2541   68052   728598  10.51
2005-2009       77      0.04159  0.04074  0.50   66782    2721   65422   660545   9.89
2005-2009       78      0.04667  0.04560  0.50   64061    2921   62601   595123   9.29
2005-2009       79      0.05014  0.04891  0.50   61140    2990   59645   532523   8.71
2005-2009       80      0.06038  0.05861  0.50   58150    3408   56446   472878   8.13
2005-2009       81      0.06860  0.06633  0.50   54741    3631   52926   416432   7.61
2005-2009       82      0.07465  0.07197  0.50   51111    3678   49271   363507   7.11
2005-2009       83      0.08538  0.08188  0.50   47432    3884   45490   314235   6.62
2005-2009       84      0.09385  0.08964  0.50   43548    3904   41596   268745   6.17
2005-2009       85      0.10660  0.10120  0.50   39644    4012   37638   227149   5.73
2005-2009       86      0.12308  0.11595  0.50   35632    4132   33567   189510   5.32
2005-2009       87      0.13368  0.12530  0.50   31501    3947   29527   155944   4.95
2005-2009       88      0.15632  0.14498  0.50   27554    3995   25556   126416   4.59
2005-2009       89      0.16704  0.15417  0.50   23559    3632   21743   100860   4.28
2005-2009       90      0.18365  0.16820  0.50   19927    3352   18251    79118   3.97
2005-2009       91      0.19978  0.18164  0.50   16575    3011   15070    60867   3.67
2005-2009       92      0.23043  0.20663  0.50   13564    2803   12163    45797   3.38
2005-2009       93      0.26651  0.23517  0.50   10762    2531    9496    33634   3.13
2005-2009       94      0.27880  0.24469  0.50    8231    2014    7224    24138   2.93
2005-2009       95      0.31107  0.26920  0.50    6217    1674    5380    16914   2.72
2005-2009       96      0.33993  0.29054  0.50    4543    1320    3883    11534   2.54
2005-2009       97      0.37003  0.31225  0.50    3223    1006    2720     7650   2.37
2005-2009       98      0.40117  0.33414  0.50    2217     741    1846     4930   2.22
2005-2009       99      0.43313  0.35603  0.50    1476     526    1213     3084   2.09
2005-2009      100      0.46566  0.37772  0.50     951     359     771     1871   1.97
2005-2009      101      0.49849  0.39903  0.50     592     236     473     1100   1.86
2005-2009      102      0.53132  0.41980  0.50     355     149     281      626   1.76
2005-2009      103      0.56389  0.43987  0.50     206      91     161      345   1.67
2005-2009      104      0.59592  0.45912  0.50     116      53      89      184   1.60
2005-2009      105      0.62715  0.47744  0.50      62      30      48       95   1.53
2005-2009      106      0.65735  0.49474  0.50      33      16      25       48   1.47
2005-2009      107      0.68633  0.51098  0.50      16       8      12       23   1.41
2005-2009      108      0.71393  0.52612  0.50       8       4       6       11   1.37
2005-2009      109      0.74001  0.54015  0.50       4       2       3        5   1.33
2005-2009      110+     0.76451  1.00000  1.31       2       2       2        2   1.31
2010-2014        0      0.00505  0.00503  0.14  100000     503   99567  7990242  79.90
2010-2014        1      0.00036  0.00036  0.50   99497      36   99479  7890675  79.31
2010-2014        2      0.00021  0.00021  0.50   99461      21   99451  7791196  78.33
2010-2014        3      0.00014  0.00014  0.50   99440      14   99433  7691745  77.35
2010-2014        4      0.00009  0.00009  0.50   99426       9   99422  7592313  76.36
2010-2014        5      0.00008  0.00008  0.50   99417       8   99413  7492891  75.37
2010-2014        6      0.00012  0.00012  0.50   99409      12   99403  7393478  74.37
2010-2014        7      0.00008  0.00008  0.50   99397       8   99393  7294075  73.38
2010-2014        8      0.00012  0.00012  0.50   99389      12   99383  7194682  72.39
2010-2014        9      0.00009  0.00009  0.50   99377       9   99372  7095299  71.40
2010-2014       10      0.00007  0.00007  0.50   99368       7   99364  6995926  70.40
2010-2014       11      0.00007  0.00007  0.50   99361       7   99357  6896562  69.41
2010-2014       12      0.00012  0.00012  0.50   99353      12   99348  6797205  68.41
2010-2014       13      0.00014  0.00014  0.50   99342      14   99335  6697857  67.42
2010-2014       14      0.00026  0.00026  0.50   99328      26   99315  6598523  66.43
2010-2014       15      0.00024  0.00024  0.50   99302      24   99290  6499208  65.45
2010-2014       16      0.00023  0.00023  0.50   99278      23   99267  6399917  64.46
2010-2014       17      0.00056  0.00056  0.50   99255      56   99228  6300651  63.48
2010-2014       18      0.00062  0.00062  0.50   99200      61   99169  6201423  62.51
2010-2014       19      0.00068  0.00067  0.50   99139      67   99105  6102254  61.55
2010-2014       20      0.00066  0.00066  0.50   99072      66   99039  6003148  60.59
2010-2014       21      0.00079  0.00079  0.50   99006      78   98967  5904110  59.63
2010-2014       22      0.00065  0.00065  0.50   98928      64   98895  5805143  58.68
2010-2014       23      0.00071  0.00071  0.50   98863      71   98828  5706247  57.72
2010-2014       24      0.00062  0.00062  0.50   98793      61   98762  5607419  56.76
2010-2014       25      0.00079  0.00079  0.50   98732      78   98693  5508657  55.79
2010-2014       26      0.00082  0.00082  0.50   98654      80   98614  5409964  54.84
2010-2014       27      0.00076  0.00076  0.50   98574      75   98536  5311350  53.88
2010-2014       28      0.00083  0.00083  0.50   98499      81   98458  5212813  52.92
2010-2014       29      0.00079  0.00079  0.50   98418      78   98379  5114355  51.97
2010-2014       30      0.00080  0.00080  0.50   98340      78   98301  5015976  51.01
2010-2014       31      0.00091  0.00091  0.50   98262      89   98217  4917675  50.05
2010-2014       32      0.00110  0.00110  0.50   98173     108   98119  4819458  49.09
2010-2014       33      0.00090  0.00090  0.50   98065      88   98021  4721339  48.14
2010-2014       34      0.00102  0.00102  0.50   97977     100   97927  4623318  47.19
2010-2014       35      0.00107  0.00107  0.50   97877     105   97824  4525391  46.24
2010-2014       36      0.00118  0.00118  0.50   97772     115   97714  4427567  45.28
2010-2014       37      0.00132  0.00132  0.50   97657     129   97592  4329852  44.34
2010-2014       38      0.00130  0.00130  0.50   97528     126   97465  4232260  43.40
2010-2014       39      0.00139  0.00139  0.50   97402     135   97334  4134795  42.45
2010-2014       40      0.00148  0.00148  0.50   97266     144   97194  4037461  41.51
2010-2014       41      0.00153  0.00153  0.50   97122     149   97048  3940267  40.57
2010-2014       42      0.00159  0.00159  0.50   96973     154   96896  3843220  39.63
2010-2014       43      0.00180  0.00180  0.50   96819     174   96732  3746324  38.69
2010-2014       44      0.00167  0.00167  0.50   96645     161   96564  3649591  37.76
2010-2014       45      0.00201  0.00201  0.50   96484     194   96387  3553027  36.83
2010-2014       46      0.00217  0.00217  0.50   96290     209   96185  3456640  35.90
2010-2014       47      0.00212  0.00212  0.50   96081     204   95979  3360455  34.98
2010-2014       48      0.00241  0.00241  0.50   95877     231   95762  3264476  34.05
2010-2014       49      0.00279  0.00279  0.50   95646     267   95513  3168714  33.13
2010-2014       50      0.00323  0.00322  0.50   95379     308   95226  3073202  32.22
2010-2014       51      0.00306  0.00305  0.50   95072     290   94927  2977976  31.32
2010-2014       52      0.00351  0.00351  0.50   94782     333   94615  2883049  30.42
2010-2014       53      0.00369  0.00368  0.50   94449     347   94275  2788434  29.52
2010-2014       54      0.00396  0.00395  0.50   94102     372   93916  2694159  28.63
2010-2014       55      0.00447  0.00446  0.50   93730     418   93521  2600243  27.74
2010-2014       56      0.00487  0.00486  0.50   93312     453   93085  2506722  26.86
2010-2014       57      0.00521  0.00520  0.50   92859     483   92617  2413637  25.99
2010-2014       58      0.00559  0.00557  0.50   92376     515   92118  2321020  25.13
2010-2014       59      0.00611  0.00609  0.50   91861     560   91581  2228901  24.26
2010-2014       60      0.00666  0.00664  0.50   91301     606   90998  2137320  23.41
2010-2014       61      0.00737  0.00735  0.50   90695     666   90362  2046322  22.56
2010-2014       62      0.00803  0.00800  0.50   90029     720   89669  1955959  21.73
2010-2014       63      0.00887  0.00883  0.50   89309     788   88915  1866290  20.90
2010-2014       64      0.00950  0.00946  0.50   88521     837   88102  1777376  20.08
2010-2014       65      0.01089  0.01083  0.50   87683     950   87208  1689274  19.27
2010-2014       66      0.01112  0.01105  0.50   86734     959   86254  1602065  18.47
2010-2014       67      0.01233  0.01225  0.50   85775    1051   85249  1515811  17.67
2010-2014       68      0.01413  0.01404  0.50   84724    1189   84130  1430562  16.88
2010-2014       69      0.01548  0.01536  0.50   83535    1283   82894  1346432  16.12
2010-2014       70      0.01616  0.01603  0.50   82252    1319   81593  1263539  15.36
2010-2014       71      0.01925  0.01907  0.50   80933    1543   80162  1181946  14.60
2010-2014       72      0.02138  0.02115  0.50   79390    1679   78551  1101784  13.88
2010-2014       73      0.02268  0.02242  0.50   77711    1742   76840  1023234  13.17
2010-2014       74      0.02626  0.02592  0.50   75968    1969   74984   946394  12.46
2010-2014       75      0.02875  0.02834  0.50   74000    2097   72951   871410  11.78
2010-2014       76      0.03291  0.03238  0.50   71903    2328   70738   798459  11.10
2010-2014       77      0.03620  0.03555  0.50   69574    2474   68337   727721  10.46
2010-2014       78      0.03908  0.03834  0.50   67101    2572   65814   659383   9.83
2010-2014       79      0.04660  0.04554  0.50   64528    2939   63059   593569   9.20
2010-2014       80      0.05182  0.05051  0.50   61590    3111   60034   530510   8.61
2010-2014       81      0.05939  0.05767  0.50   58478    3373   56792   470476   8.05
2010-2014       82      0.06696  0.06479  0.50   55106    3570   53321   413684   7.51
2010-2014       83      0.07574  0.07297  0.50   51536    3761   49655   360363   6.99
2010-2014       84      0.08810  0.08439  0.50   47775    4032   45759   310708   6.50
2010-2014       85      0.09572  0.09135  0.50   43743    3996   41745   264949   6.06
2010-2014       86      0.10878  0.10317  0.50   39747    4101   37697   223203   5.62
2010-2014       87      0.12298  0.11585  0.50   35647    4130   33582   185506   5.20
2010-2014       88      0.13672  0.12797  0.50   31517    4033   29500   151924   4.82
2010-2014       89      0.15239  0.14160  0.50   27484    3892   25538   122424   4.45
2010-2014       90      0.17492  0.16085  0.50   23592    3795   21695    96886   4.11
2010-2014       91      0.19546  0.17806  0.50   19797    3525   18035    75191   3.80
2010-2014       92      0.21628  0.19518  0.50   16272    3176   14684    57156   3.51
2010-2014       93      0.24594  0.21901  0.50   13096    2868   11662    42472   3.24
2010-2014       94      0.26810  0.23641  0.50   10228    2418    9019    30810   3.01
2010-2014       95      0.29883  0.25998  0.50    7810    2030    6795    21791   2.79
2010-2014       96      0.32842  0.28210  0.50    5779    1630    4964    14996   2.59
2010-2014       97      0.35945  0.30469  0.50    4149    1264    3517    10032   2.42
2010-2014       98      0.39169  0.32754  0.50    2885     945    2412     6515   2.26
2010-2014       99      0.42491  0.35046  0.50    1940     680    1600     4103   2.11
2010-2014      100      0.45883  0.37321  0.50    1260     470    1025     2503   1.99
2010-2014      101      0.49312  0.39559  0.50     790     312     634     1478   1.87
2010-2014      102      0.52749  0.41740  0.50     477     199     378      844   1.77
2010-2014      103      0.56159  0.43847  0.50     278     122     217      466   1.68
2010-2014      104      0.59512  0.45865  0.50     156      72     120      249   1.60
2010-2014      105      0.62779  0.47781  0.50      85      40      64      129   1.52
2010-2014      106      0.65933  0.49586  0.50      44      22      33       64   1.46
2010-2014      107      0.68952  0.51275  0.50      22      11      17       31   1.41
2010-2014      108      0.71818  0.52843  0.50      11       6       8       15   1.36
2010-2014      109      0.74517  0.54289  0.50       5       3       4        7   1.32
2010-2014      110+     0.77040  1.00000  1.30       2       2       3        3   1.30
2015-2016        0      0.00443  0.00442  0.14  100000     442   99620  8042996  80.43
2015-2016        1      0.00038  0.00038  0.50   99558      37   99540  7943375  79.79
2015-2016        2      0.00025  0.00025  0.50   99521      24   99509  7843835  78.82
2015-2016        3      0.00012  0.00012  0.50   99497      12   99491  7744326  77.84
2015-2016        4      0.00018  0.00018  0.50   99485      18   99476  7644836  76.84
2015-2016        5      0.00014  0.00014  0.50   99467      13   99460  7545360  75.86
2015-2016        6      0.00009  0.00009  0.50   99453       9   99449  7445901  74.87
2015-2016        7      0.00009  0.00009  0.50   99444       9   99440  7346452  73.88
2015-2016        8      0.00007  0.00007  0.50   99435       7   99432  7247012  72.88
2015-2016        9      0.00006  0.00006  0.50   99428       6   99425  7147580  71.89
2015-2016       10      0.00006  0.00006  0.50   99422       6   99419  7048155  70.89
2015-2016       11      0.00011  0.00011  0.50   99416      11   99411  6948736  69.90
2015-2016       12      0.00011  0.00011  0.50   99405      11   99400  6849325  68.90
2015-2016       13      0.00023  0.00023  0.50   99394      23   99383  6749925  67.91
2015-2016       14      0.00016  0.00016  0.50   99371      16   99363  6650543  66.93
2015-2016       15      0.00022  0.00022  0.50   99355      22   99344  6551179  65.94
2015-2016       16      0.00029  0.00029  0.50   99333      29   99319  6451835  64.95
2015-2016       17      0.00037  0.00037  0.50   99305      37   99286  6352516  63.97
2015-2016       18      0.00039  0.00039  0.50   99268      38   99249  6253230  62.99
2015-2016       19      0.00063  0.00063  0.50   99229      63   99198  6153981  62.02
2015-2016       20      0.00062  0.00062  0.50   99167      62   99136  6054783  61.06
2015-2016       21      0.00078  0.00078  0.50   99105      77   99067  5955647  60.09
2015-2016       22      0.00078  0.00078  0.50   99028      77   98990  5856580  59.14
2015-2016       23      0.00088  0.00088  0.50   98951      87   98907  5757591  58.19
2015-2016       24      0.00064  0.00064  0.50   98864      63   98832  5658683  57.24
2015-2016       25      0.00069  0.00069  0.50   98801      68   98767  5559851  56.27
2015-2016       26      0.00086  0.00086  0.50   98733      85   98690  5461084  55.31
2015-2016       27      0.00075  0.00075  0.50   98648      74   98610  5362394  54.36
2015-2016       28      0.00060  0.00060  0.50   98573      59   98544  5263784  53.40
2015-2016       29      0.00071  0.00071  0.50   98514      70   98479  5165240  52.43
2015-2016       30      0.00107  0.00107  0.50   98444     105   98392  5066761  51.47
2015-2016       31      0.00102  0.00102  0.50   98339     100   98289  4968369  50.52
2015-2016       32      0.00096  0.00096  0.50   98239      94   98192  4870081  49.57
2015-2016       33      0.00103  0.00102  0.50   98144     101   98094  4771889  48.62
2015-2016       34      0.00112  0.00112  0.50   98044     110   97989  4673795  47.67
2015-2016       35      0.00125  0.00124  0.50   97934     122   97873  4575806  46.72
2015-2016       36      0.00140  0.00140  0.50   97812     137   97744  4477933  45.78
2015-2016       37      0.00134  0.00134  0.50   97675     131   97610  4380190  44.84
2015-2016       38      0.00123  0.00123  0.50   97545     120   97485  4282580  43.90
2015-2016       39      0.00146  0.00146  0.50   97425     142   97354  4185095  42.96
2015-2016       40      0.00155  0.00155  0.50   97283     150   97208  4087742  42.02
2015-2016       41      0.00196  0.00195  0.50   97132     190   97038  3990534  41.08
2015-2016       42      0.00193  0.00193  0.50   96943     187   96849  3893496  40.16
2015-2016       43      0.00214  0.00214  0.50   96756     207   96652  3796647  39.24
2015-2016       44      0.00175  0.00175  0.50   96549     169   96464  3699995  38.32
2015-2016       45      0.00194  0.00193  0.50   96380     186   96286  3603531  37.39
2015-2016       46      0.00202  0.00202  0.50   96193     195   96096  3507245  36.46
2015-2016       47      0.00241  0.00241  0.50   95999     231   95883  3411149  35.53
2015-2016       48      0.00254  0.00254  0.50   95767     243   95646  3315266  34.62
2015-2016       49      0.00249  0.00249  0.50   95524     237   95405  3219620  33.70
2015-2016       50      0.00301  0.00301  0.50   95287     286   95143  3124214  32.79
2015-2016       51      0.00314  0.00313  0.50   95000     298   94851  3029071  31.88
2015-2016       52      0.00291  0.00291  0.50   94703     275   94565  2934220  30.98
2015-2016       53      0.00375  0.00374  0.50   94427     353   94251  2839655  30.07
2015-2016       54      0.00447  0.00446  0.50   94074     420   93864  2745404  29.18
2015-2016       55      0.00436  0.00435  0.50   93654     408   93451  2651539  28.31
2015-2016       56      0.00463  0.00462  0.50   93247     431   93031  2558089  27.43
2015-2016       57      0.00546  0.00545  0.50   92816     506   92563  2465058  26.56
2015-2016       58      0.00545  0.00544  0.50   92310     502   92059  2372495  25.70
2015-2016       59      0.00660  0.00658  0.50   91808     604   91507  2280435  24.84
2015-2016       60      0.00630  0.00628  0.50   91205     573   90918  2188929  24.00
2015-2016       61      0.00658  0.00656  0.50   90632     594   90335  2098011  23.15
2015-2016       62      0.00736  0.00733  0.50   90038     660   89707  2007676  22.30
2015-2016       63      0.00801  0.00797  0.50   89377     713   89021  1917968  21.46
2015-2016       64      0.00872  0.00868  0.50   88665     769   88280  1828948  20.63
2015-2016       65      0.00973  0.00968  0.50   87895     851   87470  1740668  19.80
2015-2016       66      0.01174  0.01168  0.50   87044    1016   86536  1653198  18.99
2015-2016       67      0.01169  0.01162  0.50   86028    1000   85528  1566661  18.21
2015-2016       68      0.01383  0.01373  0.50   85029    1168   84445  1481133  17.42
2015-2016       69      0.01372  0.01363  0.50   83861    1143   83289  1396688  16.65
2015-2016       70      0.01619  0.01606  0.50   82718    1328   82054  1313399  15.88
2015-2016       71      0.01718  0.01703  0.50   81390    1386   80696  1231345  15.13
2015-2016       72      0.01753  0.01738  0.50   80003    1390   79308  1150649  14.38
2015-2016       73      0.02101  0.02079  0.50   78613    1634   77796  1071341  13.63
2015-2016       74      0.02375  0.02347  0.50   76979    1806   76075   993545  12.91
2015-2016       75      0.02719  0.02683  0.50   75172    2017   74164   917469  12.20
2015-2016       76      0.02990  0.02946  0.50   73155    2155   72078   843306  11.53
2015-2016       77      0.03440  0.03382  0.50   71000    2401   69800   771228  10.86
2015-2016       78      0.03828  0.03756  0.50   68599    2576   67311   701428  10.23
2015-2016       79      0.04050  0.03970  0.50   66023    2621   64712   634118   9.60
2015-2016       80      0.04604  0.04501  0.50   63401    2854   61975   569406   8.98
2015-2016       81      0.05858  0.05692  0.50   60548    3446   58825   507431   8.38
2015-2016       82      0.06100  0.05919  0.50   57102    3380   55412   448606   7.86
2015-2016       83      0.06779  0.06556  0.50   53722    3522   51961   393194   7.32
2015-2016       84      0.07954  0.07649  0.50   50200    3840   48280   341234   6.80
2015-2016       85      0.08601  0.08247  0.50   46360    3823   44448   292954   6.32
2015-2016       86      0.10369  0.09858  0.50   42536    4193   40440   248506   5.84
2015-2016       87      0.11639  0.10999  0.50   38343    4217   36235   208066   5.43
2015-2016       88      0.12733  0.11971  0.50   34126    4085   32083   171831   5.04
2015-2016       89      0.15555  0.14432  0.50   30041    4336   27873   139748   4.65
2015-2016       90      0.15463  0.14354  0.50   25705    3690   23860   111875   4.35
2015-2016       91      0.17967  0.16486  0.50   22016    3630   20201    88015   4.00
2015-2016       92      0.20430  0.18536  0.50   18386    3408   16682    67814   3.69
2015-2016       93      0.21691  0.19568  0.50   14978    2931   13512    51132   3.41
2015-2016       94      0.26580  0.23462  0.50   12047    2826   10634    37620   3.12
2015-2016       95      0.28064  0.24610  0.50    9221    2269    8086    26986   2.93
2015-2016       96      0.30919  0.26779  0.50    6951    1861    6021    18900   2.72
2015-2016       97      0.33927  0.29006  0.50    5090    1476    4352    12879   2.53
2015-2016       98      0.37071  0.31274  0.50    3613    1130    3048     8528   2.36
2015-2016       99      0.40328  0.33561  0.50    2483     833    2067     5479   2.21
2015-2016      100      0.43673  0.35846  0.50    1650     591    1354     3413   2.07
2015-2016      101      0.47077  0.38107  0.50    1059     403     857     2058   1.94
2015-2016      102      0.50507  0.40324  0.50     655     264     523     1202   1.83
2015-2016      103      0.53934  0.42479  0.50     391     166     308      679   1.74
2015-2016      104      0.57323  0.44553  0.50     225     100     175      371   1.65
2015-2016      105      0.60645  0.46535  0.50     125      58      96      196   1.57
2015-2016      106      0.63871  0.48411  0.50      67      32      51      100   1.50
2015-2016      107      0.66977  0.50175  0.50      34      17      26       50   1.44
2015-2016      108      0.69942  0.51820  0.50      17       9      13       24   1.39
2015-2016      109      0.72749  0.53345  0.50       8       4       6       11   1.35
2015-2016      110+     0.75385  1.00000  1.33       4       4       5        5   1.33
