QLD, Death rates (period 1x10), 	Last modified: 02 Jul 2018;  Methods Protocol: v6 (2017)

  Year          Age             Female            Male           Total
1971-1979        0             0.013622        0.017026        0.015364
1971-1979        1             0.001335        0.001351        0.001343
1971-1979        2             0.000764        0.000998        0.000884
1971-1979        3             0.000593        0.000836        0.000717
1971-1979        4             0.000418        0.000553        0.000487
1971-1979        5             0.000364        0.000481        0.000424
1971-1979        6             0.000375        0.000486        0.000432
1971-1979        7             0.000255        0.000354        0.000305
1971-1979        8             0.000302        0.000282        0.000292
1971-1979        9             0.000304        0.000306        0.000305
1971-1979       10             0.000251        0.000368        0.000311
1971-1979       11             0.000303        0.000278        0.000290
1971-1979       12             0.000210        0.000488        0.000352
1971-1979       13             0.000192        0.000448        0.000323
1971-1979       14             0.000307        0.000615        0.000465
1971-1979       15             0.000476        0.000759        0.000620
1971-1979       16             0.000534        0.001254        0.000901
1971-1979       17             0.000710        0.001885        0.001308
1971-1979       18             0.000823        0.002378        0.001613
1971-1979       19             0.000604        0.002736        0.001687
1971-1979       20             0.000685        0.002233        0.001473
1971-1979       21             0.000700        0.002250        0.001491
1971-1979       22             0.000501        0.001998        0.001268
1971-1979       23             0.000495        0.001750        0.001139
1971-1979       24             0.000745        0.001761        0.001268
1971-1979       25             0.000529        0.001799        0.001180
1971-1979       26             0.000611        0.001411        0.001021
1971-1979       27             0.000571        0.001530        0.001063
1971-1979       28             0.000575        0.001344        0.000969
1971-1979       29             0.000598        0.001463        0.001041
1971-1979       30             0.000759        0.001427        0.001102
1971-1979       31             0.000746        0.001684        0.001228
1971-1979       32             0.000910        0.001765        0.001349
1971-1979       33             0.000799        0.001560        0.001189
1971-1979       34             0.000894        0.001753        0.001334
1971-1979       35             0.001031        0.002060        0.001558
1971-1979       36             0.001128        0.002199        0.001677
1971-1979       37             0.001386        0.002237        0.001822
1971-1979       38             0.001539        0.002325        0.001942
1971-1979       39             0.001573        0.002650        0.002126
1971-1979       40             0.001636        0.003129        0.002403
1971-1979       41             0.001901        0.003132        0.002533
1971-1979       42             0.002356        0.003682        0.003038
1971-1979       43             0.002453        0.004023        0.003260
1971-1979       44             0.002497        0.004830        0.003695
1971-1979       45             0.003070        0.005178        0.004154
1971-1979       46             0.003029        0.005609        0.004356
1971-1979       47             0.003984        0.005863        0.004949
1971-1979       48             0.004254        0.006601        0.005458
1971-1979       49             0.004216        0.007593        0.005945
1971-1979       50             0.004500        0.008045        0.006317
1971-1979       51             0.004720        0.009245        0.007032
1971-1979       52             0.005130        0.009980        0.007601
1971-1979       53             0.005750        0.010695        0.008257
1971-1979       54             0.006231        0.011176        0.008725
1971-1979       55             0.006537        0.012358        0.009461
1971-1979       56             0.007283        0.014058        0.010661
1971-1979       57             0.007693        0.015263        0.011446
1971-1979       58             0.008120        0.017164        0.012577
1971-1979       59             0.009096        0.018699        0.013805
1971-1979       60             0.010203        0.020683        0.015327
1971-1979       61             0.010043        0.021453        0.015590
1971-1979       62             0.012111        0.024093        0.017927
1971-1979       63             0.012338        0.026964        0.019429
1971-1979       64             0.013684        0.029381        0.021312
1971-1979       65             0.013707        0.031943        0.022555
1971-1979       66             0.015273        0.032493        0.023617
1971-1979       67             0.017371        0.036838        0.026765
1971-1979       68             0.019426        0.038769        0.028710
1971-1979       69             0.021649        0.042980        0.031809
1971-1979       70             0.022902        0.046960        0.034248
1971-1979       71             0.024876        0.049444        0.036308
1971-1979       72             0.028857        0.055084        0.040880
1971-1979       73             0.031110        0.060610        0.044374
1971-1979       74             0.036806        0.064587        0.049030
1971-1979       75             0.042548        0.070821        0.054744
1971-1979       76             0.045729        0.078695        0.059613
1971-1979       77             0.048688        0.085807        0.063909
1971-1979       78             0.055863        0.093036        0.070742
1971-1979       79             0.063427        0.099359        0.077501
1971-1979       80             0.071723        0.109480        0.086037
1971-1979       81             0.077239        0.115090        0.091365
1971-1979       82             0.089374        0.130084        0.104361
1971-1979       83             0.100968        0.141190        0.115614
1971-1979       84             0.112299        0.152422        0.126770
1971-1979       85             0.121509        0.164581        0.136863
1971-1979       86             0.136124        0.184957        0.153257
1971-1979       87             0.147125        0.198014        0.164622
1971-1979       88             0.155566        0.208986        0.173501
1971-1979       89             0.184015        0.236031        0.201012
1971-1979       90             0.178731        0.252443        0.202044
1971-1979       91             0.208759        0.249531        0.221284
1971-1979       92             0.221065        0.257637        0.232045
1971-1979       93             0.258306        0.301677        0.270903
1971-1979       94             0.263986        0.335814        0.283862
1971-1979       95             0.294507        0.391915        0.319645
1971-1979       96             0.331939        0.404420        0.349290
1971-1979       97             0.322080        0.297252        0.316383
1971-1979       98             0.433711        0.517802        0.452948
1971-1979       99             0.308793        0.418568        0.333178
1971-1979      100             0.466926        0.601181        0.494393
1971-1979      101             0.519637        0.691002        0.549726
1971-1979      102             0.598662        1.115242        0.658891
1971-1979      103             0.740937        1.213873        0.769940
1971-1979      104             1.183544        6.000000        1.232576
1971-1979      105             2.236364              .        2.236364
1971-1979      106                   .              .              .
1971-1979      107                   .              .              .
1971-1979      108                   .              .              .
1971-1979      109                   .              .              .
1971-1979      110+                  .              .              .
1980-1989        0             0.008587        0.010391        0.009515
1980-1989        1             0.000912        0.000933        0.000923
1980-1989        2             0.000513        0.000718        0.000619
1980-1989        3             0.000358        0.000551        0.000457
1980-1989        4             0.000239        0.000347        0.000294
1980-1989        5             0.000228        0.000340        0.000286
1980-1989        6             0.000111        0.000280        0.000198
1980-1989        7             0.000229        0.000301        0.000266
1980-1989        8             0.000162        0.000218        0.000191
1980-1989        9             0.000211        0.000178        0.000194
1980-1989       10             0.000193        0.000255        0.000225
1980-1989       11             0.000157        0.000225        0.000192
1980-1989       12             0.000123        0.000300        0.000214
1980-1989       13             0.000244        0.000393        0.000320
1980-1989       14             0.000283        0.000438        0.000363
1980-1989       15             0.000279        0.000509        0.000396
1980-1989       16             0.000316        0.000768        0.000546
1980-1989       17             0.000472        0.001350        0.000919
1980-1989       18             0.000502        0.001714        0.001117
1980-1989       19             0.000427        0.001889        0.001169
1980-1989       20             0.000569        0.001646        0.001117
1980-1989       21             0.000555        0.001649        0.001113
1980-1989       22             0.000515        0.001606        0.001072
1980-1989       23             0.000463        0.001447        0.000965
1980-1989       24             0.000563        0.001417        0.000999
1980-1989       25             0.000522        0.001465        0.001003
1980-1989       26             0.000511        0.001439        0.000983
1980-1989       27             0.000519        0.001303        0.000917
1980-1989       28             0.000534        0.001284        0.000914
1980-1989       29             0.000541        0.001261        0.000907
1980-1989       30             0.000537        0.001299        0.000923
1980-1989       31             0.000627        0.001341        0.000988
1980-1989       32             0.000576        0.001323        0.000953
1980-1989       33             0.000657        0.001449        0.001057
1980-1989       34             0.000621        0.001523        0.001077
1980-1989       35             0.000675        0.001547        0.001116
1980-1989       36             0.000808        0.001538        0.001177
1980-1989       37             0.000730        0.001650        0.001197
1980-1989       38             0.000933        0.001667        0.001306
1980-1989       39             0.001044        0.001814        0.001437
1980-1989       40             0.000955        0.001864        0.001421
1980-1989       41             0.001139        0.002293        0.001731
1980-1989       42             0.001313        0.002368        0.001855
1980-1989       43             0.001461        0.002661        0.002078
1980-1989       44             0.001892        0.002985        0.002455
1980-1989       45             0.001912        0.003232        0.002593
1980-1989       46             0.002067        0.003487        0.002801
1980-1989       47             0.002348        0.003949        0.003176
1980-1989       48             0.002447        0.004379        0.003446
1980-1989       49             0.002856        0.004755        0.003836
1980-1989       50             0.003433        0.005304        0.004395
1980-1989       51             0.003401        0.006183        0.004830
1980-1989       52             0.003933        0.006879        0.005444
1980-1989       53             0.004281        0.007863        0.006114
1980-1989       54             0.004350        0.008746        0.006593
1980-1989       55             0.004705        0.009841        0.007320
1980-1989       56             0.005266        0.010578        0.007967
1980-1989       57             0.005983        0.011385        0.008725
1980-1989       58             0.006339        0.012265        0.009334
1980-1989       59             0.007010        0.014677        0.010863
1980-1989       60             0.007572        0.015540        0.011551
1980-1989       61             0.007882        0.016142        0.011983
1980-1989       62             0.008851        0.018411        0.013568
1980-1989       63             0.009525        0.020859        0.015071
1980-1989       64             0.010458        0.021772        0.015950
1980-1989       65             0.011783        0.023832        0.017609
1980-1989       66             0.013072        0.025895        0.019239
1980-1989       67             0.013528        0.029922        0.021354
1980-1989       68             0.015183        0.030727        0.022537
1980-1989       69             0.017390        0.035983        0.026105
1980-1989       70             0.019391        0.037560        0.027820
1980-1989       71             0.021937        0.041819        0.031056
1980-1989       72             0.025054        0.047142        0.035078
1980-1989       73             0.025750        0.050501        0.036865
1980-1989       74             0.028021        0.056576        0.040688
1980-1989       75             0.033407        0.059952        0.045042
1980-1989       76             0.036115        0.068200        0.049972
1980-1989       77             0.038492        0.067404        0.050815
1980-1989       78             0.044471        0.078578        0.058736
1980-1989       79             0.048839        0.084432        0.063396
1980-1989       80             0.056419        0.096024        0.071973
1980-1989       81             0.062800        0.100763        0.077295
1980-1989       82             0.072605        0.113256        0.087657
1980-1989       83             0.081375        0.126861        0.097630
1980-1989       84             0.091677        0.140626        0.108528
1980-1989       85             0.103120        0.149545        0.118534
1980-1989       86             0.114338        0.158281        0.128436
1980-1989       87             0.123402        0.190788        0.144210
1980-1989       88             0.141533        0.185662        0.154695
1980-1989       89             0.152330        0.215974        0.170752
1980-1989       90             0.160301        0.238016        0.181834
1980-1989       91             0.180435        0.240121        0.196289
1980-1989       92             0.206591        0.265014        0.221631
1980-1989       93             0.223829        0.304099        0.243899
1980-1989       94             0.248570        0.344689        0.271942
1980-1989       95             0.275658        0.336923        0.290273
1980-1989       96             0.310937        0.347869        0.319678
1980-1989       97             0.312194        0.421334        0.337192
1980-1989       98             0.354045        0.470483        0.378720
1980-1989       99             0.341296        0.444527        0.361269
1980-1989      100             0.399119        0.510064        0.419009
1980-1989      101             0.430274        0.583715        0.455808
1980-1989      102             0.468527        0.736409        0.506739
1980-1989      103             0.521123        1.068029        0.575185
1980-1989      104             0.606605        1.668605        0.655779
1980-1989      105             0.780862        6.000000        0.796037
1980-1989      106             1.191192              .        1.191192
1980-1989      107             1.471698              .        1.471698
1980-1989      108                   .              .              .
1980-1989      109                   .              .              .
1980-1989      110+                  .              .              .
1990-1999        0             0.005784        0.007445        0.006637
1990-1999        1             0.000639        0.000673        0.000656
1990-1999        2             0.000259        0.000445        0.000354
1990-1999        3             0.000214        0.000415        0.000317
1990-1999        4             0.000209        0.000289        0.000250
1990-1999        5             0.000178        0.000189        0.000184
1990-1999        6             0.000151        0.000209        0.000181
1990-1999        7             0.000138        0.000188        0.000163
1990-1999        8             0.000180        0.000167        0.000173
1990-1999        9             0.000155        0.000223        0.000190
1990-1999       10             0.000168        0.000219        0.000194
1990-1999       11             0.000173        0.000203        0.000188
1990-1999       12             0.000129        0.000211        0.000171
1990-1999       13             0.000133        0.000150        0.000142
1990-1999       14             0.000253        0.000312        0.000283
1990-1999       15             0.000209        0.000483        0.000350
1990-1999       16             0.000302        0.000632        0.000471
1990-1999       17             0.000420        0.000892        0.000661
1990-1999       18             0.000512        0.001293        0.000910
1990-1999       19             0.000584        0.001302        0.000949
1990-1999       20             0.000440        0.001246        0.000849
1990-1999       21             0.000392        0.001355        0.000878
1990-1999       22             0.000395        0.001367        0.000886
1990-1999       23             0.000424        0.001281        0.000857
1990-1999       24             0.000442        0.001210        0.000831
1990-1999       25             0.000438        0.001148        0.000797
1990-1999       26             0.000454        0.001358        0.000909
1990-1999       27             0.000538        0.001283        0.000912
1990-1999       28             0.000490        0.001194        0.000842
1990-1999       29             0.000473        0.001333        0.000903
1990-1999       30             0.000512        0.001389        0.000949
1990-1999       31             0.000514        0.001356        0.000934
1990-1999       32             0.000548        0.001343        0.000944
1990-1999       33             0.000518        0.001327        0.000920
1990-1999       34             0.000617        0.001578        0.001094
1990-1999       35             0.000737        0.001431        0.001082
1990-1999       36             0.000784        0.001591        0.001185
1990-1999       37             0.000743        0.001574        0.001157
1990-1999       38             0.000808        0.001517        0.001162
1990-1999       39             0.000886        0.001678        0.001282
1990-1999       40             0.000863        0.001761        0.001312
1990-1999       41             0.001060        0.001835        0.001448
1990-1999       42             0.001017        0.001988        0.001504
1990-1999       43             0.001219        0.002042        0.001633
1990-1999       44             0.001384        0.002145        0.001768
1990-1999       45             0.001368        0.002528        0.001956
1990-1999       46             0.001522        0.002662        0.002101
1990-1999       47             0.001597        0.002780        0.002200
1990-1999       48             0.001894        0.002901        0.002408
1990-1999       49             0.002232        0.003296        0.002776
1990-1999       50             0.002392        0.003981        0.003207
1990-1999       51             0.002586        0.004093        0.003361
1990-1999       52             0.002851        0.004189        0.003540
1990-1999       53             0.003076        0.005247        0.004194
1990-1999       54             0.003189        0.005826        0.004547
1990-1999       55             0.003708        0.006414        0.005100
1990-1999       56             0.004018        0.006897        0.005497
1990-1999       57             0.004855        0.008085        0.006512
1990-1999       58             0.004681        0.009157        0.006976
1990-1999       59             0.005453        0.009751        0.007651
1990-1999       60             0.006139        0.011048        0.008641
1990-1999       61             0.006797        0.012208        0.009548
1990-1999       62             0.007203        0.013852        0.010566
1990-1999       63             0.007803        0.015325        0.011587
1990-1999       64             0.008647        0.016930        0.012795
1990-1999       65             0.009731        0.018447        0.014077
1990-1999       66             0.010428        0.020168        0.015261
1990-1999       67             0.011752        0.022841        0.017226
1990-1999       68             0.012655        0.025549        0.018970
1990-1999       69             0.014116        0.027917        0.020808
1990-1999       70             0.015893        0.030250        0.022791
1990-1999       71             0.016907        0.033283        0.024686
1990-1999       72             0.019594        0.036104        0.027336
1990-1999       73             0.021675        0.039675        0.029999
1990-1999       74             0.024944        0.044009        0.033621
1990-1999       75             0.027156        0.047725        0.036372
1990-1999       76             0.030209        0.053325        0.040393
1990-1999       77             0.034310        0.058067        0.044585
1990-1999       78             0.037195        0.063466        0.048336
1990-1999       79             0.043583        0.071978        0.055371
1990-1999       80             0.047798        0.080743        0.060857
1990-1999       81             0.052384        0.087954        0.066145
1990-1999       82             0.060089        0.100761        0.075434
1990-1999       83             0.069329        0.105821        0.082747
1990-1999       84             0.078665        0.115970        0.092020
1990-1999       85             0.086685        0.129633        0.101618
1990-1999       86             0.096351        0.143396        0.112205
1990-1999       87             0.108955        0.158410        0.125054
1990-1999       88             0.125865        0.173961        0.140943
1990-1999       89             0.142175        0.191428        0.157007
1990-1999       90             0.159075        0.204428        0.172159
1990-1999       91             0.174553        0.231822        0.190307
1990-1999       92             0.193473        0.240748        0.205855
1990-1999       93             0.219647        0.271944        0.232710
1990-1999       94             0.232234        0.316012        0.251701
1990-1999       95             0.261531        0.317061        0.273354
1990-1999       96             0.291837        0.348050        0.303018
1990-1999       97             0.323374        0.427684        0.342547
1990-1999       98             0.351770        0.415660        0.362558
1990-1999       99             0.353655        0.425952        0.365184
1990-1999      100             0.402058        0.516134        0.418911
1990-1999      101             0.435314        0.580923        0.454493
1990-1999      102             0.471809        0.680990        0.495469
1990-1999      103             0.512588        0.874222        0.544559
1990-1999      104             0.563394        1.489754        0.613698
1990-1999      105             0.644261        6.000000        0.672970
1990-1999      106             0.800514              .        0.800514
1990-1999      107             1.242905              .        1.242905
1990-1999      108             2.431535              .        2.431535
1990-1999      109                   .              .              .
1990-1999      110+                  .              .              .
2000-2009        0             0.004708        0.005888        0.005315
2000-2009        1             0.000385        0.000451        0.000419
2000-2009        2             0.000203        0.000373        0.000291
2000-2009        3             0.000180        0.000218        0.000200
2000-2009        4             0.000129        0.000170        0.000150
2000-2009        5             0.000140        0.000155        0.000147
2000-2009        6             0.000108        0.000168        0.000139
2000-2009        7             0.000073        0.000152        0.000113
2000-2009        8             0.000117        0.000100        0.000109
2000-2009        9             0.000139        0.000117        0.000128
2000-2009       10             0.000067        0.000092        0.000080
2000-2009       11             0.000093        0.000102        0.000097
2000-2009       12             0.000107        0.000161        0.000135
2000-2009       13             0.000089        0.000189        0.000140
2000-2009       14             0.000207        0.000179        0.000193
2000-2009       15             0.000216        0.000321        0.000270
2000-2009       16             0.000209        0.000337        0.000275
2000-2009       17             0.000332        0.000707        0.000524
2000-2009       18             0.000319        0.000838        0.000583
2000-2009       19             0.000264        0.000881        0.000577
2000-2009       20             0.000379        0.000781        0.000582
2000-2009       21             0.000261        0.000973        0.000622
2000-2009       22             0.000298        0.000931        0.000619
2000-2009       23             0.000321        0.000927        0.000629
2000-2009       24             0.000346        0.000990        0.000673
2000-2009       25             0.000396        0.001098        0.000752
2000-2009       26             0.000301        0.000932        0.000620
2000-2009       27             0.000345        0.001018        0.000684
2000-2009       28             0.000427        0.001005        0.000717
2000-2009       29             0.000461        0.001126        0.000793
2000-2009       30             0.000393        0.001038        0.000714
2000-2009       31             0.000474        0.001099        0.000784
2000-2009       32             0.000393        0.001250        0.000818
2000-2009       33             0.000477        0.001210        0.000840
2000-2009       34             0.000511        0.001160        0.000833
2000-2009       35             0.000625        0.001289        0.000954
2000-2009       36             0.000596        0.001328        0.000958
2000-2009       37             0.000630        0.001245        0.000933
2000-2009       38             0.000791        0.001367        0.001076
2000-2009       39             0.000765        0.001429        0.001093
2000-2009       40             0.000917        0.001497        0.001204
2000-2009       41             0.000927        0.001599        0.001259
2000-2009       42             0.000853        0.001704        0.001273
2000-2009       43             0.001028        0.001984        0.001500
2000-2009       44             0.001166        0.001989        0.001573
2000-2009       45             0.001280        0.002201        0.001735
2000-2009       46             0.001335        0.002201        0.001763
2000-2009       47             0.001573        0.002562        0.002063
2000-2009       48             0.001616        0.002812        0.002210
2000-2009       49             0.001709        0.002779        0.002241
2000-2009       50             0.001854        0.003087        0.002468
2000-2009       51             0.002015        0.003243        0.002627
2000-2009       52             0.002173        0.003643        0.002908
2000-2009       53             0.002464        0.004176        0.003323
2000-2009       54             0.002424        0.004210        0.003322
2000-2009       55             0.002835        0.004955        0.003903
2000-2009       56             0.003160        0.005045        0.004112
2000-2009       57             0.003383        0.005620        0.004515
2000-2009       58             0.003863        0.006167        0.005031
2000-2009       59             0.003894        0.006989        0.005466
2000-2009       60             0.004517        0.007803        0.006188
2000-2009       61             0.004750        0.008242        0.006528
2000-2009       62             0.005468        0.009161        0.007348
2000-2009       63             0.005649        0.009775        0.007748
2000-2009       64             0.006109        0.011926        0.009062
2000-2009       65             0.006886        0.012926        0.009945
2000-2009       66             0.008086        0.013818        0.010983
2000-2009       67             0.008978        0.015716        0.012378
2000-2009       68             0.009916        0.016962        0.013463
2000-2009       69             0.011003        0.018525        0.014777
2000-2009       70             0.011992        0.021493        0.016733
2000-2009       71             0.013642        0.022647        0.018108
2000-2009       72             0.014797        0.025627        0.020120
2000-2009       73             0.016789        0.029325        0.022887
2000-2009       74             0.019208        0.031376        0.025061
2000-2009       75             0.020301        0.035717        0.027625
2000-2009       76             0.023164        0.040055        0.031076
2000-2009       77             0.026625        0.043985        0.034633
2000-2009       78             0.030457        0.050225        0.039419
2000-2009       79             0.034694        0.054374        0.043444
2000-2009       80             0.038513        0.063378        0.049168
2000-2009       81             0.043764        0.071230        0.055245
2000-2009       82             0.050211        0.077499        0.061313
2000-2009       83             0.056718        0.088925        0.069453
2000-2009       84             0.067657        0.099655        0.079934
2000-2009       85             0.075483        0.112994        0.089412
2000-2009       86             0.086185        0.125060        0.100104
2000-2009       87             0.098338        0.139034        0.112393
2000-2009       88             0.116980        0.159310        0.131059
2000-2009       89             0.126083        0.174767        0.141628
2000-2009       90             0.147494        0.194326        0.161827
2000-2009       91             0.166587        0.208085        0.178791
2000-2009       92             0.194152        0.234587        0.205614
2000-2009       93             0.213956        0.269252        0.228976
2000-2009       94             0.234233        0.291884        0.249155
2000-2009       95             0.259011        0.333400        0.277235
2000-2009       96             0.273935        0.334484        0.287866
2000-2009       97             0.308171        0.378192        0.323431
2000-2009       98             0.326299        0.437466        0.349007
2000-2009       99             0.376976        0.449495        0.390728
2000-2009      100             0.419114        0.488823        0.431559
2000-2009      101             0.456429        0.534130        0.469449
2000-2009      102             0.496124        0.592751        0.511150
2000-2009      103             0.538814        0.687924        0.559712
2000-2009      104             0.589959        0.896648        0.625014
2000-2009      105             0.659248        1.616556        0.721468
2000-2009      106             0.771037        2.629787        0.795960
2000-2009      107             1.053585              .        1.053585
2000-2009      108             2.350467              .        2.350467
2000-2009      109                   .              .              .
2000-2009      110+                  .              .              .
2010-2016        0             0.004253        0.004874        0.004571
2010-2016        1             0.000244        0.000366        0.000307
2010-2016        2             0.000168        0.000222        0.000196
2010-2016        3             0.000139        0.000137        0.000138
2010-2016        4             0.000121        0.000114        0.000117
2010-2016        5             0.000093        0.000096        0.000095
2010-2016        6             0.000125        0.000114        0.000120
2010-2016        7             0.000103        0.000080        0.000091
2010-2016        8             0.000114        0.000108        0.000111
2010-2016        9             0.000086        0.000082        0.000084
2010-2016       10             0.000058        0.000069        0.000064
2010-2016       11             0.000034        0.000084        0.000060
2010-2016       12             0.000108        0.000117        0.000113
2010-2016       13             0.000049        0.000164        0.000108
2010-2016       14             0.000137        0.000233        0.000186
2010-2016       15             0.000209        0.000236        0.000223
2010-2016       16             0.000237        0.000244        0.000241
2010-2016       17             0.000279        0.000507        0.000396
2010-2016       18             0.000295        0.000552        0.000426
2010-2016       19             0.000245        0.000663        0.000457
2010-2016       20             0.000291        0.000651        0.000473
2010-2016       21             0.000324        0.000788        0.000558
2010-2016       22             0.000272        0.000688        0.000483
2010-2016       23             0.000294        0.000763        0.000531
2010-2016       24             0.000279        0.000622        0.000452
2010-2016       25             0.000300        0.000759        0.000532
2010-2016       26             0.000308        0.000830        0.000570
2010-2016       27             0.000338        0.000757        0.000548
2010-2016       28             0.000335        0.000762        0.000548
2010-2016       29             0.000336        0.000766        0.000551
2010-2016       30             0.000392        0.000877        0.000634
2010-2016       31             0.000441        0.000939        0.000689
2010-2016       32             0.000550        0.001056        0.000802
2010-2016       33             0.000442        0.000938        0.000688
2010-2016       34             0.000504        0.001052        0.000776
2010-2016       35             0.000577        0.001125        0.000848
2010-2016       36             0.000541        0.001241        0.000888
2010-2016       37             0.000601        0.001327        0.000960
2010-2016       38             0.000725        0.001278        0.000998
2010-2016       39             0.000779        0.001409        0.001091
2010-2016       40             0.000795        0.001501        0.001144
2010-2016       41             0.000851        0.001649        0.001245
2010-2016       42             0.000863        0.001687        0.001270
2010-2016       43             0.001010        0.001900        0.001448
2010-2016       44             0.001158        0.001695        0.001422
2010-2016       45             0.001120        0.001988        0.001547
2010-2016       46             0.001391        0.002130        0.001754
2010-2016       47             0.001351        0.002208        0.001772
2010-2016       48             0.001540        0.002449        0.001987
2010-2016       49             0.001778        0.002707        0.002234
2010-2016       50             0.001840        0.003169        0.002494
2010-2016       51             0.001976        0.003080        0.002520
2010-2016       52             0.002069        0.003339        0.002695
2010-2016       53             0.002217        0.003704        0.002949
2010-2016       54             0.002474        0.004115        0.003283
2010-2016       55             0.002795        0.004435        0.003605
2010-2016       56             0.002960        0.004799        0.003868
2010-2016       57             0.002964        0.005287        0.004111
2010-2016       58             0.003178        0.005547        0.004348
2010-2016       59             0.003628        0.006257        0.004929
2010-2016       60             0.003932        0.006552        0.005229
2010-2016       61             0.004348        0.007142        0.005733
2010-2016       62             0.004540        0.007839        0.006179
2010-2016       63             0.005104        0.008616        0.006857
2010-2016       64             0.005621        0.009273        0.007450
2010-2016       65             0.005872        0.010546        0.008214
2010-2016       66             0.006319        0.011304        0.008816
2010-2016       67             0.007333        0.012128        0.009738
2010-2016       68             0.007871        0.014034        0.010960
2010-2016       69             0.008789        0.014887        0.011843
2010-2016       70             0.010412        0.016171        0.013295
2010-2016       71             0.011688        0.018576        0.015125
2010-2016       72             0.012622        0.020147        0.016370
2010-2016       73             0.013198        0.022150        0.017644
2010-2016       74             0.015157        0.025455        0.020246
2010-2016       75             0.017584        0.028250        0.022812
2010-2016       76             0.019175        0.031945        0.025361
2010-2016       77             0.021821        0.035622        0.028422
2010-2016       78             0.025340        0.038827        0.031715
2010-2016       79             0.028300        0.044673        0.035930
2010-2016       80             0.033032        0.050030        0.040843
2010-2016       81             0.036986        0.059145        0.046975
2010-2016       82             0.043189        0.065200        0.052926
2010-2016       83             0.049255        0.073398        0.059687
2010-2016       84             0.059143        0.085521        0.070291
2010-2016       85             0.066323        0.092725        0.077159
2010-2016       86             0.077113        0.107184        0.089092
2010-2016       87             0.087419        0.120920        0.100300
2010-2016       88             0.098938        0.133725        0.111839
2010-2016       89             0.113523        0.153424        0.127796
2010-2016       90             0.132605        0.168112        0.144811
2010-2016       91             0.152673        0.190057        0.165007
2010-2016       92             0.175965        0.212116        0.187382
2010-2016       93             0.189727        0.235623        0.203520
2010-2016       94             0.214188        0.267266        0.229293
2010-2016       95             0.244444        0.308197        0.261503
2010-2016       96             0.269419        0.343825        0.288039
2010-2016       97             0.311822        0.364175        0.324053
2010-2016       98             0.320390        0.413446        0.340414
2010-2016       99             0.366895        0.402579        0.373928
2010-2016      100             0.422778        0.480487        0.433342
2010-2016      101             0.462276        0.526805        0.473177
2010-2016      102             0.505989        0.586358        0.518466
2010-2016      103             0.551760        0.671311        0.568243
2010-2016      104             0.604880        0.837264        0.631470
2010-2016      105             0.677834        1.305572        0.727838
2010-2016      106             0.794638        2.955603        0.850035
2010-2016      107             1.026571              .        1.026571
2010-2016      108             1.631530              .        1.631530
2010-2016      109             6.000000              .        6.000000
2010-2016      110+                  .              .              .
