QLD, Population size (1-year)	Last modified: 02 Jul 2018;  Methods Protocol: v6 (2017)

  Year          Age             Female            Male           Total
  1971           0             18220.43        19054.64        37275.07
  1971         1-4             70009.77        73055.82       143065.59
  1971         5-9             90754.25        94956.19       185710.44
  1971        10-14            89588.13        94372.17       183960.30
  1971        15-19            80764.50        82404.62       163169.12
  1971        20-24            75014.59        79103.64       154118.23
  1971        25-29            62006.96        65829.56       127836.52
  1971        30-34            53104.58        56157.25       109261.83
  1971        35-39            49849.56        52038.69       101888.25
  1971        40-44            52504.01        55373.46       107877.47
  1971        45-49            52830.65        55370.72       108201.37
  1971        50-54            47499.90        47628.75        95128.65
  1971        55-59            44005.20        44297.65        88302.85
  1971        60-64            37283.98        36708.50        73992.48
  1971        65-69            30004.28        28513.89        58518.17
  1971        70-74            24912.50        20139.87        45052.37
  1971        75-79            17547.99        12518.08        30066.07
  1971        80-84            11311.67         7427.08        18738.75
  1971        85-89             4813.19         2706.18         7519.37
  1971        90-94             1434.28          628.63         2062.91
  1971        95-99              232.32           70.96          303.28
  1971       100-104              27.45            2.73           30.18
  1971       105-109               0.28            0.00            0.28
  1971       110+                  0.00            0.00            0.00
  1972           0             19380.00        20106.00        39486.00
  1972         1-4             72818.00        75841.00       148659.00
  1972         5-9             88997.00        93685.00       182682.00
  1972        10-14            93070.00        97549.00       190619.00
  1972        15-19            83877.00        86270.00       170147.00
  1972        20-24            76518.00        80546.00       157064.00
  1972        25-29            68142.00        72140.00       140282.00
  1972        30-34            55788.00        59205.00       114993.00
  1972        35-39            50753.00        53343.00       104096.00
  1972        40-44            52424.00        55280.00       107704.00
  1972        45-49            52616.00        55332.00       107948.00
  1972        50-54            49585.00        50447.00       100032.00
  1972        55-59            45472.00        44846.00        90318.00
  1972        60-64            39021.00        38132.00        77153.00
  1972        65-69            31130.00        29667.00        60797.00
  1972        70-74            25764.00        21136.00        46900.00
  1972        75-79            18418.00        12617.00        31035.00
  1972        80-84            11687.31         7464.55        19151.86
  1972        85-89             5039.62         2859.32         7898.94
  1972        90-94             1514.79          652.66         2167.45
  1972        95-99              238.32           85.94          324.26
  1972       100-104              24.59            6.81           31.40
  1972       105-109               0.00            0.00            0.00
  1972       110+                  0.00            0.00            0.00
  1973           0             18819.00        19586.00        38405.00
  1973         1-4             76216.00        79280.00       155496.00
  1973         5-9             89436.00        93997.00       183433.00
  1973        10-14            94947.00        99752.00       194699.00
  1973        15-19            86532.00        89180.00       175712.00
  1973        20-24            78893.00        83030.00       161923.00
  1973        25-29            73035.00        77625.00       150660.00
  1973        30-34            58613.00        62121.00       120734.00
  1973        35-39            52200.00        55087.00       107287.00
  1973        40-44            51913.00        54963.00       106876.00
  1973        45-49            53350.00        56220.00       109570.00
  1973        50-54            50917.00        52219.00       103136.00
  1973        55-59            46448.00        45324.00        91772.00
  1973        60-64            40673.00        39299.00        79972.00
  1973        65-69            32407.00        30685.00        63092.00
  1973        70-74            26097.00        21733.00        47830.00
  1973        75-79            18743.00        12833.00        31576.00
  1973        80-84            12024.87         7503.31        19528.18
  1973        85-89             5335.41         3030.15         8365.56
  1973        90-94             1583.84          686.89         2270.73
  1973        95-99              264.48          100.38          364.86
  1973       100-104              22.01            9.12           31.13
  1973       105-109               0.00            0.00            0.00
  1973       110+                  0.00            0.00            0.00
  1974           0             18266.00        19281.00        37547.00
  1974         1-4             78563.00        81647.00       160210.00
  1974         5-9             90529.00        95398.00       185927.00
  1974        10-14            96574.00       101712.00       198286.00
  1974        15-19            89362.00        92511.00       181873.00
  1974        20-24            81922.00        85686.00       167608.00
  1974        25-29            77138.00        81997.00       159135.00
  1974        30-34            62213.00        65951.00       128164.00
  1974        35-39            54743.00        57581.00       112324.00
  1974        40-44            51645.00        54882.00       106527.00
  1974        45-49            53980.00        57056.00       111036.00
  1974        50-54            52334.00        54094.00       106428.00
  1974        55-59            46704.00        45456.00        92160.00
  1974        60-64            42756.00        40829.00        83585.00
  1974        65-69            33668.00        31626.00        65294.00
  1974        70-74            26738.00        22614.00        49352.00
  1974        75-79            19065.00        12983.00        32048.00
  1974        80-84            12322.22         7549.60        19871.82
  1974        85-89             5660.65         3177.55         8838.20
  1974        90-94             1678.73          762.55         2441.28
  1974        95-99              297.40          107.50          404.90
  1974       100-104              21.15            7.81           28.96
  1974       105-109               0.00            0.00            0.00
  1974       110+                  0.00            0.00            0.00
  1975           0             17834.00        18738.00        36572.00
  1975         1-4             78825.00        81996.00       160821.00
  1975         5-9             93098.00        98202.00       191300.00
  1975        10-14            96569.00       101554.00       198123.00
  1975        15-19            91328.00        95052.00       186380.00
  1975        20-24            83707.00        87309.00       171016.00
  1975        25-29            80530.00        84555.00       165085.00
  1975        30-34            65890.00        69922.00       135812.00
  1975        35-39            57077.00        60162.00       117239.00
  1975        40-44            51633.00        54613.00       106246.00
  1975        45-49            54224.00        57452.00       111676.00
  1975        50-54            53329.00        55238.00       108567.00
  1975        55-59            47529.00        46007.00        93536.00
  1975        60-64            44286.00        42030.00        86316.00
  1975        65-69            34755.00        32864.00        67619.00
  1975        70-74            26788.00        22650.00        49438.00
  1975        75-79            20097.00        13939.00        34036.00
  1975        80-84            12460.01         7427.69        19887.70
  1975        85-89             5877.75         3156.52         9034.27
  1975        90-94             1749.12          778.50         2527.62
  1975        95-99              300.94           99.15          400.09
  1975       100-104              20.54            2.88           23.42
  1975       105-109               0.00            0.00            0.00
  1975       110+                  0.00            0.00            0.00
  1976           0             17437.00        18085.00        35522.00
  1976         1-4             77795.00        80577.00       158372.00
  1976         5-9             96411.00       101684.00       198095.00
  1976        10-14            95689.00       100672.00       196361.00
  1976        15-19            93892.00        97806.00       191698.00
  1976        20-24            85523.00        89382.00       174905.00
  1976        25-29            83620.00        87345.00       170965.00
  1976        30-34            68988.00        72938.00       141926.00
  1976        35-39            58959.00        62174.00       121133.00
  1976        40-44            52041.00        54957.00       106998.00
  1976        45-49            54102.00        57458.00       111560.00
  1976        50-54            54091.00        56373.00       110464.00
  1976        55-59            48911.00        47757.00        96668.00
  1976        60-64            45314.00        42535.00        87849.00
  1976        65-69            36245.00        34155.00        70400.00
  1976        70-74            27477.00        23304.00        50781.00
  1976        75-79            20785.00        14594.00        35379.00
  1976        80-84            12893.66         7440.68        20334.34
  1976        85-89             6235.63         3282.33         9517.96
  1976        90-94             1906.96          835.71         2742.67
  1976        95-99              348.75          104.37          453.12
  1976       100-104              22.59            3.40           25.99
  1976       105-109               0.00            0.00            0.00
  1976       110+                  0.00            0.00            0.00
  1977           0             17112.00        17820.00        34932.00
  1977         1-4             74816.00        77856.00       152672.00
  1977         5-9            100337.00       104713.00       205050.00
  1977        10-14            95386.00        99958.00       195344.00
  1977        15-19            97264.00       101139.00       198403.00
  1977        20-24            86750.00        90992.00       177742.00
  1977        25-29            83924.00        87708.00       171632.00
  1977        30-34            74899.00        78421.00       153320.00
  1977        35-39            60913.00        64110.00       125023.00
  1977        40-44            53316.00        56296.00       109612.00
  1977        45-49            53791.00        56966.00       110757.00
  1977        50-54            53991.00        56679.00       110670.00
  1977        55-59            50396.00        49479.00        99875.00
  1977        60-64            46333.00        42982.00        89315.00
  1977        65-69            37755.00        34978.00        72733.00
  1977        70-74            28045.00        24258.00        52303.00
  1977        75-79            21296.00        14968.00        36264.00
  1977        80-84            13378.85         7444.30        20823.15
  1977        85-89             6440.07         3283.12         9723.19
  1977        90-94             2015.24          886.52         2901.76
  1977        95-99              374.52          110.24          484.76
  1977       100-104              23.43            6.23           29.66
  1977       105-109               0.00            0.00            0.00
  1977       110+                  0.00            0.00            0.00
  1978           0             17051.00        18004.00        35055.00
  1978         1-4             72778.00        75952.00       148730.00
  1978         5-9            103068.00       106794.00       209862.00
  1978        10-14            95639.00        99817.00       195456.00
  1978        15-19            99549.00       103840.00       203389.00
  1978        20-24            89431.00        93328.00       182759.00
  1978        25-29            85456.00        89392.00       174848.00
  1978        30-34            79661.00        83289.00       162950.00
  1978        35-39            63213.00        66492.00       129705.00
  1978        40-44            54602.00        57634.00       112236.00
  1978        45-49            53508.00        56383.00       109891.00
  1978        50-54            54445.00        57026.00       111471.00
  1978        55-59            51855.00        51236.00       103091.00
  1978        60-64            46824.00        43627.00        90451.00
  1978        65-69            39404.00        35783.00        75187.00
  1978        70-74            29369.00        25254.00        54623.00
  1978        75-79            21539.00        15419.00        36958.00
  1978        80-84            13772.20         7608.43        21380.63
  1978        85-89             6703.01         3349.62        10052.63
  1978        90-94             2199.26          952.89         3152.15
  1978        95-99              409.81          121.33          531.14
  1978       100-104              35.51            4.98           40.49
  1978       105-109               0.00            0.00            0.00
  1978       110+                  0.00            0.00            0.00
  1979           0             17016.00        17987.00        35003.00
  1979         1-4             71662.00        74795.00       146457.00
  1979         5-9            103647.00       107795.00       211442.00
  1979        10-14            96665.00       100810.00       197475.00
  1979        15-19           101491.00       105494.00       206985.00
  1979        20-24            92424.00        97000.00       189424.00
  1979        25-29            87277.00        90940.00       178217.00
  1979        30-34            83125.00        86760.00       169885.00
  1979        35-39            66175.00        69589.00       135764.00
  1979        40-44            56786.00        59681.00       116467.00
  1979        45-49            53112.00        55798.00       108910.00
  1979        50-54            54914.00        57479.00       112393.00
  1979        55-59            52995.00        53145.00       106140.00
  1979        60-64            46808.00        43508.00        90316.00
  1979        65-69            41343.00        37233.00        78576.00
  1979        70-74            30594.00        26073.00        56667.00
  1979        75-79            22121.00        16101.00        38222.00
  1979        80-84            14148.64         7766.89        21915.53
  1979        85-89             6964.16         3449.22        10413.38
  1979        90-94             2360.69         1007.21         3367.90
  1979        95-99              449.97          134.14          584.11
  1979       100-104              46.39            4.85           51.24
  1979       105-109               0.35            0.00            0.35
  1979       110+                  0.00            0.00            0.00
  1980           0             16996.00        18216.00        35212.00
  1980         1-4             70999.00        74322.00       145321.00
  1980         5-9            103172.00       107348.00       210520.00
  1980        10-14            99548.00       103679.00       203227.00
  1980        15-19           102161.00       105281.00       207442.00
  1980        20-24            96148.00       101122.00       197270.00
  1980        25-29            89404.00        93703.00       183107.00
  1980        30-34            86699.00        90101.00       176800.00
  1980        35-39            70627.00        74112.00       144739.00
  1980        40-44            58703.00        62170.00       120873.00
  1980        45-49            53254.00        55863.00       109117.00
  1980        50-54            55101.00        57513.00       112614.00
  1980        55-59            54500.00        54723.00       109223.00
  1980        60-64            47777.00        44321.00        92098.00
  1980        65-69            42798.00        38723.00        81521.00
  1980        70-74            31984.00        27260.00        59244.00
  1980        75-79            22472.00        16480.00        38952.00
  1980        80-84            14686.29         8154.11        22840.40
  1980        85-89             7250.26         3465.41        10715.67
  1980        90-94             2527.83         1053.58         3581.41
  1980        95-99              494.47          155.81          650.28
  1980       100-104              48.43            9.73           58.16
  1980       105-109               0.59            0.00            0.59
  1980       110+                  0.00            0.00            0.00
  1981           0             18357.00        19400.00        37757.00
  1981         1-4             72382.00        76132.00       148514.00
  1981         5-9            102339.00       106840.00       209179.00
  1981        10-14           105160.00       109466.00       214626.00
  1981        15-19           103149.00       105571.00       208720.00
  1981        20-24           101358.00       106414.00       207772.00
  1981        25-29            92711.00        97755.00       190466.00
  1981        30-34            92188.00        96035.00       188223.00
  1981        35-39            75481.00        79005.00       154486.00
  1981        40-44            61500.00        65567.00       127067.00
  1981        45-49            53600.00        56598.00       110198.00
  1981        50-54            56266.00        58314.00       114580.00
  1981        55-59            54777.00        55820.00       110597.00
  1981        60-64            50120.00        46412.00        96532.00
  1981        65-69            43880.00        39750.00        83630.00
  1981        70-74            33908.00        28301.00        62209.00
  1981        75-79            22983.00        17119.00        40102.00
  1981        80-84            15435.82         8692.36        24128.18
  1981        85-89             7611.44         3574.21        11185.65
  1981        90-94             2705.57         1097.84         3803.41
  1981        95-99              538.00          189.04          727.04
  1981       100-104              54.76            8.86           63.62
  1981       105-109               1.31            0.00            1.31
  1981       110+                  0.00            0.00            0.00
  1982           0             19166.00        20421.00        39587.00
  1982         1-4             74254.00        78560.00       152814.00
  1982         5-9            101316.00       106077.00       207393.00
  1982        10-14           110351.00       115013.00       225364.00
  1982        15-19           103482.00       106762.00       210244.00
  1982        20-24           105994.00       110804.00       216798.00
  1982        25-29            96593.00       101368.00       197961.00
  1982        30-34            94350.00        98207.00       192557.00
  1982        35-39            83019.00        86885.00       169904.00
  1982        40-44            65203.00        69729.00       134932.00
  1982        45-49            55354.00        58685.00       114039.00
  1982        50-54            56487.00        58807.00       115294.00
  1982        55-59            55344.00        56755.00       112099.00
  1982        60-64            51782.00        48851.00       100633.00
  1982        65-69            45285.00        40495.00        85780.00
  1982        70-74            35447.00        29594.00        65041.00
  1982        75-79            24116.00        17889.00        42005.00
  1982        80-84            15965.65         9104.60        25070.25
  1982        85-89             7997.88         3630.21        11628.09
  1982        90-94             2844.11         1120.14         3964.25
  1982        95-99              585.43          208.11          793.54
  1982       100-104              55.30           10.36           65.66
  1982       105-109               0.70            0.00            0.70
  1982       110+                  0.00            0.00            0.00
  1983           0             20181.00        21542.00        41723.00
  1983         1-4             75749.00        80669.00       156418.00
  1983         5-9             99900.00       105046.00       204946.00
  1983        10-14           113314.00       118242.00       231556.00
  1983        15-19           103718.00       107334.00       211052.00
  1983        20-24           107978.00       112706.00       220684.00
  1983        25-29            99339.00       103604.00       202943.00
  1983        30-34            96497.00        99653.00       196150.00
  1983        35-39            88982.00        93554.00       182536.00
  1983        40-44            68407.00        72898.00       141305.00
  1983        45-49            57009.00        60937.00       117946.00
  1983        50-54            55912.00        58454.00       114366.00
  1983        55-59            56282.00        57592.00       113874.00
  1983        60-64            53429.00        51024.00       104453.00
  1983        65-69            46085.00        41146.00        87231.00
  1983        70-74            36999.00        30587.00        67586.00
  1983        75-79            25308.00        18763.00        44071.00
  1983        80-84            16300.39         9358.29        25658.68
  1983        85-89             8274.58         3717.28        11991.86
  1983        90-94             2979.46         1122.98         4102.44
  1983        95-99              611.53          195.20          806.73
  1983       100-104              56.28            9.49           65.77
  1983       105-109               0.27            0.00            0.27
  1983       110+                  0.00            0.00            0.00
  1984           0             19594.00        20855.00        40449.00
  1984         1-4             77778.00        82806.00       160584.00
  1984         5-9             98020.00       103257.00       201277.00
  1984        10-14           113770.00       119099.00       232869.00
  1984        15-19           104483.00       108465.00       212948.00
  1984        20-24           108390.00       112854.00       221244.00
  1984        25-29           101519.00       105898.00       207417.00
  1984        30-34            97577.00       100192.00       197769.00
  1984        35-39            92998.00        97284.00       190282.00
  1984        40-44            72160.00        76729.00       148889.00
  1984        45-49            59602.00        63779.00       123381.00
  1984        50-54            55344.00        57968.00       113312.00
  1984        55-59            56901.00        58270.00       115171.00
  1984        60-64            54783.00        53336.00       108119.00
  1984        65-69            46172.00        41239.00        87411.00
  1984        70-74            38845.00        32230.00        71075.00
  1984        75-79            26549.00        19630.00        46179.00
  1984        80-84            16801.73         9823.59        26625.32
  1984        85-89             8571.87         3822.80        12394.67
  1984        90-94             3149.16         1175.92         4325.08
  1984        95-99              654.17          196.46          850.63
  1984       100-104              69.38           11.63           81.01
  1984       105-109               1.14            0.00            1.14
  1984       110+                  0.00            0.00            0.00
  1985           0             19517.00        20747.00        40264.00
  1985         1-4             79318.00        84329.00       163647.00
  1985         5-9             97070.00       102618.00       199688.00
  1985        10-14           113234.00       118889.00       232123.00
  1985        15-19           106736.00       111061.00       217797.00
  1985        20-24           108559.00       112742.00       221301.00
  1985        25-29           104312.00       108823.00       213135.00
  1985        30-34            98832.00       101161.00       199993.00
  1985        35-39            96914.00       100411.00       197325.00
  1985        40-44            76709.00        81429.00       158138.00
  1985        45-49            62143.00        67051.00       129194.00
  1985        50-54            55401.00        57927.00       113328.00
  1985        55-59            57198.00        58666.00       115864.00
  1985        60-64            56120.00        54860.00       110980.00
  1985        65-69            46774.00        42090.00        88864.00
  1985        70-74            40134.00        33341.00        73475.00
  1985        75-79            27810.00        20747.00        48557.00
  1985        80-84            17386.39        10315.41        27701.80
  1985        85-89             9011.85         4044.33        13056.18
  1985        90-94             3347.57         1189.39         4536.96
  1985        95-99              714.06          199.24          913.30
  1985       100-104              80.36           16.55           96.91
  1985       105-109               1.43            0.00            1.43
  1985       110+                  0.00            0.00            0.00
  1986           0             19360.00        20543.00        39903.00
  1986         1-4             80228.00        85294.00       165522.00
  1986         5-9             97507.00       103386.00       200893.00
  1986        10-14           110462.00       116537.00       226999.00
  1986        15-19           111380.00       116331.00       227711.00
  1986        20-24           108203.00       112688.00       220891.00
  1986        25-29           107263.00       111183.00       218446.00
  1986        30-34           100604.00       102407.00       203011.00
  1986        35-39           100758.00       103750.00       204508.00
  1986        40-44            81414.00        86042.00       167456.00
  1986        45-49            64842.00        70114.00       134956.00
  1986        50-54            55857.00        59022.00       114879.00
  1986        55-59            57405.00        59399.00       116804.00
  1986        60-64            56883.00        56094.00       112977.00
  1986        65-69            48882.00        44435.00        93317.00
  1986        70-74            41260.00        34302.00        75562.00
  1986        75-79            29131.00        21848.00        50979.00
  1986        80-84            17855.69        10680.54        28536.23
  1986        85-89             9424.38         4245.36        13669.74
  1986        90-94             3513.46         1213.24         4726.70
  1986        95-99              760.56          224.35          984.91
  1986       100-104              90.36           18.03          108.39
  1986       105-109               2.48            0.00            2.48
  1986       110+                  0.00            0.00            0.00
  1987           0             19415.00        20577.00        39992.00
  1987         1-4             80886.00        85572.00       166458.00
  1987         5-9             99132.00       105619.00       204751.00
  1987        10-14           107973.00       113591.00       221564.00
  1987        15-19           115448.00       119808.00       235256.00
  1987        20-24           107278.00       111477.00       218755.00
  1987        25-29           110454.00       113320.00       223774.00
  1987        30-34           102982.00       104370.00       207352.00
  1987        35-39           101321.00       103641.00       204962.00
  1987        40-44            88806.00        93125.00       181931.00
  1987        45-49            67993.00        73418.00       141411.00
  1987        50-54            57714.00        60962.00       118676.00
  1987        55-59            57458.00        59344.00       116802.00
  1987        60-64            56937.00        56471.00       113408.00
  1987        65-69            50627.00        46769.00        97396.00
  1987        70-74            42317.00        35099.00        77416.00
  1987        75-79            30440.00        22779.00        53219.00
  1987        80-84            18561.81        11368.03        29929.84
  1987        85-89             9873.40         4490.15        14363.55
  1987        90-94             3725.01         1239.92         4964.93
  1987        95-99              846.75          246.53         1093.28
  1987       100-104             103.47           18.76          122.23
  1987       105-109               3.68            0.00            3.68
  1987       110+                  0.00            0.00            0.00
  1988           0             19389.00        20395.00        39784.00
  1988         1-4             81202.00        85551.00       166753.00
  1988         5-9            102238.00       109266.00       211504.00
  1988        10-14           106883.00       112313.00       219196.00
  1988        15-19           118960.00       122772.00       241732.00
  1988        20-24           107898.00       111593.00       219491.00
  1988        25-29           113891.00       115521.00       229412.00
  1988        30-34           106345.00       107333.00       213678.00
  1988        35-39           103940.00       105126.00       209066.00
  1988        40-44            95290.00        99981.00       195271.00
  1988        45-49            71878.00        76930.00       148808.00
  1988        50-54            59741.00        63423.00       123164.00
  1988        55-59            57364.00        59329.00       116693.00
  1988        60-64            57962.00        57444.00       115406.00
  1988        65-69            52612.00        48759.00       101371.00
  1988        70-74            42968.00        35655.00        78623.00
  1988        75-79            31929.00        23671.00        55600.00
  1988        80-84            19493.74        12040.91        31534.65
  1988        85-89            10144.59         4656.96        14801.55
  1988        90-94             3817.16         1247.31         5064.47
  1988        95-99              893.48          253.00         1146.48
  1988       100-104              97.97           22.17          120.14
  1988       105-109               2.86            0.00            2.86
  1988       110+                  0.00            0.00            0.00
  1989           0             20255.00        21362.00        41617.00
  1989         1-4             82203.00        86669.00       168872.00
  1989         5-9            105727.00       112891.00       218618.00
  1989        10-14           107229.00       112905.00       220134.00
  1989        15-19           121814.00       126313.00       248127.00
  1989        20-24           110560.00       114042.00       224602.00
  1989        25-29           117399.00       118687.00       236086.00
  1989        30-34           110803.00       111946.00       222749.00
  1989        35-39           107168.00       107881.00       215049.00
  1989        40-44           101261.00       105601.00       206862.00
  1989        45-49            76855.00        82142.00       158997.00
  1989        50-54            63091.00        67013.00       130104.00
  1989        55-59            57651.00        59562.00       117213.00
  1989        60-64            59000.00        58766.00       117766.00
  1989        65-69            54498.00        51265.00       105763.00
  1989        70-74            43330.00        36153.00        79483.00
  1989        75-79            33775.00        24922.00        58697.00
  1989        80-84            20598.32        12681.39        33279.71
  1989        85-89            10535.19         4911.63        15446.82
  1989        90-94             3945.15         1280.22         5225.37
  1989        95-99              946.67          267.37         1214.04
  1989       100-104             107.60           19.92          127.52
  1989       105-109               3.46            0.00            3.46
  1989       110+                  0.00            0.00            0.00
  1990           0             21583.00        22615.00        44198.00
  1990         1-4             83038.00        87919.00       170957.00
  1990         5-9            108609.00       115730.00       224339.00
  1990        10-14           107545.00       113782.00       221327.00
  1990        15-19           122348.00       127264.00       249612.00
  1990        20-24           114050.00       117235.00       231285.00
  1990        25-29           118341.00       118936.00       237277.00
  1990        30-34           115043.00       115848.00       230891.00
  1990        35-39           109845.00       110134.00       219979.00
  1990        40-44           105825.00       109944.00       215769.00
  1990        45-49            82146.00        87263.00       169409.00
  1990        50-54            66219.00        70766.00       136985.00
  1990        55-59            58251.00        59903.00       118154.00
  1990        60-64            59547.00        59838.00       119385.00
  1990        65-69            55708.00        52496.00       108204.00
  1990        70-74            44239.00        37336.00        81575.00
  1990        75-79            34960.00        25706.00        60666.00
  1990        80-84            21616.73        13235.47        34852.20
  1990        85-89            10893.47         5083.72        15977.19
  1990        90-94             4084.14         1336.75         5420.89
  1990        95-99              951.70          225.40         1177.10
  1990       100-104             120.74           18.85          139.59
  1990       105-109               5.30            0.00            5.30
  1990       110+                  0.00            0.00            0.00
  1991           0             22061.00        23237.00        45298.00
  1991         1-4             84838.00        89764.00       174602.00
  1991         5-9            110258.00       117264.00       227522.00
  1991        10-14           108632.00       115496.00       224128.00
  1991        15-19           120373.00       125819.00       246192.00
  1991        20-24           118530.00       121346.00       239876.00
  1991        25-29           116907.00       117391.00       234298.00
  1991        30-34           119422.00       118839.00       238261.00
  1991        35-39           111951.00       112218.00       224169.00
  1991        40-44           109978.00       113406.00       223384.00
  1991        45-49            87404.00        92242.00       179646.00
  1991        50-54            69441.00        74283.00       143724.00
  1991        55-59            58494.00        60965.00       119459.00
  1991        60-64            60178.00        60291.00       120469.00
  1991        65-69            56187.00        53579.00       109766.00
  1991        70-74            46367.00        39317.00        85684.00
  1991        75-79            35947.00        26528.00        62475.00
  1991        80-84            22777.60        13931.64        36709.24
  1991        85-89            11380.68         5311.60        16692.28
  1991        90-94             4375.01         1479.53         5854.54
  1991        95-99             1028.74          216.98         1245.72
  1991       100-104             121.17           22.18          143.35
  1991       105-109               4.47            0.00            4.47
  1991       110+                  0.00            0.00            0.00
  1992           0             22280.00        23165.00        45445.00
  1992         1-4             87191.00        91816.00       179007.00
  1992         5-9            111175.00       117986.00       229161.00
  1992        10-14           110060.00       117275.00       227335.00
  1992        15-19           117889.00       123267.00       241156.00
  1992        20-24           123562.00       126607.00       250169.00
  1992        25-29           116549.00       117374.00       233923.00
  1992        30-34           122895.00       122147.00       245042.00
  1992        35-39           115050.00       114979.00       230029.00
  1992        40-44           111190.00       114248.00       225438.00
  1992        45-49            94326.00        99325.00       193651.00
  1992        50-54            72314.00        77593.00       149907.00
  1992        55-59            60411.00        62984.00       123395.00
  1992        60-64            59922.00        60149.00       120071.00
  1992        65-69            56589.00        54238.00       110827.00
  1992        70-74            47876.00        41231.00        89107.00
  1992        75-79            36965.00        27250.00        64215.00
  1992        80-84            23910.37        14517.41        38427.78
  1992        85-89            11996.71         5798.74        17795.45
  1992        90-94             4655.41         1582.58         6237.99
  1992        95-99             1099.52          230.32         1329.84
  1992       100-104             134.58           23.08          157.66
  1992       105-109               5.42            0.00            5.42
  1992       110+                  0.00            0.00            0.00
  1993           0             22310.00        23874.00        46184.00
  1993         1-4             89844.00        94141.00       183985.00
  1993         5-9            111637.00       118291.00       229928.00
  1993        10-14           113001.00       120632.00       233633.00
  1993        15-19           116500.00       121696.00       238196.00
  1993        20-24           128171.00       131379.00       259550.00
  1993        25-29           117197.00       118720.00       235917.00
  1993        30-34           126057.00       125094.00       251151.00
  1993        35-39           118720.00       118178.00       236898.00
  1993        40-44           113396.00       115857.00       229253.00
  1993        45-49           101257.00       106701.00       207958.00
  1993        50-54            75523.00        80672.00       156195.00
  1993        55-59            62514.00        65553.00       128067.00
  1993        60-64            59362.00        60052.00       119414.00
  1993        65-69            57676.00        55209.00       112885.00
  1993        70-74            49430.00        43012.00        92442.00
  1993        75-79            37637.00        27940.00        65577.00
  1993        80-84            25204.10        15312.46        40516.56
  1993        85-89            12678.07         6270.23        18948.30
  1993        90-94             4758.80         1648.22         6407.02
  1993        95-99             1159.61          264.19         1423.80
  1993       100-104             149.03           24.19          173.22
  1993       105-109               6.62            0.00            6.62
  1993       110+                  0.00            0.00            0.00
  1994           0             22817.00        24025.00        46842.00
  1994         1-4             91813.00        96538.00       188351.00
  1994         5-9            112683.00       119210.00       231893.00
  1994        10-14           115523.00       123177.00       238700.00
  1994        15-19           115893.00       120989.00       236882.00
  1994        20-24           130571.00       134468.00       265039.00
  1994        25-29           119004.00       120775.00       239779.00
  1994        30-34           128468.00       127549.00       256017.00
  1994        35-39           121905.00       121433.00       243338.00
  1994        40-44           116023.00       117854.00       233877.00
  1994        45-49           106410.00       111535.00       217945.00
  1994        50-54            79880.00        85313.00       165193.00
  1994        55-59            65308.00        68563.00       133871.00
  1994        60-64            59095.00        60033.00       119128.00
  1994        65-69            58182.00        56041.00       114223.00
  1994        70-74            51431.00        45144.00        96575.00
  1994        75-79            37672.00        28235.00        65907.00
  1994        80-84            26805.93        16154.17        42960.10
  1994        85-89            13489.52         6701.41        20190.93
  1994        90-94             5015.95         1770.42         6786.37
  1994        95-99             1215.19          266.27         1481.46
  1994       100-104             164.18           21.33          185.51
  1994       105-109               8.79            0.00            8.79
  1994       110+                  0.00            0.00            0.00
  1995           0             22877.00        24536.00        47413.00
  1995         1-4             93257.00        98035.00       191292.00
  1995         5-9            114629.00       121264.00       235893.00
  1995        10-14           118163.00       125489.00       243652.00
  1995        15-19           115948.00       121145.00       237093.00
  1995        20-24           131393.00       135430.00       266823.00
  1995        25-29           122382.00       124527.00       246909.00
  1995        30-34           129552.00       128378.00       257930.00
  1995        35-39           125722.00       125353.00       251075.00
  1995        40-44           118573.00       120096.00       238669.00
  1995        45-49           110724.00       115528.00       226252.00
  1995        50-54            85248.00        90617.00       175865.00
  1995        55-59            67884.00        71977.00       139861.00
  1995        60-64            59627.00        60420.00       120047.00
  1995        65-69            58396.00        56787.00       115183.00
  1995        70-74            52754.00        46087.00        98841.00
  1995        75-79            38626.00        29526.00        68152.00
  1995        80-84            28168.70        16856.75        45025.45
  1995        85-89            14190.23         7058.11        21248.34
  1995        90-94             5222.15         1894.22         7116.37
  1995        95-99             1267.20          284.56         1551.76
  1995       100-104             165.79           17.19          182.98
  1995       105-109               8.52            0.00            8.52
  1995       110+                  0.00            0.00            0.00
  1996           0             23178.00        24267.00        47445.00
  1996         1-4             93928.00        99320.00       193248.00
  1996         5-9            117073.00       123216.00       240289.00
  1996        10-14           119917.00       127237.00       247154.00
  1996        15-19           117137.00       122817.00       239954.00
  1996        20-24           129040.00       132971.00       262011.00
  1996        25-29           127467.00       129518.00       256985.00
  1996        30-34           128873.00       127787.00       256660.00
  1996        35-39           130023.00       129424.00       259447.00
  1996        40-44           121154.00       122183.00       243337.00
  1996        45-49           115468.00       120109.00       235577.00
  1996        50-54            89997.00        95210.00       185207.00
  1996        55-59            70976.00        75378.00       146354.00
  1996        60-64            59525.00        61269.00       120794.00
  1996        65-69            59002.00        57422.00       116424.00
  1996        70-74            53390.00        47217.00       100607.00
  1996        75-79            40667.00        31379.00        72046.00
  1996        80-84            29393.97        17874.55        47268.52
  1996        85-89            15076.16         7464.82        22540.98
  1996        90-94             5458.40         2066.50         7524.90
  1996        95-99             1353.39          321.92         1675.31
  1996       100-104             165.34           22.74          188.08
  1996       105-109               6.91            0.00            6.91
  1996       110+                  0.00            0.00            0.00
  1997           0             23086.00        24269.00        47355.00
  1997         1-4             94246.00        99908.00       194154.00
  1997         5-9            119462.00       125276.00       244738.00
  1997        10-14           120232.00       127180.00       247412.00
  1997        15-19           117707.00       123547.00       241254.00
  1997        20-24           126037.00       128931.00       254968.00
  1997        25-29           131825.00       132784.00       264609.00
  1997        30-34           127904.00       126498.00       254402.00
  1997        35-39           133461.00       132076.00       265537.00
  1997        40-44           123853.00       123852.00       247705.00
  1997        45-49           116459.00       120094.00       236553.00
  1997        50-54            97718.00       103117.00       200835.00
  1997        55-59            74272.00        78983.00       153255.00
  1997        60-64            61419.00        63331.00       124750.00
  1997        65-69            59034.00        57887.00       116921.00
  1997        70-74            53725.00        48219.00       101944.00
  1997        75-79            42658.00        33196.00        75854.00
  1997        80-84            30175.23        18444.26        48619.49
  1997        85-89            15782.80         7761.98        23544.78
  1997        90-94             5729.45         2205.26         7934.71
  1997        95-99             1389.45          352.09         1741.54
  1997       100-104             178.32           24.83          203.15
  1997       105-109               8.69            0.00            8.69
  1997       110+                  0.00            0.00            0.00
  1998           0             22994.00        23994.00        46988.00
  1998         1-4             94651.00       100040.00       194691.00
  1998         5-9            121722.00       127889.00       249611.00
  1998        10-14           119949.00       126909.00       246858.00
  1998        15-19           119779.00       125246.00       245025.00
  1998        20-24           122703.00       125111.00       247814.00
  1998        25-29           134337.00       134464.00       268801.00
  1998        30-34           127112.00       125420.00       252532.00
  1998        35-39           136134.00       133956.00       270090.00
  1998        40-44           126488.00       125395.00       251883.00
  1998        45-49           118745.00       121136.00       239881.00
  1998        50-54           104591.00       110044.00       214635.00
  1998        55-59            77636.00        82294.00       159930.00
  1998        60-64            63387.00        66003.00       129390.00
  1998        65-69            58653.00        57941.00       116594.00
  1998        70-74            54518.00        49315.00       103833.00
  1998        75-79            44422.00        34822.00        79244.00
  1998        80-84            31060.02        19167.63        50227.65
  1998        85-89            16728.56         8247.69        24976.25
  1998        90-94             6109.22         2392.33         8501.55
  1998        95-99             1405.64          370.73         1776.37
  1998       100-104             178.46           27.43          205.89
  1998       105-109               7.96            0.00            7.96
  1998       110+                  0.00            0.00            0.00
  1999           0             22931.00        24219.00        47150.00
  1999         1-4             94738.00        99876.00       194614.00
  1999         5-9            123431.00       130146.00       253577.00
  1999        10-14           120956.00       127866.00       248822.00
  1999        15-19           121835.00       127414.00       249249.00
  1999        20-24           120600.00       122047.00       242647.00
  1999        25-29           134119.00       134344.00       268463.00
  1999        30-34           127708.00       125284.00       252992.00
  1999        35-39           137860.00       134616.00       272476.00
  1999        40-44           129392.00       127795.00       257187.00
  1999        45-49           121155.00       121968.00       243123.00
  1999        50-54           109814.00       114737.00       224551.00
  1999        55-59            82000.00        86912.00       168912.00
  1999        60-64            66358.00        69191.00       135549.00
  1999        65-69            58257.00        58037.00       116294.00
  1999        70-74            55245.00        50608.00       105853.00
  1999        75-79            46037.00        36575.00        82612.00
  1999        80-84            31652.37        19677.44        51329.81
  1999        85-89            17883.69         8843.09        26726.78
  1999        90-94             6576.17         2532.04         9108.21
  1999        95-99             1472.56          412.02         1884.58
  1999       100-104             182.57           25.68          208.25
  1999       105-109               8.00            0.00            8.00
  1999       110+                  0.00            0.00            0.00
  2000           0             23042.00        24524.00        47566.00
  2000         1-4             94742.00        99655.00       194397.00
  2000         5-9            124962.00       132101.00       257063.00
  2000        10-14           122798.00       129881.00       252679.00
  2000        15-19           124108.00       129255.00       253363.00
  2000        20-24           119707.00       120984.00       240691.00
  2000        25-29           133535.00       132694.00       266229.00
  2000        30-34           129740.00       126771.00       256511.00
  2000        35-39           138459.00       134025.00       272484.00
  2000        40-44           132887.00       130711.00       263598.00
  2000        45-49           122919.00       123093.00       246012.00
  2000        50-54           114768.00       118390.00       233158.00
  2000        55-59            87119.00        92035.00       179154.00
  2000        60-64            69583.00        73187.00       142770.00
  2000        65-69            58633.00        58430.00       117063.00
  2000        70-74            55561.00        51532.00       107093.00
  2000        75-79            47323.00        37877.00        85200.00
  2000        80-84            31978.66        20284.85        52263.51
  2000        85-89            18845.39         9353.03        28198.42
  2000        90-94             6954.65         2732.51         9687.16
  2000        95-99             1521.23          429.82         1951.05
  2000       100-104             192.93           30.13          223.06
  2000       105-109               8.95            0.00            8.95
  2000       110+                  0.00            0.00            0.00
  2001           0             23699.00        24904.00        48603.00
  2001         1-4             94889.00       100302.00       195191.00
  2001         5-9            125989.00       133309.00       259298.00
  2001        10-14           125259.00       132232.00       257491.00
  2001        15-19           126249.00       131573.00       257822.00
  2001        20-24           120859.00       122089.00       242948.00
  2001        25-29           130102.00       127916.00       258018.00
  2001        30-34           134283.00       130434.00       264717.00
  2001        35-39           137774.00       132570.00       270344.00
  2001        40-44           136829.00       133621.00       270450.00
  2001        45-49           125386.00       124339.00       249725.00
  2001        50-54           119918.00       122105.00       242023.00
  2001        55-59            92258.00        97073.00       189331.00
  2001        60-64            72998.00        76705.00       149703.00
  2001        65-69            59259.00        59937.00       119196.00
  2001        70-74            56250.00        52536.00       108786.00
  2001        75-79            48215.00        39305.00        87520.00
  2001        80-84            33452.80        21481.62        54934.42
  2001        85-89            19809.75         9896.54        29706.29
  2001        90-94             7332.93         2909.98        10242.91
  2001        95-99             1602.63          463.14         2065.77
  2001       100-104             204.94           34.58          239.52
  2001       105-109               8.75            0.00            8.75
  2001       110+                  0.00            0.00            0.00
  2002           0             23509.00        24917.00        48426.00
  2002         1-4             96184.00       101624.00       197808.00
  2002         5-9            126880.00       134371.00       261251.00
  2002        10-14           128811.00       135102.00       263913.00
  2002        15-19           127988.00       133060.00       261048.00
  2002        20-24           123217.00       126916.00       250133.00
  2002        25-29           127265.00       126939.00       254204.00
  2002        30-34           138555.00       135423.00       273978.00
  2002        35-39           137535.00       133151.00       270686.00
  2002        40-44           141472.00       138178.00       279650.00
  2002        45-49           128528.00       126845.00       255373.00
  2002        50-54           121111.00       122949.00       244060.00
  2002        55-59           100889.00       105260.00       206149.00
  2002        60-64            76669.00        80501.00       157170.00
  2002        65-69            61741.00        62600.00       124341.00
  2002        70-74            56559.00        53409.00       109968.00
  2002        75-79            48836.00        40532.00        89368.00
  2002        80-84            35406.30        23121.98        58528.28
  2002        85-89            20501.99        10355.33        30857.32
  2002        90-94             7724.62         3058.59        10783.21
  2002        95-99             1730.08          516.50         2246.58
  2002       100-104             213.79           39.07          252.86
  2002       105-109               9.20            0.00            9.20
  2002       110+                  0.00            0.00            0.00
  2003           0             23490.00        24812.00        48302.00
  2003         1-4             97591.00       103243.00       200834.00
  2003         5-9            128161.00       135031.00       263192.00
  2003        10-14           132053.00       138977.00       271030.00
  2003        15-19           129177.00       133890.00       263067.00
  2003        20-24           128227.00       132030.00       260257.00
  2003        25-29           126966.00       126778.00       253744.00
  2003        30-34           142964.00       139819.00       282783.00
  2003        35-39           137812.00       134014.00       271826.00
  2003        40-44           145615.00       141635.00       287250.00
  2003        45-49           132795.00       130345.00       263140.00
  2003        50-54           123770.00       124477.00       248247.00
  2003        55-59           108803.00       113163.00       221966.00
  2003        60-64            80694.00        83964.00       164658.00
  2003        65-69            64246.00        65708.00       129954.00
  2003        70-74            56541.00        54006.00       110547.00
  2003        75-79            49849.00        41851.00        91700.00
  2003        80-84            36926.06        24550.43        61476.49
  2003        85-89            21079.72        10766.71        31846.43
  2003        90-94             8210.62         3196.74        11407.36
  2003        95-99             1811.01          555.81         2366.82
  2003       100-104             208.07           43.74          251.81
  2003       105-109               8.20            0.32            8.52
  2003       110+                  0.00            0.00            0.00
  2004           0             24327.00        25488.00        49815.00
  2004         1-4             98753.00       104118.00       202871.00
  2004         5-9            129161.00       135554.00       264715.00
  2004        10-14           134782.00       142271.00       277053.00
  2004        15-19           130761.00       135595.00       266356.00
  2004        20-24           132575.00       137535.00       270110.00
  2004        25-29           127215.00       127608.00       254823.00
  2004        30-34           145138.00       142691.00       287829.00
  2004        35-39           139477.00       136090.00       275567.00
  2004        40-44           148489.00       144475.00       292964.00
  2004        45-49           136964.00       134533.00       271497.00
  2004        50-54           126274.00       126354.00       252628.00
  2004        55-59           114621.00       118357.00       232978.00
  2004        60-64            85443.00        88734.00       174177.00
  2004        65-69            67636.00        68902.00       136538.00
  2004        70-74            56515.00        54500.00       111015.00
  2004        75-79            50784.00        43184.00        93968.00
  2004        80-84            38580.38        25976.11        64556.49
  2004        85-89            21563.97        11183.19        32747.16
  2004        90-94             8873.38         3463.22        12336.60
  2004        95-99             1978.10          570.59         2548.69
  2004       100-104             209.38           45.99          255.37
  2004       105-109               6.63            0.27            6.90
  2004       110+                  0.00            0.00            0.00
  2005           0             25244.00        26960.00        52204.00
  2005         1-4            100255.00       105478.00       205733.00
  2005         5-9            130002.00       136688.00       266690.00
  2005        10-14           137206.00       144620.00       281826.00
  2005        15-19           132693.00       138393.00       271086.00
  2005        20-24           137522.00       142008.00       279530.00
  2005        25-29           128840.00       130162.00       259002.00
  2005        30-34           145850.00       143922.00       289772.00
  2005        35-39           142663.00       139876.00       282539.00
  2005        40-44           150211.00       145969.00       296180.00
  2005        45-49           141013.00       138223.00       279236.00
  2005        50-54           128763.00       128577.00       257340.00
  2005        55-59           119396.00       122255.00       241651.00
  2005        60-64            90918.00        93961.00       184879.00
  2005        65-69            70664.00        72337.00       143001.00
  2005        70-74            57015.00        54986.00       112001.00
  2005        75-79            51154.00        44055.00        95209.00
  2005        80-84            40117.48        27376.88        67494.36
  2005        85-89            21963.25        11627.13        33590.38
  2005        90-94             9397.61         3720.84        13118.45
  2005        95-99             2108.06          617.73         2725.79
  2005       100-104             239.13           50.63          289.76
  2005       105-109               8.97            0.32            9.29
  2005       110+                  0.00            0.00            0.00
  2006           0             26252.00        27793.00        54045.00
  2006         1-4            101650.00       107329.00       208979.00
  2006         5-9            131936.00       138543.00       270479.00
  2006        10-14           138440.00       145936.00       284376.00
  2006        15-19           135106.00       141547.00       276653.00
  2006        20-24           142096.00       145835.00       287931.00
  2006        25-29           132562.00       134874.00       267436.00
  2006        30-34           144376.00       143274.00       287650.00
  2006        35-39           148320.00       145953.00       294273.00
  2006        40-44           150216.00       146161.00       296377.00
  2006        45-49           145364.00       142102.00       287466.00
  2006        50-54           131641.00       131313.00       262954.00
  2006        55-59           123506.00       125765.00       249271.00
  2006        60-64            96114.00        98972.00       195086.00
  2006        65-69            73482.00        74979.00       148461.00
  2006        70-74            57727.00        56271.00       113998.00
  2006        75-79            51728.00        44975.00        96703.00
  2006        80-84            41352.43        28714.17        70066.60
  2006        85-89            23260.90        12673.57        35934.47
  2006        90-94            10027.00         4006.72        14033.72
  2006        95-99             2283.83          669.03         2952.86
  2006       100-104             259.54           54.88          314.42
  2006       105-109              10.41            0.63           11.04
  2006       110+                  0.00            0.00            0.00
  2007           0             27928.00        30011.00        57939.00
  2007         1-4            105102.00       110985.00       216087.00
  2007         5-9            133557.00       140605.00       274162.00
  2007        10-14           139184.00       146663.00       285847.00
  2007        15-19           139551.00       145607.00       285158.00
  2007        20-24           145506.00       149640.00       295146.00
  2007        25-29           138190.00       141493.00       279683.00
  2007        30-34           143705.00       143004.00       286709.00
  2007        35-39           154820.00       152296.00       307116.00
  2007        40-44           149875.00       146566.00       296441.00
  2007        45-49           150205.00       146686.00       296891.00
  2007        50-54           134736.00       133563.00       268299.00
  2007        55-59           123806.00       125495.00       249301.00
  2007        60-64           103939.00       106911.00       210850.00
  2007        65-69            76866.00        78718.00       155584.00
  2007        70-74            59658.00        58047.00       117705.00
  2007        75-79            52008.00        45572.00        97580.00
  2007        80-84            42040.53        29869.62        71910.15
  2007        85-89            24839.93        13799.80        38639.73
  2007        90-94            10361.16         4245.44        14606.60
  2007        95-99             2427.70          722.68         3150.38
  2007       100-104             283.29           59.37          342.66
  2007       105-109              11.77            0.70           12.47
  2007       110+                  0.00            0.00            0.00
  2008           0             29613.00        31408.00        61021.00
  2008         1-4            109974.00       116469.00       226443.00
  2008         5-9            134991.00       142340.00       277331.00
  2008        10-14           140692.00       147859.00       288551.00
  2008        15-19           143557.00       149872.00       293429.00
  2008        20-24           149120.00       153690.00       302810.00
  2008        25-29           145429.00       149869.00       295298.00
  2008        30-34           144239.00       143178.00       287417.00
  2008        35-39           160026.00       157662.00       317688.00
  2008        40-44           150264.00       147592.00       297856.00
  2008        45-49           154227.00       150699.00       304926.00
  2008        50-54           138087.00       135989.00       274076.00
  2008        55-59           125785.00       126757.00       252542.00
  2008        60-64           110167.00       113499.00       223666.00
  2008        65-69            80418.00        81813.00       162231.00
  2008        70-74            61358.00        60340.00       121698.00
  2008        75-79            51987.00        45853.00        97840.00
  2008        80-84            42644.86        30986.20        73631.06
  2008        85-89            26057.70        14691.47        40749.17
  2008        90-94            10746.16         4516.02        15262.18
  2008        95-99             2613.69          749.25         3362.94
  2008       100-104             303.05           64.38          367.43
  2008       105-109              12.79            1.36           14.15
  2008       110+                  0.00            0.00            0.00
  2009           0             30134.00        32039.00        62173.00
  2009         1-4            114811.00       122074.00       236885.00
  2009         5-9            137386.00       144796.00       282182.00
  2009        10-14           141981.00       148726.00       290707.00
  2009        15-19           146479.00       153489.00       299968.00
  2009        20-24           154229.00       159135.00       313364.00
  2009        25-29           153276.00       158863.00       312139.00
  2009        30-34           146061.00       144770.00       290831.00
  2009        35-39           162591.00       160698.00       323289.00
  2009        40-44           152358.00       149542.00       301900.00
  2009        45-49           156859.00       153462.00       310321.00
  2009        50-54           141901.00       139599.00       281500.00
  2009        55-59           127835.00       127933.00       255768.00
  2009        60-64           114585.00       117670.00       232255.00
  2009        65-69            84797.00        86418.00       171215.00
  2009        70-74            64103.00        63205.00       127308.00
  2009        75-79            51961.00        46093.00        98054.00
  2009        80-84            43174.89        31941.08        75115.97
  2009        85-89            27145.97        15512.66        42658.63
  2009        90-94            10957.24         4669.22        15626.46
  2009        95-99             2734.95          794.69         3529.64
  2009       100-104             309.23           56.59          365.82
  2009       105-109              13.00            0.33           13.33
  2009       110+                  0.00            0.00            0.00
  2010           0             30003.00        31789.00        61792.00
  2010         1-4            117452.00       124952.00       242404.00
  2010         5-9            139717.00       147372.00       287089.00
  2010        10-14           142175.00       148992.00       291167.00
  2010        15-19           147793.00       154329.00       302122.00
  2010        20-24           156840.00       161679.00       318519.00
  2010        25-29           158302.00       163408.00       321710.00
  2010        30-34           148077.00       146225.00       294302.00
  2010        35-39           162365.00       160312.00       322677.00
  2010        40-44           155414.00       152715.00       308129.00
  2010        45-49           157471.00       153658.00       311129.00
  2010        50-54           145380.00       142827.00       288207.00
  2010        55-59           129759.00       129391.00       259150.00
  2010        60-64           118326.00       120818.00       239144.00
  2010        65-69            89969.00        91286.00       181255.00
  2010        70-74            66704.00        66720.00       133424.00
  2010        75-79            52597.00        46598.00        99195.00
  2010        80-84            43900.00        33062.67        76962.67
  2010        85-89            28445.77        16539.14        44984.91
  2010        90-94            11306.33         4901.45        16207.78
  2010        95-99             2912.83          880.93         3793.76
  2010       100-104             341.80           61.64          403.44
  2010       105-109              14.51            0.75           15.26
  2010       110+                  0.00            0.00            0.00
  2011           0             29495.00        30660.00        60155.00
  2011         1-4            118444.00       125731.00       244175.00
  2011         5-9            142847.00       150901.00       293748.00
  2011        10-14           143465.00       150295.00       293760.00
  2011        15-19           147927.00       154934.00       302861.00
  2011        20-24           158933.00       162837.00       321770.00
  2011        25-29           161562.00       165381.00       326943.00
  2011        30-34           150975.00       150039.00       301014.00
  2011        35-39           159972.00       157473.00       317445.00
  2011        40-44           161462.00       158701.00       320163.00
  2011        45-49           156552.00       152761.00       309313.00
  2011        50-54           149603.00       146561.00       296164.00
  2011        55-59           132437.00       131660.00       264097.00
  2011        60-64           121806.00       123606.00       245412.00
  2011        65-69            95034.00        96189.00       191223.00
  2011        70-74            69458.00        69939.00       139397.00
  2011        75-79            53413.00        47873.00       101286.00
  2011        80-84            44344.53        33923.64        78268.17
  2011        85-89            29415.13        17490.13        46905.26
  2011        90-94            12057.80         5329.92        17387.72
  2011        95-99             3152.36          934.31         4086.67
  2011       100-104             360.90           60.50          421.40
  2011       105-109              13.75            0.31           14.06
  2011       110+                  0.00            0.00            0.00
  2012           0             30815.00        32276.00        63091.00
  2012         1-4            121555.00       127848.00       249403.00
  2012         5-9            146211.00       154799.00       301010.00
  2012        10-14           144292.00       151627.00       295919.00
  2012        15-19           149067.00       156154.00       305221.00
  2012        20-24           162685.00       165772.00       328457.00
  2012        25-29           165836.00       168758.00       334594.00
  2012        30-34           155408.00       155182.00       310590.00
  2012        35-39           158081.00       155881.00       313962.00
  2012        40-44           167509.00       163604.00       331113.00
  2012        45-49           156466.00       152615.00       309081.00
  2012        50-54           154130.00       150419.00       304549.00
  2012        55-59           135716.00       133771.00       269487.00
  2012        60-64           122368.00       123451.00       245819.00
  2012        65-69           102083.00       102994.00       205077.00
  2012        70-74            73107.00        73234.00       146341.00
  2012        75-79            54851.00        49702.00       104553.00
  2012        80-84            44422.00        34426.00        78848.00
  2012        85-89            30039.74        18361.70        48401.44
  2012        90-94            12946.14         5862.22        18808.36
  2012        95-99             3210.83         1013.56         4224.39
  2012       100-104             365.72           68.90          434.62
  2012       105-109              11.91            0.67           12.58
  2012       110+                  0.00            0.00            0.00
  2013           0             30744.00        32811.00        63555.00
  2013         1-4            123876.00       129822.00       253698.00
  2013         5-9            150649.00       159605.00       310254.00
  2013        10-14           144642.00       152532.00       297174.00
  2013        15-19           150527.00       156913.00       307440.00
  2013        20-24           165415.00       168214.00       333629.00
  2013        25-29           168853.00       170569.00       339422.00
  2013        30-34           161023.00       160685.00       321708.00
  2013        35-39           156892.00       154053.00       310945.00
  2013        40-44           171433.00       166718.00       338151.00
  2013        45-49           156789.00       152659.00       309448.00
  2013        50-54           157636.00       153320.00       310956.00
  2013        55-59           139240.00       135776.00       275016.00
  2013        60-64           124917.00       124648.00       249565.00
  2013        65-69           107929.00       108983.00       216912.00
  2013        70-74            76937.00        76110.00       153047.00
  2013        75-79            56396.00        51970.00       108366.00
  2013        80-84            44359.00        35062.00        79421.00
  2013        85-89            30798.30        19285.48        50083.78
  2013        90-94            13672.81         6319.82        19992.63
  2013        95-99             3364.89         1055.85         4420.74
  2013       100-104             389.01           74.25          463.26
  2013       105-109              14.80            0.35           15.15
  2013       110+                  0.00            0.00            0.00
  2014           0             30567.00        32431.00        62998.00
  2014         1-4            124762.00       130929.00       255691.00
  2014         5-9            154538.00       163807.00       318345.00
  2014        10-14           145820.00       153875.00       299695.00
  2014        15-19           150738.00       156823.00       307561.00
  2014        20-24           167447.00       171834.00       339281.00
  2014        25-29           170795.00       170732.00       341527.00
  2014        30-34           165737.00       164534.00       330271.00
  2014        35-39           155999.00       152329.00       308328.00
  2014        40-44           172523.00       167602.00       340125.00
  2014        45-49           158567.00       152995.00       311562.00
  2014        50-54           159825.00       155087.00       314912.00
  2014        55-59           142783.00       138663.00       281446.00
  2014        60-64           127727.00       125471.00       253198.00
  2014        65-69           112306.00       113251.00       225557.00
  2014        70-74            81210.00        80058.00       161268.00
  2014        75-79            59017.00        54603.00       113620.00
  2014        80-84            44437.00        35695.00        80132.00
  2014        85-89            31433.77        20096.95        51530.72
  2014        90-94            14577.69         6898.68        21476.37
  2014        95-99             3564.11         1139.95         4704.06
  2014       100-104             425.73           85.38          511.11
  2014       105-109              16.73            0.94           17.67
  2014       110+                  0.00            0.00            0.00
  2015           0             30368.00        31714.00        62082.00
  2015         1-4            124708.00       130978.00       255686.00
  2015         5-9            158139.00       167272.00       325411.00
  2015        10-14           147257.00       155184.00       302441.00
  2015        15-19           150050.00       156045.00       306095.00
  2015        20-24           168572.00       172634.00       341206.00
  2015        25-29           172824.00       172126.00       344950.00
  2015        30-34           169924.00       166886.00       336810.00
  2015        35-39           156821.00       152436.00       309257.00
  2015        40-44           171487.00       166349.00       337836.00
  2015        45-49           161959.00       155160.00       317119.00
  2015        50-54           160407.00       154780.00       315187.00
  2015        55-59           146398.00       141583.00       287981.00
  2015        60-64           130014.00       126515.00       256529.00
  2015        65-69           116597.00       116836.00       233433.00
  2015        70-74            85876.00        84437.00       170313.00
  2015        75-79            61612.00        57563.00       119175.00
  2015        80-84            44831.00        36222.00        81053.00
  2015        85-89            32036.16        20999.49        53035.65
  2015        90-94            15309.60         7486.29        22795.89
  2015        95-99             3672.03         1223.47         4895.50
  2015       100-104             461.63           99.41          561.04
  2015       105-109              17.92            1.50           19.42
  2015       110+                  0.00            0.00            0.00
  2016           0             30529.00        31931.00        62460.00
  2016         1-4            124410.00       130620.00       255030.00
  2016         5-9            161081.00       169499.00       330580.00
  2016        10-14           149244.00       157284.00       306528.00
  2016        15-19           150722.00       156694.00       307416.00
  2016        20-24           169209.00       172710.00       341919.00
  2016        25-29           174912.00       173564.00       348476.00
  2016        30-34           173095.00       168741.00       341836.00
  2016        35-39           159018.00       154257.00       313275.00
  2016        40-44           168096.00       163251.00       331347.00
  2016        45-49           167685.00       159630.00       327315.00
  2016        50-54           159825.00       153401.00       313226.00
  2016        55-59           150376.00       145035.00       295411.00
  2016        60-64           132563.00       127842.00       260405.00
  2016        65-69           121174.00       120263.00       241437.00
  2016        70-74            90440.00        89161.00       179601.00
  2016        75-79            64604.00        60445.00       125049.00
  2016        80-84            45234.00        37395.00        82629.00
  2016        85-89            32430.61        21711.04        54141.65
  2016        90-94            15974.53         8058.68        24033.21
  2016        95-99             3984.73         1385.25         5369.98
  2016       100-104             489.60          111.09          600.69
  2016       105-109              17.09            1.50           18.59
  2016       110+                  0.00            0.00            0.00
  2017           0             30374.36        31621.22        61995.58
  2017         1-4            123826.06       129955.35       253781.41
  2017         5-9            160959.74       169072.44       330032.18
  2017        10-14           150525.71       158814.23       309339.94
  2017        15-19           149806.45       156431.13       306237.58
  2017        20-24           167173.92       170715.35       337889.27
  2017        25-29           175174.79       174260.51       349435.30
  2017        30-34           173648.97       169050.70       342699.67
  2017        35-39           159933.22       155419.80       315353.02
  2017        40-44           165833.81       161185.67       327019.48
  2017        45-49           169548.66       161517.96       331066.62
  2017        50-54           159305.13       152653.32       311958.45
  2017        55-59           152292.93       146537.73       298830.66
  2017        60-64           133732.47       128550.06       262282.53
  2017        65-69           121388.87       119981.29       241370.16
  2017        70-74            93959.84        92609.53       186569.37
  2017        75-79            66256.39        62147.90       128404.29
  2017        80-84            46065.15        38219.56        84284.71
  2017        85-89            32450.13        21905.91        54356.04
  2017        90-94            16536.54         8654.15        25190.69
  2017        95-99             4416.66         1584.36         6001.02
  2017       100-104             523.84          120.50          644.34
  2017       105-109              18.59            0.87           19.46
  2017       110+                  0.00            0.00            0.00
