VIC, Deaths (period 1x5), 	Last modified: 23 May 2023;  Methods Protocol: v6 (2017)

  Year          Age             Female            Male           Total
1971-1974        0              1793.00         2282.00         4075.00
1971-1974        1               125.00          164.00          289.00
1971-1974        2                97.00          138.00          235.00
1971-1974        3                68.00           95.00          163.00
1971-1974        4                60.00           80.00          140.00
1971-1974        5                43.00           62.00          105.00
1971-1974        6                63.00           76.00          139.00
1971-1974        7                43.00           74.00          117.00
1971-1974        8                38.00           47.00           85.00
1971-1974        9                22.00           55.00           77.00
1971-1974       10                23.00           52.00           75.00
1971-1974       11                23.00           52.00           75.00
1971-1974       12                35.00           48.00           83.00
1971-1974       13                42.00           65.00          107.00
1971-1974       14                37.00           58.00           95.00
1971-1974       15                48.00           91.00          139.00
1971-1974       16                48.00          120.00          168.00
1971-1974       17                61.00          163.00          224.00
1971-1974       18                72.00          245.00          317.00
1971-1974       19                90.00          258.00          348.00
1971-1974       20                77.00          235.00          312.00
1971-1974       21                60.00          230.00          290.00
1971-1974       22                58.00          196.00          254.00
1971-1974       23                64.00          181.00          245.00
1971-1974       24                76.00          178.00          254.00
1971-1974       25                63.00          151.00          214.00
1971-1974       26                75.00          126.00          201.00
1971-1974       27                53.00          138.00          191.00
1971-1974       28                51.00          129.00          180.00
1971-1974       29                73.00          125.00          198.00
1971-1974       30                60.00          122.00          182.00
1971-1974       31                70.00          131.00          201.00
1971-1974       32                62.00          128.00          190.00
1971-1974       33                72.00          112.00          184.00
1971-1974       34                66.00          135.00          201.00
1971-1974       35                82.00          136.00          218.00
1971-1974       36                75.00          145.00          220.00
1971-1974       37                76.00          163.00          239.00
1971-1974       38                93.00          203.00          296.00
1971-1974       39               111.00          200.00          311.00
1971-1974       40               113.00          194.00          307.00
1971-1974       41               125.00          215.00          340.00
1971-1974       42               180.00          289.00          469.00
1971-1974       43               182.00          330.00          512.00
1971-1974       44               194.00          379.00          573.00
1971-1974       45               225.00          411.00          636.00
1971-1974       46               251.00          487.00          738.00
1971-1974       47               297.00          522.00          819.00
1971-1974       48               315.00          586.00          901.00
1971-1974       49               341.00          661.00         1002.00
1971-1974       50               347.00          630.00          977.00
1971-1974       51               373.00          665.00         1038.00
1971-1974       52               419.00          777.00         1196.00
1971-1974       53               405.00          772.00         1177.00
1971-1974       54               415.00          842.00         1257.00
1971-1974       55               448.00          787.00         1235.00
1971-1974       56               504.00          925.00         1429.00
1971-1974       57               531.00         1003.00         1534.00
1971-1974       58               631.00         1179.00         1810.00
1971-1974       59               598.00         1301.00         1899.00
1971-1974       60               657.00         1285.00         1942.00
1971-1974       61               671.00         1322.00         1993.00
1971-1974       62               757.00         1383.00         2140.00
1971-1974       63               826.00         1499.00         2325.00
1971-1974       64               797.00         1548.00         2345.00
1971-1974       65               954.00         1655.00         2609.00
1971-1974       66               854.00         1564.00         2418.00
1971-1974       67              1015.00         1783.00         2798.00
1971-1974       68              1038.00         1777.00         2815.00
1971-1974       69              1082.00         1912.00         2994.00
1971-1974       70              1169.00         1781.00         2950.00
1971-1974       71              1267.00         1785.00         3052.00
1971-1974       72              1445.00         1944.00         3389.00
1971-1974       73              1507.00         1833.00         3340.00
1971-1974       74              1516.00         1863.00         3379.00
1971-1974       75              1596.00         1825.00         3421.00
1971-1974       76              1693.00         1803.00         3496.00
1971-1974       77              1683.00         1632.00         3315.00
1971-1974       78              1869.00         1733.00         3602.00
1971-1974       79              1903.00         1705.00         3608.00
1971-1974       80              1993.00         1575.00         3568.00
1971-1974       81              1833.00         1408.00         3241.00
1971-1974       82              1992.00         1478.00         3470.00
1971-1974       83              1867.00         1359.00         3226.00
1971-1974       84              1912.00         1207.00         3119.00
1971-1974       85              1712.00          989.00         2701.00
1971-1974       86              1525.00          919.00         2444.00
1971-1974       87              1324.00          794.00         2118.00
1971-1974       88              1195.00          658.00         1853.00
1971-1974       89              1049.00          493.00         1542.00
1971-1974       90               902.00          391.00         1293.00
1971-1974       91               755.00          319.00         1074.00
1971-1974       92               609.00          242.00          851.00
1971-1974       93               527.00          198.00          725.00
1971-1974       94               395.00          119.00          514.00
1971-1974       95               256.00          105.00          361.00
1971-1974       96               209.00           71.00          280.00
1971-1974       97               140.00           58.00          198.00
1971-1974       98                90.00           31.00          121.00
1971-1974       99                76.00           18.00           94.00
1971-1974      100                35.93           14.53           50.46
1971-1974      101                22.26            9.48           31.74
1971-1974      102                13.65            5.79           19.44
1971-1974      103                 7.95            3.40           11.35
1971-1974      104                 4.44            0.76            5.20
1971-1974      105                 1.78            0.00            1.78
1971-1974      106                 0.00            0.00            0.00
1971-1974      107                 0.00            0.00            0.00
1971-1974      108                 0.00            0.00            0.00
1971-1974      109                 0.00            0.00            0.00
1971-1974      110+                0.00            0.00            0.00
1975-1979        0              1444.00         1937.00         3381.00
1975-1979        1                97.00          142.00          239.00
1975-1979        2                70.00          118.00          188.00
1975-1979        3                61.00           80.00          141.00
1975-1979        4                54.00           89.00          143.00
1975-1979        5                53.00           69.00          122.00
1975-1979        6                40.00           70.00          110.00
1975-1979        7                39.00           60.00           99.00
1975-1979        8                30.00           50.00           80.00
1975-1979        9                43.00           51.00           94.00
1975-1979       10                33.00           47.00           80.00
1975-1979       11                29.00           48.00           77.00
1975-1979       12                29.00           53.00           82.00
1975-1979       13                34.00           62.00           96.00
1975-1979       14                34.00           98.00          132.00
1975-1979       15                57.00           99.00          156.00
1975-1979       16                76.00          143.00          219.00
1975-1979       17                83.00          186.00          269.00
1975-1979       18                93.00          343.00          436.00
1975-1979       19               101.00          343.00          444.00
1975-1979       20                72.00          298.00          370.00
1975-1979       21                76.00          269.00          345.00
1975-1979       22                67.00          282.00          349.00
1975-1979       23                75.00          240.00          315.00
1975-1979       24                89.00          232.00          321.00
1975-1979       25                74.00          176.00          250.00
1975-1979       26                86.00          179.00          265.00
1975-1979       27                56.00          200.00          256.00
1975-1979       28                71.00          175.00          246.00
1975-1979       29                82.00          181.00          263.00
1975-1979       30                82.00          156.00          238.00
1975-1979       31                84.00          185.00          269.00
1975-1979       32               104.00          160.00          264.00
1975-1979       33                97.00          166.00          263.00
1975-1979       34                94.00          166.00          260.00
1975-1979       35                81.00          177.00          258.00
1975-1979       36                93.00          176.00          269.00
1975-1979       37               109.00          206.00          315.00
1975-1979       38               116.00          208.00          324.00
1975-1979       39               131.00          235.00          366.00
1975-1979       40               130.00          231.00          361.00
1975-1979       41               149.00          263.00          412.00
1975-1979       42               163.00          296.00          459.00
1975-1979       43               183.00          341.00          524.00
1975-1979       44               187.00          412.00          599.00
1975-1979       45               221.00          422.00          643.00
1975-1979       46               251.00          476.00          727.00
1975-1979       47               303.00          517.00          820.00
1975-1979       48               295.00          609.00          904.00
1975-1979       49               352.00          704.00         1056.00
1975-1979       50               372.00          807.00         1179.00
1975-1979       51               420.00          788.00         1208.00
1975-1979       52               509.00          993.00         1502.00
1975-1979       53               499.00         1002.00         1501.00
1975-1979       54               536.00         1074.00         1610.00
1975-1979       55               591.00         1141.00         1732.00
1975-1979       56               597.00         1187.00         1784.00
1975-1979       57               640.00         1253.00         1893.00
1975-1979       58               646.00         1337.00         1983.00
1975-1979       59               703.00         1372.00         2075.00
1975-1979       60               767.00         1432.00         2199.00
1975-1979       61               792.00         1537.00         2329.00
1975-1979       62               917.00         1742.00         2659.00
1975-1979       63              1011.00         1851.00         2862.00
1975-1979       64              1012.00         1910.00         2922.00
1975-1979       65              1108.00         2073.00         3181.00
1975-1979       66              1150.00         1929.00         3079.00
1975-1979       67              1218.00         2184.00         3402.00
1975-1979       68              1320.00         2264.00         3584.00
1975-1979       69              1331.00         2384.00         3715.00
1975-1979       70              1404.00         2290.00         3694.00
1975-1979       71              1375.00         2212.00         3587.00
1975-1979       72              1573.00         2460.00         4033.00
1975-1979       73              1685.00         2442.00         4127.00
1975-1979       74              1806.00         2491.00         4297.00
1975-1979       75              1916.00         2420.00         4336.00
1975-1979       76              1999.00         2291.00         4290.00
1975-1979       77              2034.00         2153.00         4187.00
1975-1979       78              2147.00         2141.00         4288.00
1975-1979       79              2213.00         1959.00         4172.00
1975-1979       80              2149.00         1797.00         3946.00
1975-1979       81              2176.00         1675.00         3851.00
1975-1979       82              2318.00         1658.00         3976.00
1975-1979       83              2338.00         1653.00         3991.00
1975-1979       84              2354.00         1478.00         3832.00
1975-1979       85              2215.00         1304.00         3519.00
1975-1979       86              2158.00         1198.00         3356.00
1975-1979       87              1867.00         1024.00         2891.00
1975-1979       88              1654.00          847.00         2501.00
1975-1979       89              1510.00          722.00         2232.00
1975-1979       90              1230.00          541.00         1771.00
1975-1979       91               999.00          420.00         1419.00
1975-1979       92               836.00          344.00         1180.00
1975-1979       93               659.00          251.00          910.00
1975-1979       94               576.00          177.00          753.00
1975-1979       95               444.00          133.00          577.00
1975-1979       96               327.00          102.00          429.00
1975-1979       97               215.00           67.00          282.00
1975-1979       98               146.00           42.00          188.00
1975-1979       99               105.00           40.00          145.00
1975-1979      100                63.56           17.57           81.13
1975-1979      101                39.23           10.67           49.90
1975-1979      102                23.40            6.32           29.72
1975-1979      103                13.50            3.53           17.03
1975-1979      104                 7.56            0.95            8.51
1975-1979      105                 4.13            0.00            4.13
1975-1979      106                 0.59            0.00            0.59
1975-1979      107                 0.00            0.00            0.00
1975-1979      108                 0.00            0.00            0.00
1975-1979      109                 0.00            0.00            0.00
1975-1979      110+                0.00            0.00            0.00
1980-1984        0              1265.19         1562.87         2828.06
1980-1984        1                63.01          122.08          185.09
1980-1984        2                59.01           80.04          139.05
1980-1984        3                43.01           87.05          130.06
1980-1984        4                42.01           68.03          110.04
1980-1984        5                32.00           48.03           80.03
1980-1984        6                26.00           56.04           82.04
1980-1984        7                28.00           47.04           75.04
1980-1984        8                26.00           39.01           65.01
1980-1984        9                32.01           51.03           83.04
1980-1984       10                27.00           54.04           81.04
1980-1984       11                25.01           47.05           72.06
1980-1984       12                22.00           53.02           75.02
1980-1984       13                29.00           58.02           87.02
1980-1984       14                34.02           78.05          112.07
1980-1984       15                41.00           79.05          120.05
1980-1984       16                54.01          106.07          160.08
1980-1984       17                60.03          142.08          202.11
1980-1984       18                64.01          267.15          331.16
1980-1984       19                84.02          275.15          359.17
1980-1984       20                87.01          269.15          356.16
1980-1984       21                92.01          283.16          375.17
1980-1984       22                74.00          223.12          297.12
1980-1984       23                69.02          216.09          285.11
1980-1984       24                90.02          242.11          332.13
1980-1984       25                63.01          213.10          276.11
1980-1984       26                85.00          182.09          267.09
1980-1984       27                87.01          187.10          274.11
1980-1984       28                80.01          193.12          273.13
1980-1984       29                86.02          190.09          276.11
1980-1984       30                61.02          173.09          234.11
1980-1984       31                96.02          189.13          285.15
1980-1984       32               105.03          178.08          283.11
1980-1984       33                81.02          193.11          274.13
1980-1984       34                88.01          211.12          299.13
1980-1984       35               110.01          184.09          294.10
1980-1984       36               108.02          179.11          287.13
1980-1984       37               109.01          190.08          299.09
1980-1984       38               117.02          192.09          309.11
1980-1984       39               131.03          216.12          347.15
1980-1984       40               122.02          233.11          355.13
1980-1984       41               127.01          228.12          355.13
1980-1984       42               149.02          258.16          407.18
1980-1984       43               149.02          319.18          468.20
1980-1984       44               149.03          323.20          472.23
1980-1984       45               192.04          356.21          548.25
1980-1984       46               190.03          369.22          559.25
1980-1984       47               235.03          382.20          617.23
1980-1984       48               254.04          466.27          720.31
1980-1984       49               260.06          526.30          786.36
1980-1984       50               318.05          639.38          957.43
1980-1984       51               341.05          622.35          963.40
1980-1984       52               412.06          785.42         1197.48
1980-1984       53               478.08          879.51         1357.59
1980-1984       54               489.08          936.54         1425.62
1980-1984       55               512.09         1074.58         1586.67
1980-1984       56               579.09         1083.59         1662.68
1980-1984       57               579.09         1260.69         1839.78
1980-1984       58               672.11         1353.75         2025.86
1980-1984       59               758.12         1420.78         2178.90
1980-1984       60               748.11         1464.79         2212.90
1980-1984       61               732.11         1408.76         2140.87
1980-1984       62               847.11         1640.84         2487.95
1980-1984       63               925.16         1640.91         2566.07
1980-1984       64               948.16         1650.94         2599.10
1980-1984       65               947.14         1821.05         2768.19
1980-1984       66              1073.19         1887.08         2960.27
1980-1984       67              1212.21         2083.17         3295.38
1980-1984       68              1277.20         2080.14         3357.34
1980-1984       69              1345.23         2396.31         3741.54
1980-1984       70              1529.25         2264.28         3793.53
1980-1984       71              1518.23         2380.31         3898.54
1980-1984       72              1784.28         2527.39         4311.67
1980-1984       73              1711.29         2445.34         4156.63
1980-1984       74              1722.28         2473.38         4195.66
1980-1984       75              1879.33         2526.38         4405.71
1980-1984       76              1956.31         2491.36         4447.67
1980-1984       77              1917.31         2334.27         4251.58
1980-1984       78              2028.32         2374.28         4402.60
1980-1984       79              2207.36         2283.26         4490.62
1980-1984       80              2217.37         2145.24         4362.61
1980-1984       81              2230.36         1925.05         4155.41
1980-1984       82              2383.38         1811.93         4195.31
1980-1984       83              2365.38         1702.90         4068.28
1980-1984       84              2198.38         1559.84         3758.22
1980-1984       85              2240.37         1246.68         3487.05
1980-1984       86              2153.34         1164.64         3317.98
1980-1984       87              1978.33         1023.57         3001.90
1980-1984       88              1786.28          862.47         2648.75
1980-1984       89              1762.27          784.41         2546.68
1980-1984       90              1538.25          629.33         2167.58
1980-1984       91              1359.20          486.28         1845.48
1980-1984       92              1130.18          509.29         1639.47
1980-1984       93              1012.16          329.20         1341.36
1980-1984       94               728.12          263.13          991.25
1980-1984       95               522.09          146.06          668.15
1980-1984       96               388.06          135.08          523.14
1980-1984       97               316.05           79.04          395.09
1980-1984       98               211.03           52.03          263.06
1980-1984       99               163.02           34.01          197.03
1980-1984      100                93.61           21.91          115.52
1980-1984      101                58.55           12.95           71.50
1980-1984      102                35.26            7.56           42.82
1980-1984      103                20.71            4.21           24.92
1980-1984      104                11.84            1.39           13.23
1980-1984      105                 6.51            0.00            6.51
1980-1984      106                 3.05            0.00            3.05
1980-1984      107                 0.53            0.00            0.53
1980-1984      108                 0.00            0.00            0.00
1980-1984      109                 0.00            0.00            0.00
1980-1984      110+                0.00            0.00            0.00
1985-1989        0              1037.04         1479.43         2516.47
1985-1989        1                75.01           91.02          166.03
1985-1989        2                54.00           74.01          128.01
1985-1989        3                42.00           51.02           93.02
1985-1989        4                46.00           49.00           95.00
1985-1989        5                21.00           36.00           57.00
1985-1989        6                32.00           46.02           78.02
1985-1989        7                22.00           34.01           56.01
1985-1989        8                26.00           43.01           69.01
1985-1989        9                17.00           26.00           43.00
1985-1989       10                21.01           27.01           48.02
1985-1989       11                20.00           43.02           63.02
1985-1989       12                18.00           51.02           69.02
1985-1989       13                23.00           50.02           73.02
1985-1989       14                32.02           54.03           86.05
1985-1989       15                49.00           76.00          125.00
1985-1989       16                59.00          120.03          179.03
1985-1989       17                78.01          178.05          256.06
1985-1989       18                75.00          254.07          329.07
1985-1989       19                91.00          277.08          368.08
1985-1989       20                89.00          278.07          367.07
1985-1989       21                73.00          257.07          330.07
1985-1989       22               101.02          258.07          359.09
1985-1989       23                75.01          258.06          333.07
1985-1989       24               104.00          263.07          367.07
1985-1989       25                81.01          256.07          337.08
1985-1989       26                76.00          223.06          299.06
1985-1989       27                78.01          239.08          317.09
1985-1989       28                84.01          230.07          314.08
1985-1989       29                89.01          241.08          330.09
1985-1989       30               102.01          206.05          308.06
1985-1989       31                95.00          237.05          332.05
1985-1989       32                77.00          224.05          301.05
1985-1989       33                93.00          228.06          321.06
1985-1989       34               116.01          208.05          324.06
1985-1989       35               111.00          206.07          317.07
1985-1989       36               107.00          193.05          300.05
1985-1989       37               120.01          194.06          314.07
1985-1989       38               118.00          228.07          346.07
1985-1989       39               158.01          255.09          413.10
1985-1989       40               156.01          240.07          396.08
1985-1989       41               163.00          268.06          431.06
1985-1989       42               168.01          291.07          459.08
1985-1989       43               167.01          290.08          457.09
1985-1989       44               175.01          309.09          484.10
1985-1989       45               188.00          339.11          527.11
1985-1989       46               200.01          364.11          564.12
1985-1989       47               226.01          363.10          589.11
1985-1989       48               231.01          410.14          641.15
1985-1989       49               254.00          461.14          715.14
1985-1989       50               277.01          483.13          760.14
1985-1989       51               261.01          468.12          729.13
1985-1989       52               334.01          614.17          948.18
1985-1989       53               359.02          616.16          975.18
1985-1989       54               360.01          728.20         1088.21
1985-1989       55               414.02          755.20         1169.22
1985-1989       56               481.02          855.22         1336.24
1985-1989       57               518.03         1024.28         1542.31
1985-1989       58               593.03         1163.33         1756.36
1985-1989       59               646.03         1270.35         1916.38
1985-1989       60               674.04         1424.41         2098.45
1985-1989       61               785.03         1503.41         2288.44
1985-1989       62               908.04         1647.45         2555.49
1985-1989       63               883.03         1681.46         2564.49
1985-1989       64              1003.04         1807.51         2810.55
1985-1989       65              1049.04         1966.55         3015.59
1985-1989       66              1078.04         1884.53         2962.57
1985-1989       67              1201.04         1942.55         3143.59
1985-1989       68              1169.05         2061.55         3230.60
1985-1989       69              1405.06         2060.58         3465.64
1985-1989       70              1395.06         2201.62         3596.68
1985-1989       71              1548.06         2276.64         3824.70
1985-1989       72              1694.07         2505.70         4199.77
1985-1989       73              1776.07         2610.72         4386.79
1985-1989       74              1971.08         2665.74         4636.82
1985-1989       75              2098.07         2652.72         4750.79
1985-1989       76              2057.08         2696.75         4753.83
1985-1989       77              2254.09         2638.75         4892.84
1985-1989       78              2352.09         2595.72         4947.81
1985-1989       79              2486.11         2598.72         5084.83
1985-1989       80              2454.10         2417.68         4871.78
1985-1989       81              2406.10         2268.63         4674.73
1985-1989       82              2544.12         2186.62         4730.74
1985-1989       83              2569.11         2049.57         4618.68
1985-1989       84              2591.11         1902.54         4493.65
1985-1989       85              2568.10         1669.45         4237.55
1985-1989       86              2500.10         1433.39         3933.49
1985-1989       87              2307.10         1278.36         3585.46
1985-1989       88              2136.09         1030.27         3166.36
1985-1989       89              1940.08          905.26         2845.34
1985-1989       90              1796.08          759.21         2555.29
1985-1989       91              1613.06          573.18         2186.24
1985-1989       92              1401.06          442.14         1843.20
1985-1989       93              1176.05          385.09         1561.14
1985-1989       94              1024.04          298.09         1322.13
1985-1989       95               752.03          230.05          982.08
1985-1989       96               595.02          149.03          744.05
1985-1989       97               455.02          110.03          565.05
1985-1989       98               307.02           61.03          368.05
1985-1989       99               180.00           47.01          227.01
1985-1989      100               142.59           30.46          173.05
1985-1989      101                91.08           19.40          110.48
1985-1989      102                55.77           12.03           67.80
1985-1989      103                32.76            7.18           39.94
1985-1989      104                18.82            3.52           22.34
1985-1989      105                10.49            1.43           11.92
1985-1989      106                 5.55            0.00            5.55
1985-1989      107                 1.92            0.00            1.92
1985-1989      108                 0.00            0.00            0.00
1985-1989      109                 0.00            0.00            0.00
1985-1989      110+                0.00            0.00            0.00
1990-1994        0               828.00         1163.17         1991.17
1990-1994        1                86.00           94.02          180.02
1990-1994        2                46.00           78.02          124.02
1990-1994        3                25.00           54.01           79.01
1990-1994        4                29.00           37.00           66.00
1990-1994        5                33.00           29.00           62.00
1990-1994        6                14.00           24.00           38.00
1990-1994        7                13.00           22.00           35.00
1990-1994        8                19.00           32.00           51.00
1990-1994        9                11.00           23.00           34.00
1990-1994       10                17.00           31.00           48.00
1990-1994       11                16.00           21.01           37.01
1990-1994       12                19.00           27.01           46.01
1990-1994       13                24.00           44.02           68.02
1990-1994       14                42.00           51.02           93.02
1990-1994       15                27.00           56.00           83.00
1990-1994       16                36.00           87.01          123.01
1990-1994       17                45.00          109.03          154.03
1990-1994       18                75.00          194.03          269.03
1990-1994       19                54.00          213.03          267.03
1990-1994       20                92.00          193.03          285.03
1990-1994       21                70.00          214.02          284.02
1990-1994       22                72.00          230.03          302.03
1990-1994       23                77.00          232.03          309.03
1990-1994       24                65.00          196.02          261.02
1990-1994       25                79.00          187.02          266.02
1990-1994       26                72.00          185.02          257.02
1990-1994       27                67.00          208.04          275.04
1990-1994       28                58.00          219.02          277.02
1990-1994       29                87.00          222.03          309.03
1990-1994       30                86.00          218.03          304.03
1990-1994       31                91.00          205.02          296.02
1990-1994       32                89.00          217.03          306.03
1990-1994       33                97.00          201.03          298.03
1990-1994       34                94.00          219.03          313.03
1990-1994       35               104.00          230.03          334.03
1990-1994       36               113.00          255.03          368.03
1990-1994       37               143.00          217.02          360.02
1990-1994       38               126.00          241.04          367.04
1990-1994       39               143.00          215.02          358.02
1990-1994       40               173.00          252.04          425.04
1990-1994       41               171.00          273.04          444.04
1990-1994       42               151.00          309.04          460.04
1990-1994       43               192.00          326.05          518.05
1990-1994       44               196.00          368.05          564.05
1990-1994       45               194.00          379.05          573.05
1990-1994       46               225.00          405.05          630.05
1990-1994       47               232.00          386.03          618.03
1990-1994       48               250.00          404.03          654.03
1990-1994       49               246.00          451.04          697.04
1990-1994       50               290.00          453.04          743.04
1990-1994       51               276.00          496.06          772.06
1990-1994       52               307.00          509.07          816.07
1990-1994       53               316.00          549.06          865.06
1990-1994       54               334.00          634.07          968.07
1990-1994       55               360.00          633.09          993.09
1990-1994       56               412.00          707.09         1119.09
1990-1994       57               461.00          777.10         1238.10
1990-1994       58               444.00          905.11         1349.11
1990-1994       59               549.00         1024.14         1573.14
1990-1994       60               543.00         1099.13         1642.13
1990-1994       61               591.00         1230.13         1821.13
1990-1994       62               719.00         1358.18         2077.18
1990-1994       63               794.00         1540.20         2334.20
1990-1994       64               905.00         1643.23         2548.23
1990-1994       65               975.00         1776.22         2751.22
1990-1994       66              1108.00         1929.24         3037.24
1990-1994       67              1124.00         2017.24         3141.24
1990-1994       68              1285.00         2118.26         3403.26
1990-1994       69              1361.00         2203.27         3564.27
1990-1994       70              1489.00         2378.29         3867.29
1990-1994       71              1524.00         2365.27         3889.27
1990-1994       72              1589.00         2375.28         3964.28
1990-1994       73              1673.00         2415.28         4088.28
1990-1994       74              1800.00         2428.29         4228.29
1990-1994       75              1856.00         2405.31         4261.31
1990-1994       76              2153.00         2585.32         4738.32
1990-1994       77              2277.00         2759.33         5036.33
1990-1994       78              2434.00         2726.34         5160.34
1990-1994       79              2522.00         2818.33         5340.33
1990-1994       80              2689.00         2646.30         5335.30
1990-1994       81              2646.00         2565.30         5211.30
1990-1994       82              2703.00         2459.28         5162.28
1990-1994       83              2673.00         2221.26         4894.26
1990-1994       84              2779.00         2166.26         4945.26
1990-1994       85              2719.00         1943.22         4662.22
1990-1994       86              2662.00         1816.21         4478.21
1990-1994       87              2485.00         1545.18         4030.18
1990-1994       88              2286.00         1288.15         3574.15
1990-1994       89              2182.00         1160.13         3342.13
1990-1994       90              2040.00          967.11         3007.11
1990-1994       91              1799.00          746.10         2545.10
1990-1994       92              1614.00          609.07         2223.07
1990-1994       93              1334.00          449.05         1783.05
1990-1994       94              1104.00          284.03         1388.03
1990-1994       95               892.00          263.03         1155.03
1990-1994       96               691.00          178.02          869.02
1990-1994       97               508.00          122.02          630.02
1990-1994       98               414.00           90.01          504.01
1990-1994       99               296.00           71.02          367.02
1990-1994      100               206.60           42.14          248.74
1990-1994      101               140.75           26.76          167.51
1990-1994      102                93.38           16.41          109.79
1990-1994      103                59.64           10.25           69.89
1990-1994      104                36.51            6.11           42.62
1990-1994      105                21.74            3.16           24.90
1990-1994      106                12.75            1.20           13.95
1990-1994      107                 7.18            0.00            7.18
1990-1994      108                 3.91            0.00            3.91
1990-1994      109                 0.52            0.00            0.52
1990-1994      110+                0.00            0.00            0.00
1995-1999        0               692.00          838.10         1530.10
1995-1999        1                56.00           70.02          126.02
1995-1999        2                34.00           48.01           82.01
1995-1999        3                21.00           43.03           64.03
1995-1999        4                38.00           39.00           77.00
1995-1999        5                17.00           24.00           41.00
1995-1999        6                17.00           22.00           39.00
1995-1999        7                22.00           25.00           47.00
1995-1999        8                21.00           41.00           62.00
1995-1999        9                16.00           22.00           38.00
1995-1999       10                12.00           16.00           28.00
1995-1999       11                14.00           21.00           35.00
1995-1999       12                20.00           25.00           45.00
1995-1999       13                37.00           37.00           74.00
1995-1999       14                27.00           41.01           68.01
1995-1999       15                34.00           50.00           84.00
1995-1999       16                30.00           71.01          101.01
1995-1999       17                45.00          114.03          159.03
1995-1999       18                56.00          155.03          211.03
1995-1999       19                60.00          183.01          243.01
1995-1999       20                68.00          183.01          251.01
1995-1999       21                50.00          175.03          225.03
1995-1999       22                60.00          174.03          234.03
1995-1999       23                68.00          239.03          307.03
1995-1999       24                68.00          223.04          291.04
1995-1999       25                65.00          213.02          278.02
1995-1999       26                78.00          237.04          315.04
1995-1999       27                64.00          232.02          296.02
1995-1999       28                76.00          205.01          281.01
1995-1999       29                81.00          206.03          287.03
1995-1999       30                91.00          238.03          329.03
1995-1999       31                91.00          225.03          316.03
1995-1999       32                97.00          218.02          315.02
1995-1999       33                93.00          219.03          312.03
1995-1999       34               126.00          234.03          360.03
1995-1999       35                98.00          242.04          340.04
1995-1999       36               105.00          241.04          346.04
1995-1999       37               127.00          233.02          360.02
1995-1999       38               153.00          238.02          391.02
1995-1999       39               136.00          212.03          348.03
1995-1999       40               158.00          271.04          429.04
1995-1999       41               166.00          285.05          451.05
1995-1999       42               198.00          299.05          497.05
1995-1999       43               201.00          296.03          497.03
1995-1999       44               187.00          334.05          521.05
1995-1999       45               193.00          310.04          503.04
1995-1999       46               227.00          362.05          589.05
1995-1999       47               251.00          373.06          624.06
1995-1999       48               281.00          423.06          704.06
1995-1999       49               265.00          438.06          703.06
1995-1999       50               309.00          526.06          835.06
1995-1999       51               319.00          489.08          808.08
1995-1999       52               367.00          537.09          904.09
1995-1999       53               333.00          559.09          892.09
1995-1999       54               372.00          604.09          976.09
1995-1999       55               356.00          665.10         1021.10
1995-1999       56               399.00          652.10         1051.10
1995-1999       57               415.00          801.11         1216.11
1995-1999       58               464.00          764.12         1228.12
1995-1999       59               478.00          825.11         1303.11
1995-1999       60               537.00          956.14         1493.14
1995-1999       61               567.00         1022.14         1589.14
1995-1999       62               584.00         1118.18         1702.18
1995-1999       63               690.00         1190.17         1880.17
1995-1999       64               652.00         1249.19         1901.19
1995-1999       65               772.00         1459.21         2231.21
1995-1999       66               884.00         1554.22         2438.22
1995-1999       67               989.00         1818.26         2807.26
1995-1999       68              1041.00         1913.26         2954.26
1995-1999       69              1165.00         2034.29         3199.29
1995-1999       70              1344.00         2234.33         3578.33
1995-1999       71              1439.00         2348.32         3787.32
1995-1999       72              1552.00         2487.35         4039.35
1995-1999       73              1724.00         2573.37         4297.37
1995-1999       74              1809.00         2697.39         4506.39
1995-1999       75              1964.00         2629.38         4593.38
1995-1999       76              2090.00         2751.39         4841.39
1995-1999       77              2183.00         2719.39         4902.39
1995-1999       78              2229.00         2683.40         4912.40
1995-1999       79              2354.00         2593.35         4947.35
1995-1999       80              2535.00         2623.37         5158.37
1995-1999       81              2687.00         2726.38         5413.38
1995-1999       82              2940.00         2685.38         5625.38
1995-1999       83              3038.00         2553.37         5591.37
1995-1999       84              3159.00         2544.36         5703.36
1995-1999       85              3080.00         2297.32         5377.32
1995-1999       86              3052.00         2205.32         5257.32
1995-1999       87              2972.00         1850.27         4822.27
1995-1999       88              2784.00         1679.25         4463.25
1995-1999       89              2596.00         1423.20         4019.20
1995-1999       90              2427.00         1241.17         3668.17
1995-1999       91              2253.00          975.12         3228.12
1995-1999       92              1899.00          797.12         2696.12
1995-1999       93              1667.00          650.09         2317.09
1995-1999       94              1401.00          471.06         1872.06
1995-1999       95              1173.00          346.05         1519.05
1995-1999       96               898.00          252.04         1150.04
1995-1999       97               684.00          180.03          864.03
1995-1999       98               488.00          110.01          598.01
1995-1999       99               365.00           74.01          439.01
1995-1999      100               263.16           49.81          312.97
1995-1999      101               177.68           30.83          208.51
1995-1999      102               114.99           18.61          133.60
1995-1999      103                72.31           10.73           83.04
1995-1999      104                44.31            6.11           50.42
1995-1999      105                26.16            2.91           29.07
1995-1999      106                14.88            0.00           14.88
1995-1999      107                 8.26            0.00            8.26
1995-1999      108                 4.40            0.00            4.40
1995-1999      109                 0.89            0.00            0.89
1995-1999      110+                0.00            0.00            0.00
2000-2004        0               609.07          839.11         1448.18
2000-2004        1                49.00           48.00           97.00
2000-2004        2                22.00           35.00           57.00
2000-2004        3                20.01           39.00           59.01
2000-2004        4                14.01           23.00           37.01
2000-2004        5                17.01           32.00           49.01
2000-2004        6                17.00           18.01           35.01
2000-2004        7                14.00           21.00           35.00
2000-2004        8                 9.00           20.00           29.00
2000-2004        9                15.00           21.02           36.02
2000-2004       10                16.01           26.00           42.01
2000-2004       11                18.00           20.01           38.01
2000-2004       12                11.00           22.00           33.00
2000-2004       13                19.01           19.00           38.01
2000-2004       14                22.00           22.00           44.00
2000-2004       15                27.00           37.00           64.00
2000-2004       16                42.00           59.01          101.01
2000-2004       17                43.00           95.00          138.00
2000-2004       18                53.00          130.01          183.01
2000-2004       19                49.01          148.01          197.02
2000-2004       20                55.02          128.01          183.03
2000-2004       21                53.00          154.01          207.01
2000-2004       22                51.02          120.03          171.05
2000-2004       23                39.00          154.03          193.03
2000-2004       24                42.00          137.01          179.01
2000-2004       25                65.00          172.01          237.01
2000-2004       26                46.01          158.01          204.02
2000-2004       27                78.01          155.01          233.02
2000-2004       28                61.00          173.02          234.02
2000-2004       29                67.00          200.03          267.03
2000-2004       30                83.01          211.02          294.03
2000-2004       31                89.01          186.02          275.03
2000-2004       32                89.02          210.04          299.06
2000-2004       33                94.02          174.01          268.03
2000-2004       34               100.00          190.01          290.01
2000-2004       35                87.01          208.02          295.03
2000-2004       36                94.01          200.02          294.03
2000-2004       37               126.01          229.03          355.04
2000-2004       38               142.01          231.03          373.04
2000-2004       39               160.01          245.04          405.05
2000-2004       40               161.02          251.04          412.06
2000-2004       41               138.01          249.02          387.03
2000-2004       42               191.02          277.03          468.05
2000-2004       43               186.03          297.05          483.08
2000-2004       44               188.01          342.03          530.04
2000-2004       45               217.02          366.05          583.07
2000-2004       46               253.03          380.04          633.07
2000-2004       47               252.02          369.04          621.06
2000-2004       48               272.03          379.05          651.08
2000-2004       49               298.04          433.04          731.08
2000-2004       50               298.04          461.06          759.10
2000-2004       51               320.04          489.07          809.11
2000-2004       52               365.03          525.07          890.10
2000-2004       53               384.03          594.08          978.11
2000-2004       54               415.05          596.08         1011.13
2000-2004       55               407.04          706.08         1113.12
2000-2004       56               431.04          704.09         1135.13
2000-2004       57               466.06          712.08         1178.14
2000-2004       58               491.04          769.10         1260.14
2000-2004       59               490.05          801.10         1291.15
2000-2004       60               477.04          846.10         1323.14
2000-2004       61               521.06          928.11         1449.17
2000-2004       62               559.06          996.12         1555.18
2000-2004       63               599.06         1026.13         1625.19
2000-2004       64               677.07         1080.12         1757.19
2000-2004       65               702.08         1235.16         1937.24
2000-2004       66               723.08         1276.17         1999.25
2000-2004       67               797.08         1335.16         2132.24
2000-2004       68               869.08         1412.15         2281.23
2000-2004       69              1007.09         1624.19         2631.28
2000-2004       70              1031.11         1753.20         2784.31
2000-2004       71              1179.13         2014.25         3193.38
2000-2004       72              1307.14         2063.26         3370.40
2000-2004       73              1455.16         2341.28         3796.44
2000-2004       74              1675.17         2506.32         4181.49
2000-2004       75              1799.18         2598.33         4397.51
2000-2004       76              1943.18         2675.32         4618.50
2000-2004       77              2165.22         2907.35         5072.57
2000-2004       78              2435.24         2826.32         5261.56
2000-2004       79              2477.25         3050.37         5527.62
2000-2004       80              2636.27         2833.34         5469.61
2000-2004       81              2813.27         2798.33         5611.60
2000-2004       82              2846.27         2754.31         5600.58
2000-2004       83              2881.26         2714.32         5595.58
2000-2004       84              2906.29         2452.27         5358.56
2000-2004       85              3043.30         2444.28         5487.58
2000-2004       86              3221.33         2431.30         5652.63
2000-2004       87              3211.32         2212.26         5423.58
2000-2004       88              3253.33         2052.26         5305.59
2000-2004       89              3168.32         1793.22         4961.54
2000-2004       90              2904.29         1626.18         4530.47
2000-2004       91              2644.26         1388.17         4032.43
2000-2004       92              2400.24         1095.14         3495.38
2000-2004       93              2026.19          881.09         2907.28
2000-2004       94              1677.17          671.08         2348.25
2000-2004       95              1424.14          467.07         1891.21
2000-2004       96              1136.11          350.03         1486.14
2000-2004       97               853.09          225.03         1078.12
2000-2004       98               656.06          190.01          846.07
2000-2004       99               446.04          102.02          548.06
2000-2004      100               331.83           72.53          404.36
2000-2004      101               220.33           43.85          264.18
2000-2004      102               141.64           25.69          167.33
2000-2004      103                87.98           14.78          102.76
2000-2004      104                52.11            8.02           60.13
2000-2004      105                29.84            4.22           34.06
2000-2004      106                16.64            0.93           17.57
2000-2004      107                 8.89            0.00            8.89
2000-2004      108                 4.62            0.00            4.62
2000-2004      109                 1.18            0.00            1.18
2000-2004      110+                0.00            0.00            0.00
2005-2009        0               635.00          781.03         1416.03
2005-2009        1                38.00           54.00           92.00
2005-2009        2                22.00           18.00           40.00
2005-2009        3                19.00           27.01           46.01
2005-2009        4                21.00           15.00           36.00
2005-2009        5                10.00           23.00           33.00
2005-2009        6                13.00            8.00           21.00
2005-2009        7                14.00           11.00           25.00
2005-2009        8                 8.00           21.00           29.00
2005-2009        9                11.00           16.00           27.00
2005-2009       10                 9.00           13.00           22.00
2005-2009       11                12.00           21.00           33.00
2005-2009       12                13.00           20.00           33.00
2005-2009       13                21.00           14.00           35.00
2005-2009       14                17.00           29.01           46.01
2005-2009       15                27.00           45.01           72.01
2005-2009       16                35.00           48.00           83.00
2005-2009       17                36.00           72.00          108.00
2005-2009       18                54.00          104.01          158.01
2005-2009       19                35.00          101.01          136.01
2005-2009       20                52.00          134.00          186.00
2005-2009       21                38.00          127.01          165.01
2005-2009       22                47.00          108.01          155.01
2005-2009       23                45.00          138.00          183.00
2005-2009       24                62.00          142.01          204.01
2005-2009       25                50.00          127.01          177.01
2005-2009       26                48.00          145.00          193.00
2005-2009       27                60.00          162.01          222.01
2005-2009       28                47.00          144.01          191.01
2005-2009       29                65.00          160.00          225.00
2005-2009       30                63.00          146.01          209.01
2005-2009       31                68.00          156.01          224.01
2005-2009       32                84.00          179.01          263.01
2005-2009       33                66.00          172.01          238.01
2005-2009       34                91.00          161.01          252.01
2005-2009       35                98.00          210.01          308.01
2005-2009       36               111.00          208.01          319.01
2005-2009       37               117.00          205.01          322.01
2005-2009       38               137.00          216.01          353.01
2005-2009       39               146.00          224.01          370.01
2005-2009       40               131.00          253.01          384.01
2005-2009       41               153.00          260.01          413.01
2005-2009       42               162.00          256.02          418.02
2005-2009       43               187.00          283.01          470.01
2005-2009       44               206.00          311.01          517.01
2005-2009       45               220.00          348.01          568.01
2005-2009       46               261.00          372.02          633.02
2005-2009       47               243.00          402.02          645.02
2005-2009       48               252.00          442.02          694.02
2005-2009       49               285.00          417.02          702.02
2005-2009       50               319.00          455.03          774.03
2005-2009       51               357.00          545.03          902.03
2005-2009       52               370.00          510.02          880.02
2005-2009       53               371.00          579.02          950.02
2005-2009       54               415.00          635.03         1050.03
2005-2009       55               431.00          677.03         1108.03
2005-2009       56               429.00          703.03         1132.03
2005-2009       57               465.00          785.03         1250.03
2005-2009       58               532.00          770.04         1302.04
2005-2009       59               526.00          851.04         1377.04
2005-2009       60               604.00          967.05         1571.05
2005-2009       61               605.00         1030.04         1635.04
2005-2009       62               664.00          967.04         1631.04
2005-2009       63               656.00         1084.06         1740.06
2005-2009       64               646.00         1115.05         1761.05
2005-2009       65               651.00         1205.06         1856.06
2005-2009       66               783.00         1268.05         2051.05
2005-2009       67               757.00         1316.06         2073.06
2005-2009       68               833.00         1393.06         2226.06
2005-2009       69               872.00         1471.07         2343.07
2005-2009       70               914.00         1517.06         2431.06
2005-2009       71              1065.00         1642.07         2707.07
2005-2009       72              1195.00         1811.08         3006.08
2005-2009       73              1216.00         1862.08         3078.08
2005-2009       74              1424.00         1962.08         3386.08
2005-2009       75              1514.00         2209.10         3723.10
2005-2009       76              1675.00         2453.12         4128.12
2005-2009       77              1864.00         2617.12         4481.12
2005-2009       78              2092.00         2877.14         4969.14
2005-2009       79              2353.00         2939.14         5292.14
2005-2009       80              2615.00         3071.14         5686.14
2005-2009       81              2806.00         3159.15         5965.15
2005-2009       82              3095.00         3195.15         6290.15
2005-2009       83              3234.00         3217.15         6451.15
2005-2009       84              3520.00         3114.15         6634.15
2005-2009       85              3501.00         3091.15         6592.15
2005-2009       86              3556.00         2730.13         6286.13
2005-2009       87              3558.00         2582.12         6140.12
2005-2009       88              3450.00         2291.10         5741.10
2005-2009       89              3239.00         2042.09         5281.09
2005-2009       90              3195.00         1798.08         4993.08
2005-2009       91              3116.00         1657.08         4773.08
2005-2009       92              2987.00         1398.07         4385.07
2005-2009       93              2650.00         1133.05         3783.05
2005-2009       94              2236.00          892.05         3128.05
2005-2009       95              1888.00          684.03         2572.03
2005-2009       96              1482.00          516.02         1998.02
2005-2009       97              1117.00          350.01         1467.01
2005-2009       98               859.00          235.01         1094.01
2005-2009       99               611.00          149.01          760.01
2005-2009      100               434.54          100.21          534.75
2005-2009      101               291.27           61.35          352.62
2005-2009      102               186.46           36.54          223.00
2005-2009      103               114.33           21.32          135.65
2005-2009      104                68.23           12.00           80.23
2005-2009      105                39.23            6.49           45.72
2005-2009      106                21.45            2.79           24.24
2005-2009      107                11.38            0.30           11.68
2005-2009      108                 5.87            0.00            5.87
2005-2009      109                 2.24            0.00            2.24
2005-2009      110+                0.00            0.00            0.00
2010-2014        0               506.00          619.00         1125.00
2010-2014        1                39.00           53.00           92.00
2010-2014        2                12.00           24.00           36.00
2010-2014        3                15.00           16.00           31.00
2010-2014        4                18.00           21.00           39.00
2010-2014        5                11.00           41.00           52.00
2010-2014        6                10.00           20.00           30.00
2010-2014        7                13.00           12.00           25.00
2010-2014        8                 7.00           16.00           23.00
2010-2014        9                16.00           16.00           32.00
2010-2014       10                10.00           18.00           28.00
2010-2014       11                 9.00           16.00           25.00
2010-2014       12                10.00           14.00           24.00
2010-2014       13                15.00           11.00           26.00
2010-2014       14                19.00           17.00           36.00
2010-2014       15                21.00           29.00           50.00
2010-2014       16                35.00           50.00           85.00
2010-2014       17                28.00           62.00           90.00
2010-2014       18                38.00           74.00          112.00
2010-2014       19                47.00          106.00          153.00
2010-2014       20                44.00          105.00          149.00
2010-2014       21                33.00          110.00          143.00
2010-2014       22                47.00           94.00          141.00
2010-2014       23                37.00          114.00          151.00
2010-2014       24                48.00          140.00          188.00
2010-2014       25                51.00          142.00          193.00
2010-2014       26                59.00          143.00          202.00
2010-2014       27                48.00          142.00          190.00
2010-2014       28                43.00          134.00          177.00
2010-2014       29                68.00          148.00          216.00
2010-2014       30                62.00          146.00          208.00
2010-2014       31                74.00          134.00          208.00
2010-2014       32                76.00          155.00          231.00
2010-2014       33                82.00          168.00          250.00
2010-2014       34                91.00          172.00          263.00
2010-2014       35                90.00          162.00          252.00
2010-2014       36                91.00          183.00          274.00
2010-2014       37               101.00          189.00          290.00
2010-2014       38               123.00          190.00          313.00
2010-2014       39               147.00          222.00          369.00
2010-2014       40               147.00          254.00          401.00
2010-2014       41               145.00          253.00          398.00
2010-2014       42               181.00          276.00          457.00
2010-2014       43               170.00          270.00          440.00
2010-2014       44               174.00          295.00          469.00
2010-2014       45               175.00          318.00          493.00
2010-2014       46               216.00          316.00          532.00
2010-2014       47               238.00          391.00          629.00
2010-2014       48               278.00          418.00          696.00
2010-2014       49               330.00          426.00          756.00
2010-2014       50               271.00          477.00          748.00
2010-2014       51               331.00          503.00          834.00
2010-2014       52               378.00          506.00          884.00
2010-2014       53               406.00          581.00          987.00
2010-2014       54               452.00          662.00         1114.00
2010-2014       55               449.00          674.00         1123.00
2010-2014       56               458.00          732.00         1190.00
2010-2014       57               498.00          783.00         1281.00
2010-2014       58               487.00          851.00         1338.00
2010-2014       59               533.00          796.00         1329.00
2010-2014       60               596.00          935.00         1531.00
2010-2014       61               610.00         1015.00         1625.00
2010-2014       62               678.00         1051.00         1729.00
2010-2014       63               707.00         1173.00         1880.00
2010-2014       64               830.00         1181.00         2011.00
2010-2014       65               803.00         1310.00         2113.00
2010-2014       66               820.00         1380.00         2200.00
2010-2014       67               860.00         1391.00         2251.00
2010-2014       68               895.00         1453.00         2348.00
2010-2014       69               947.00         1573.00         2520.00
2010-2014       70              1015.00         1612.00         2627.00
2010-2014       71              1110.00         1707.00         2817.00
2010-2014       72              1112.00         1803.00         2915.00
2010-2014       73              1255.00         1883.00         3138.00
2010-2014       74              1359.00         1971.00         3330.00
2010-2014       75              1465.00         2023.00         3488.00
2010-2014       76              1591.00         2199.00         3790.00
2010-2014       77              1656.00         2276.00         3932.00
2010-2014       78              1873.00         2501.00         4374.00
2010-2014       79              2057.00         2647.00         4704.00
2010-2014       80              2333.00         2892.00         5225.00
2010-2014       81              2485.00         3063.00         5548.00
2010-2014       82              2777.00         3225.00         6002.00
2010-2014       83              3230.00         3402.00         6632.00
2010-2014       84              3567.00         3427.00         6994.00
2010-2014       85              3693.00         3397.00         7090.00
2010-2014       86              3934.00         3345.00         7279.00
2010-2014       87              4127.00         3196.00         7323.00
2010-2014       88              4211.00         3108.00         7319.00
2010-2014       89              4212.00         2873.00         7085.00
2010-2014       90              4075.00         2506.00         6581.00
2010-2014       91              3769.00         2137.00         5906.00
2010-2014       92              3316.00         1768.00         5084.00
2010-2014       93              2927.00         1459.00         4386.00
2010-2014       94              2528.00         1169.00         3697.00
2010-2014       95              2099.00          936.00         3035.00
2010-2014       96              1829.00          658.00         2487.00
2010-2014       97              1455.00          514.00         1969.00
2010-2014       98              1053.00          363.00         1416.00
2010-2014       99               745.00          227.00          972.00
2010-2014      100               572.54          149.27          721.81
2010-2014      101               381.41           91.81          473.22
2010-2014      102               245.51           54.16          299.67
2010-2014      103               152.22           30.34          182.56
2010-2014      104                89.94           16.68          106.62
2010-2014      105                51.04            9.03           60.07
2010-2014      106                28.15            4.46           32.61
2010-2014      107                14.88            1.26           16.14
2010-2014      108                 7.56            0.00            7.56
2010-2014      109                 3.76            0.00            3.76
2010-2014      110+                0.00            0.00            0.00
2015-2019        0               472.00          616.01         1088.01
2015-2019        1                32.00           43.00           75.00
2015-2019        2                19.00           27.00           46.00
2015-2019        3                14.00           18.00           32.00
2015-2019        4                22.00           17.00           39.00
2015-2019        5                13.00           15.00           28.00
2015-2019        6                 7.00           16.00           23.00
2015-2019        7                13.00           12.00           25.00
2015-2019        8                11.00           17.00           28.00
2015-2019        9                15.00           18.00           33.00
2015-2019       10                16.00           15.00           31.00
2015-2019       11                12.00            8.00           20.00
2015-2019       12                14.00           16.00           30.00
2015-2019       13                17.00           16.00           33.00
2015-2019       14                13.00           26.00           39.00
2015-2019       15                22.00           41.01           63.01
2015-2019       16                31.00           44.00           75.00
2015-2019       17                26.00           63.00           89.00
2015-2019       18                40.00           80.00          120.00
2015-2019       19                43.00           99.00          142.00
2015-2019       20                43.00           94.00          137.00
2015-2019       21                39.00          110.00          149.00
2015-2019       22                52.00           97.01          149.01
2015-2019       23                46.00          120.00          166.00
2015-2019       24                33.00          134.00          167.00
2015-2019       25                46.00          135.00          181.00
2015-2019       26                63.00          149.00          212.00
2015-2019       27                60.00          155.01          215.01
2015-2019       28                55.00          143.01          198.01
2015-2019       29                54.00          156.01          210.01
2015-2019       30                54.00          159.00          213.00
2015-2019       31                83.00          156.00          239.00
2015-2019       32                79.00          183.00          262.00
2015-2019       33                77.00          173.00          250.00
2015-2019       34               101.00          193.01          294.01
2015-2019       35               126.00          204.00          330.00
2015-2019       36                91.00          240.00          331.00
2015-2019       37               113.00          246.00          359.00
2015-2019       38               117.00          218.01          335.01
2015-2019       39               132.00          254.00          386.00
2015-2019       40               136.00          285.01          421.01
2015-2019       41               142.00          257.01          399.01
2015-2019       42               179.00          279.00          458.00
2015-2019       43               190.00          308.01          498.01
2015-2019       44               237.00          356.00          593.00
2015-2019       45               243.00          394.01          637.01
2015-2019       46               257.00          387.00          644.00
2015-2019       47               250.00          421.01          671.01
2015-2019       48               296.00          488.00          784.00
2015-2019       49               300.00          487.01          787.01
2015-2019       50               313.00          484.01          797.01
2015-2019       51               321.00          519.01          840.01
2015-2019       52               392.00          555.01          947.01
2015-2019       53               420.00          603.01         1023.01
2015-2019       54               462.00          653.01         1115.01
2015-2019       55               497.00          662.01         1159.01
2015-2019       56               518.00          768.02         1286.02
2015-2019       57               554.00          805.01         1359.01
2015-2019       58               579.00          911.02         1490.02
2015-2019       59               611.00          927.01         1538.01
2015-2019       60               647.00         1009.02         1656.02
2015-2019       61               669.00         1058.02         1727.02
2015-2019       62               757.00         1160.02         1917.02
2015-2019       63               767.00         1172.03         1939.03
2015-2019       64               767.00         1286.03         2053.03
2015-2019       65               831.00         1347.02         2178.02
2015-2019       66               934.00         1473.03         2407.03
2015-2019       67              1042.00         1591.03         2633.03
2015-2019       68              1180.00         1689.04         2869.04
2015-2019       69              1182.00         1734.04         2916.04
2015-2019       70              1232.00         1787.04         3019.04
2015-2019       71              1298.00         2030.04         3328.04
2015-2019       72              1361.00         2061.04         3422.04
2015-2019       73              1443.00         2122.04         3565.04
2015-2019       74              1515.00         2169.05         3684.05
2015-2019       75              1671.00         2254.05         3925.05
2015-2019       76              1754.00         2381.04         4135.04
2015-2019       77              1804.00         2524.05         4328.05
2015-2019       78              2045.00         2736.06         4781.06
2015-2019       79              2092.00         2783.05         4875.05
2015-2019       80              2369.00         2911.06         5280.06
2015-2019       81              2547.00         3092.06         5639.06
2015-2019       82              2820.00         3175.06         5995.06
2015-2019       83              2922.00         3219.06         6141.06
2015-2019       84              3256.00         3383.06         6639.06
2015-2019       85              3634.00         3602.07         7236.07
2015-2019       86              3835.00         3724.07         7559.07
2015-2019       87              4120.00         3680.07         7800.07
2015-2019       88              4156.00         3553.07         7709.07
2015-2019       89              4274.00         3498.08         7772.08
2015-2019       90              4463.00         3197.06         7660.06
2015-2019       91              4358.00         2916.06         7274.06
2015-2019       92              4146.00         2500.04         6646.04
2015-2019       93              3731.00         2103.04         5834.04
2015-2019       94              3342.00         1663.03         5005.03
2015-2019       95              2817.00         1360.03         4177.03
2015-2019       96              2222.00         1021.03         3243.03
2015-2019       97              1773.00          694.02         2467.02
2015-2019       98              1311.00          503.01         1814.01
2015-2019       99               904.00          305.01         1209.01
2015-2019      100               725.71          197.59          923.30
2015-2019      101               485.37          119.89          605.26
2015-2019      102               306.20           69.40          375.60
2015-2019      103               182.19           38.12          220.31
2015-2019      104               103.79           19.99          123.78
2015-2019      105                56.36           10.08           66.44
2015-2019      106                29.05            4.72           33.77
2015-2019      107                14.50            1.25           15.75
2015-2019      108                 6.99            0.00            6.99
2015-2019      109                 2.80            0.00            2.80
2015-2019      110+                0.00            0.00            0.00
