VIC, Life tables (period 5x10), Total	Last modified: 23 May 2023;  Methods Protocol: v6 (2017)

  Year          Age         mx       qx    ax      lx      dx      Lx       Tx     ex
1971-1979        0      0.01306  0.01291  0.12  100000    1291   98867  7316476  73.16
1971-1979      1-4      0.00064  0.00256  1.70   98709     253  394253  7217610  73.12
1971-1979      5-9      0.00033  0.00163  2.31   98456     161  491847  6823357  69.30
1971-1979     10-14     0.00029  0.00146  2.72   98295     143  491149  6331510  64.41
1971-1979     15-19     0.00091  0.00452  3.02   98152     444  489880  5840361  59.50
1971-1979     20-24     0.00107  0.00532  2.42   97708     519  487202  5350481  54.76
1971-1979     25-29     0.00083  0.00412  2.52   97189     401  484949  4863279  50.04
1971-1979     30-34     0.00095  0.00474  2.60   96788     459  482840  4378330  45.24
1971-1979     35-39     0.00139  0.00692  2.73   96330     666  480134  3895490  40.44
1971-1979     40-44     0.00239  0.01187  2.78   95663    1135  475799  3415356  35.70
1971-1979     45-49     0.00422  0.02091  2.71   94528    1976  468115  2939556  31.10
1971-1979     50-54     0.00683  0.03363  2.69   92552    3112  455559  2471441  26.70
1971-1979     55-59     0.01093  0.05332  2.69   89439    4769  436161  2015882  22.54
1971-1979     60-64     0.01719  0.08260  2.65   84670    6994  406897  1579722  18.66
1971-1979     65-69     0.02700  0.12692  2.64   77676    9859  365105  1172824  15.10
1971-1979     70-74     0.04237  0.19252  2.63   67818   13056  308158   807719  11.91
1971-1979     75-79     0.06780  0.29069  2.55   54761   15919  234790   499561   9.12
1971-1979     80-84     0.10754  0.42390  2.50   38843   16465  153111   264771   6.82
1971-1979     85-89     0.16867  0.58086  2.32   22377   12998   77064   111660   4.99
1971-1979     90-94     0.24487  0.72375  2.18    9379    6788   27721    34597   3.69
1971-1979     95-99     0.36185  0.85407  1.91    2591    2213    6115     6875   2.65
1971-1979    100-104    0.48999  0.92860  1.66     378     351     717      760   2.01
1971-1979    105-109    0.62183  0.96586  1.43      27      26      42       43   1.60
1971-1979    110+       0.72426  1.00000  1.38       1       1       1        1   1.38
1980-1989        0      0.00884  0.00877  0.13  100000     877   99238  7588138  75.88
1980-1989      1-4      0.00044  0.00174  1.77   99123     173  396108  7488900  75.55
1980-1989      5-9      0.00022  0.00111  2.40   98951     110  494467  7092793  71.68
1980-1989     10-14     0.00022  0.00112  2.68   98841     111  493946  6598326  66.76
1980-1989     15-19     0.00068  0.00341  3.02   98730     336  492985  6104379  61.83
1980-1989     20-24     0.00097  0.00485  2.47   98394     478  490759  5611394  57.03
1980-1989     25-29     0.00086  0.00432  2.51   97916     423  488528  5120635  52.30
1980-1989     30-34     0.00090  0.00448  2.56   97493     437  486401  4632107  47.51
1980-1989     35-39     0.00106  0.00529  2.66   97057     514  484082  4145706  42.71
1980-1989     40-44     0.00167  0.00833  2.71   96543     804  480873  3661623  37.93
1980-1989     45-49     0.00291  0.01445  2.71   95739    1383  475532  3180751  33.22
1980-1989     50-54     0.00513  0.02537  2.72   94355    2394  466310  2705218  28.67
1980-1989     55-59     0.00855  0.04191  2.70   91962    3854  450924  2238908  24.35
1980-1989     60-64     0.01349  0.06540  2.66   88108    5762  427077  1787984  20.29
1980-1989     65-69     0.02154  0.10251  2.65   82345    8442  391893  1360907  16.53
1980-1989     70-74     0.03459  0.15980  2.62   73904   11810  341370   969013  13.11
1980-1989     75-79     0.05565  0.24536  2.59   62094   15235  273789   627643  10.11
1980-1989     80-84     0.09090  0.37104  2.52   46859   17386  191262   353854   7.55
1980-1989     85-89     0.14381  0.52229  2.38   29473   15393  107040   162592   5.52
1980-1989     90-94     0.22621  0.69574  2.23   14079    9796   43303    55552   3.95
1980-1989     95-99     0.33185  0.82855  1.98    4284    3549   10695    12249   2.86
1980-1989    100-104    0.46344  0.91779  1.71     734     674    1455     1554   2.12
1980-1989    105-109    0.60277  0.96234  1.46      60      58      96      100   1.65
1980-1989    110+       0.71225  1.00000  1.40       2       2       3        3   1.40
1990-1999        0      0.00563  0.00560  0.14  100000     560   99517  7849882  78.50
1990-1999      1-4      0.00032  0.00126  1.65   99440     125  397465  7750365  77.94
1990-1999      5-9      0.00014  0.00071  2.45   99314      70  496393  7352900  74.04
1990-1999     10-14     0.00017  0.00087  2.94   99244      86  496044  6856507  69.09
1990-1999     15-19     0.00052  0.00261  3.02   99158     259  495278  6360462  64.14
1990-1999     20-24     0.00078  0.00391  2.53   98899     387  493542  5865184  59.30
1990-1999     25-29     0.00079  0.00395  2.52   98512     389  491598  5371642  54.53
1990-1999     30-34     0.00087  0.00433  2.52   98123     425  489565  4880044  49.73
1990-1999     35-39     0.00101  0.00503  2.55   97698     491  487288  4390479  44.94
1990-1999     40-44     0.00144  0.00720  2.64   97207     700  484387  3903191  40.15
1990-1999     45-49     0.00211  0.01051  2.68   96507    1014  480186  3418804  35.43
1990-1999     50-54     0.00347  0.01722  2.69   95493    1644  473667  2938618  30.77
1990-1999     55-59     0.00591  0.02916  2.72   93849    2737  463008  2464951  26.26
1990-1999     60-64     0.01012  0.04946  2.68   91112    4506  445123  2001943  21.97
1990-1999     65-69     0.01683  0.08097  2.65   86606    7013  416578  1556820  17.98
1990-1999     70-74     0.02727  0.12809  2.63   79594   10195  373841  1140242  14.33
1990-1999     75-79     0.04529  0.20450  2.63   69399   14192  313341   766401  11.04
1990-1999     80-84     0.07748  0.32564  2.55   55207   17978  232033   453060   8.21
1990-1999     85-89     0.12814  0.48211  2.43   37229   17949  140066   221027   5.94
1990-1999     90-94     0.20737  0.66067  2.25   19281   12738   61426    80962   4.20
1990-1999     95-99     0.31500  0.81259  2.02    6542    5316   16877    19536   2.99
1990-1999    100-104    0.45103  0.91257  1.74    1226    1119    2481     2659   2.17
1990-1999    105-109    0.59827  0.96179  1.47     107     103     172      178   1.66
1990-1999    110+       0.71475  1.00000  1.40       4       4       6        6   1.40
2000-2009        0      0.00446  0.00445  0.14  100000     445   99618  8126257  81.26
2000-2009      1-4      0.00018  0.00073  1.64   99555      73  398049  8026639  80.62
2000-2009      5-9      0.00010  0.00050  2.37   99482      50  497281  7628590  76.68
2000-2009     10-14     0.00011  0.00055  2.64   99433      55  497034  7131309  71.72
2000-2009     15-19     0.00036  0.00181  2.92   99378     180  496514  6634274  66.76
2000-2009     20-24     0.00051  0.00255  2.51   99198     253  495359  6137760  61.87
2000-2009     25-29     0.00061  0.00303  2.57   98945     300  493998  5642401  57.03
2000-2009     30-34     0.00070  0.00347  2.52   98645     343  492375  5148404  52.19
2000-2009     35-39     0.00089  0.00444  2.63   98302     437  490479  4656029  47.36
2000-2009     40-44     0.00120  0.00600  2.66   97866     587  487952  4165550  42.56
2000-2009     45-49     0.00182  0.00907  2.63   97279     882  484300  3677598  37.80
2000-2009     50-54     0.00276  0.01371  2.67   96397    1322  478903  3193298  33.13
2000-2009     55-59     0.00425  0.02102  2.66   95075    1998  470695  2714395  28.55
2000-2009     60-64     0.00685  0.03370  2.67   93077    3137  458086  2243700  24.11
2000-2009     65-69     0.01138  0.05543  2.68   89940    4985  438147  1785614  19.85
2000-2009     70-74     0.01965  0.09401  2.69   84955    7986  406351  1347467  15.86
2000-2009     75-79     0.03439  0.15917  2.66   76968   12251  356186   941116  12.23
2000-2009     80-84     0.06131  0.26747  2.62   64717   17310  282338   584930   9.04
2000-2009     85-89     0.11098  0.43473  2.51   47407   20609  185698   302592   6.38
2000-2009     90-94     0.19449  0.63867  2.31   26798   17115   88002   116893   4.36
2000-2009     95-99     0.31371  0.81359  2.04    9683    7878   25112    28891   2.98
2000-2009    100-104    0.46780  0.92202  1.71    1805    1664    3558     3779   2.09
2000-2009    105-109    0.63205  0.96908  1.42     141     136     216      222   1.57
2000-2009    110+       0.75711  1.00000  1.32       4       4       6        6   1.32
2010-2019        0      0.00287  0.00287  0.14  100000     287   99754  8323833  83.24
2010-2019      1-4      0.00013  0.00051  1.63   99713      51  398734  8224079  82.48
2010-2019      5-9      0.00008  0.00040  2.42   99663      40  498210  7825345  78.52
2010-2019     10-14     0.00008  0.00042  2.68   99623      42  498017  7327135  73.55
2010-2019     15-19     0.00026  0.00132  2.88   99581     131  497628  6829118  68.58
2010-2019     20-24     0.00035  0.00175  2.54   99450     174  496822  6331490  63.67
2010-2019     25-29     0.00042  0.00212  2.53   99276     210  495860  5834668  58.77
2010-2019     30-34     0.00053  0.00266  2.66   99066     264  494711  5338808  53.89
2010-2019     35-39     0.00077  0.00385  2.64   98802     380  493112  4844097  49.03
2010-2019     40-44     0.00110  0.00547  2.64   98422     539  490836  4350985  44.21
2010-2019     45-49     0.00165  0.00823  2.69   97883     805  487552  3860148  39.44
2010-2019     50-54     0.00244  0.01211  2.70   97078    1176  482684  3372596  34.74
2010-2019     55-59     0.00368  0.01826  2.65   95902    1751  475397  2889912  30.13
2010-2019     60-64     0.00568  0.02805  2.65   94151    2641  464559  2414515  25.65
2010-2019     65-69     0.00887  0.04348  2.68   91510    3979  448306  1949956  21.31
2010-2019     70-74     0.01484  0.07173  2.69   87532    6279  423154  1501650  17.16
2010-2019     75-79     0.02637  0.12429  2.69   81253   10099  382940  1078496  13.27
2010-2019     80-84     0.05020  0.22469  2.67   71154   15988  318460   695556   9.78
2010-2019     85-89     0.09676  0.39143  2.56   55166   21594  223174   377096   6.84
2010-2019     90-94     0.17941  0.60925  2.37   33572   20454  114008   153922   4.58
2010-2019     95-99     0.30554  0.80639  2.07   13118   10579   34623    39914   3.04
2010-2019    100-104    0.47004  0.92403  1.72    2540    2347    4993     5290   2.08
2010-2019    105-109    0.64547  0.97175  1.40     193     187     290      298   1.54
2010-2019    110+       0.77643  1.00000  1.29       5       5       7        7   1.29
