VIC, Life tables (period 1x5), Females	Last modified: 02 Jul 2018;  Methods Protocol: v6 (2017)

  Year          Age         mx       qx    ax      lx      dx      Lx       Tx     ex
1971-1974        0      0.01336  0.01321  0.12  100000    1321   98840  7568452  75.68
1971-1974        1      0.00090  0.00090  0.50   98679      89   98635  7469612  75.70
1971-1974        2      0.00069  0.00069  0.50   98590      68   98556  7370978  74.76
1971-1974        3      0.00048  0.00048  0.50   98522      47   98499  7272421  73.81
1971-1974        4      0.00043  0.00043  0.50   98475      43   98454  7173922  72.85
1971-1974        5      0.00032  0.00032  0.50   98433      31   98417  7075469  71.88
1971-1974        6      0.00047  0.00047  0.50   98402      46   98378  6977052  70.90
1971-1974        7      0.00032  0.00032  0.50   98355      32   98339  6878673  69.94
1971-1974        8      0.00029  0.00029  0.50   98323      28   98309  6780334  68.96
1971-1974        9      0.00016  0.00016  0.50   98295      16   98287  6682025  67.98
1971-1974       10      0.00017  0.00017  0.50   98279      17   98270  6583738  66.99
1971-1974       11      0.00017  0.00017  0.50   98262      17   98254  6485468  66.00
1971-1974       12      0.00026  0.00026  0.50   98246      25   98233  6387214  65.01
1971-1974       13      0.00031  0.00031  0.50   98220      31   98205  6288981  64.03
1971-1974       14      0.00028  0.00028  0.50   98189      27   98176  6190776  63.05
1971-1974       15      0.00037  0.00037  0.50   98162      36   98144  6092601  62.07
1971-1974       16      0.00037  0.00037  0.50   98126      37   98107  5994457  61.09
1971-1974       17      0.00048  0.00048  0.50   98089      47   98065  5896349  60.11
1971-1974       18      0.00058  0.00058  0.50   98042      57   98013  5798284  59.14
1971-1974       19      0.00072  0.00072  0.50   97985      71   97950  5700270  58.17
1971-1974       20      0.00062  0.00062  0.50   97915      61   97884  5602320  57.22
1971-1974       21      0.00049  0.00049  0.50   97854      48   97830  5504436  56.25
1971-1974       22      0.00047  0.00047  0.50   97806      46   97783  5406606  55.28
1971-1974       23      0.00052  0.00052  0.50   97760      51   97735  5308823  54.30
1971-1974       24      0.00061  0.00061  0.50   97710      60   97680  5211088  53.33
1971-1974       25      0.00050  0.00050  0.50   97650      49   97625  5113408  52.36
1971-1974       26      0.00062  0.00062  0.50   97601      60   97571  5015783  51.39
1971-1974       27      0.00046  0.00045  0.50   97541      44   97519  4918212  50.42
1971-1974       28      0.00047  0.00047  0.50   97496      46   97473  4820693  49.44
1971-1974       29      0.00072  0.00072  0.50   97451      70   97416  4723220  48.47
1971-1974       30      0.00061  0.00061  0.50   97381      59   97351  4625804  47.50
1971-1974       31      0.00073  0.00073  0.50   97321      71   97286  4528453  46.53
1971-1974       32      0.00067  0.00067  0.50   97250      65   97217  4431167  45.56
1971-1974       33      0.00080  0.00080  0.50   97185      77   97146  4333950  44.59
1971-1974       34      0.00074  0.00074  0.50   97107      72   97071  4236803  43.63
1971-1974       35      0.00094  0.00094  0.50   97035      91   96990  4139732  42.66
1971-1974       36      0.00087  0.00087  0.50   96944      84   96902  4042742  41.70
1971-1974       37      0.00090  0.00090  0.50   96860      87   96817  3945840  40.74
1971-1974       38      0.00113  0.00113  0.50   96773     109   96719  3849024  39.77
1971-1974       39      0.00137  0.00137  0.50   96664     132   96598  3752305  38.82
1971-1974       40      0.00141  0.00141  0.50   96532     136   96464  3655707  37.87
1971-1974       41      0.00152  0.00151  0.50   96396     146   96323  3559243  36.92
1971-1974       42      0.00216  0.00216  0.50   96250     208   96146  3462919  35.98
1971-1974       43      0.00214  0.00214  0.50   96042     205   95940  3366773  35.06
1971-1974       44      0.00225  0.00224  0.50   95837     215   95729  3270834  34.13
1971-1974       45      0.00260  0.00260  0.50   95622     248   95498  3175104  33.20
1971-1974       46      0.00287  0.00287  0.50   95373     274   95237  3079607  32.29
1971-1974       47      0.00339  0.00338  0.50   95100     321   94939  2984370  31.38
1971-1974       48      0.00361  0.00361  0.50   94778     342   94608  2889431  30.49
1971-1974       49      0.00395  0.00394  0.50   94437     372   94251  2794824  29.59
1971-1974       50      0.00411  0.00410  0.50   94064     386   93872  2700573  28.71
1971-1974       51      0.00446  0.00445  0.50   93679     417   93470  2606701  27.83
1971-1974       52      0.00523  0.00522  0.50   93262     487   93019  2513231  26.95
1971-1974       53      0.00535  0.00533  0.50   92775     495   92528  2420212  26.09
1971-1974       54      0.00579  0.00578  0.50   92281     533   92014  2327685  25.22
1971-1974       55      0.00650  0.00648  0.50   91748     594   91450  2235671  24.37
1971-1974       56      0.00741  0.00738  0.50   91153     673   90817  2144220  23.52
1971-1974       57      0.00773  0.00770  0.50   90481     696   90132  2053403  22.69
1971-1974       58      0.00918  0.00914  0.50   89784     820   89374  1963271  21.87
1971-1974       59      0.00878  0.00874  0.50   88964     778   88575  1873897  21.06
1971-1974       60      0.00991  0.00986  0.50   88186     870   87751  1785322  20.24
1971-1974       61      0.01029  0.01024  0.50   87316     894   86869  1697570  19.44
1971-1974       62      0.01215  0.01207  0.50   86422    1043   85901  1610701  18.64
1971-1974       63      0.01377  0.01368  0.50   85379    1168   84795  1524800  17.86
1971-1974       64      0.01387  0.01378  0.50   84211    1160   83631  1440006  17.10
1971-1974       65      0.01737  0.01722  0.50   83051    1430   82336  1356375  16.33
1971-1974       66      0.01608  0.01595  0.50   81621    1302   80970  1274039  15.61
1971-1974       67      0.01999  0.01979  0.50   80319    1590   79524  1193069  14.85
1971-1974       68      0.02152  0.02129  0.50   78729    1676   77891  1113545  14.14
1971-1974       69      0.02338  0.02311  0.50   77053    1781   76163  1035654  13.44
1971-1974       70      0.02647  0.02613  0.50   75272    1967   74289   959491  12.75
1971-1974       71      0.02938  0.02895  0.50   73305    2123   72244   885203  12.08
1971-1974       72      0.03473  0.03414  0.50   71183    2430   69968   812959  11.42
1971-1974       73      0.03838  0.03766  0.50   68753    2589   67458   742991  10.81
1971-1974       74      0.04130  0.04047  0.50   66164    2678   64825   675533  10.21
1971-1974       75      0.04721  0.04612  0.50   63486    2928   62022   610708   9.62
1971-1974       76      0.05359  0.05219  0.50   60558    3160   58978   548685   9.06
1971-1974       77      0.05604  0.05451  0.50   57398    3129   55833   489707   8.53
1971-1974       78      0.06698  0.06481  0.50   54269    3517   52510   433874   7.99
1971-1974       79      0.07369  0.07107  0.50   50752    3607   48948   381364   7.51
1971-1974       80      0.08289  0.07959  0.50   47145    3752   45269   332416   7.05
1971-1974       81      0.08374  0.08038  0.50   43393    3488   41649   287147   6.62
1971-1974       82      0.10164  0.09673  0.50   39905    3860   37975   245498   6.15
1971-1974       83      0.10907  0.10343  0.50   36045    3728   34181   207523   5.76
1971-1974       84      0.13169  0.12355  0.50   32317    3993   30320   173343   5.36
1971-1974       85      0.14278  0.13327  0.50   28324    3775   26437   143022   5.05
1971-1974       86      0.15451  0.14343  0.50   24549    3521   22789   116585   4.75
1971-1974       87      0.16283  0.15058  0.50   21028    3166   19445    93796   4.46
1971-1974       88      0.18053  0.16558  0.50   17862    2958   16383    74351   4.16
1971-1974       89      0.19787  0.18006  0.50   14904    2684   13562    57968   3.89
1971-1974       90      0.21438  0.19362  0.50   12221    2366   11038    44406   3.63
1971-1974       91      0.23090  0.20700  0.50    9854    2040    8834    33368   3.39
1971-1974       92      0.24911  0.22152  0.50    7815    1731    6949    24534   3.14
1971-1974       93      0.30019  0.26102  0.50    6083    1588    5290    17585   2.89
1971-1974       94      0.32634  0.28056  0.50    4496    1261    3865    12295   2.73
1971-1974       95      0.33445  0.28654  0.50    3234     927    2771     8430   2.61
1971-1974       96      0.36068  0.30557  0.50    2308     705    1955     5660   2.45
1971-1974       97      0.38776  0.32479  0.50    1602     520    1342     3705   2.31
1971-1974       98      0.41555  0.34406  0.50    1082     372     896     2362   2.18
1971-1974       99      0.44389  0.36327  0.50     710     258     581     1466   2.07
1971-1974      100      0.47261  0.38227  0.50     452     173     366      886   1.96
1971-1974      101      0.50150  0.40096  0.50     279     112     223      520   1.86
1971-1974      102      0.53038  0.41921  0.50     167      70     132      297   1.78
1971-1974      103      0.55907  0.43693  0.50      97      42      76      165   1.70
1971-1974      104      0.58736  0.45402  0.50      55      25      42       89   1.63
1971-1974      105      0.61509  0.47041  0.50      30      14      23       47   1.56
1971-1974      106      0.64209  0.48605  0.50      16       8      12       24   1.50
1971-1974      107      0.66821  0.50087  0.50       8       4       6       12   1.45
1971-1974      108      0.69335  0.51486  0.50       4       2       3        6   1.41
1971-1974      109      0.71738  0.52799  0.50       2       1       1        3   1.37
1971-1974      110+     0.74023  1.00000  1.35       1       1       1        1   1.35
1975-1979        0      0.01002  0.00993  0.13  100000     993   99135  7737046  77.37
1975-1979        1      0.00066  0.00066  0.50   99007      65   98974  7637911  77.15
1975-1979        2      0.00046  0.00046  0.50   98942      46   98919  7538937  76.20
1975-1979        3      0.00039  0.00039  0.50   98896      38   98877  7440018  75.23
1975-1979        4      0.00033  0.00033  0.50   98858      32   98842  7341141  74.26
1975-1979        5      0.00031  0.00031  0.50   98826      31   98810  7242299  73.28
1975-1979        6      0.00023  0.00023  0.50   98795      23   98784  7143489  72.31
1975-1979        7      0.00022  0.00022  0.50   98773      22   98762  7044705  71.32
1975-1979        8      0.00017  0.00017  0.50   98751      17   98742  6945943  70.34
1975-1979        9      0.00025  0.00025  0.50   98734      25   98721  6847201  69.35
1975-1979       10      0.00020  0.00020  0.50   98709      19   98699  6748480  68.37
1975-1979       11      0.00017  0.00017  0.50   98690      17   98681  6649780  67.38
1975-1979       12      0.00018  0.00018  0.50   98672      17   98664  6551099  66.39
1975-1979       13      0.00020  0.00020  0.50   98655      20   98645  6452436  65.40
1975-1979       14      0.00020  0.00020  0.50   98635      20   98625  6353791  64.42
1975-1979       15      0.00034  0.00034  0.50   98615      33   98598  6255166  63.43
1975-1979       16      0.00045  0.00045  0.50   98582      44   98560  6156567  62.45
1975-1979       17      0.00049  0.00049  0.50   98538      48   98514  6058008  61.48
1975-1979       18      0.00055  0.00055  0.50   98489      55   98462  5959494  60.51
1975-1979       19      0.00061  0.00061  0.50   98435      60   98405  5861032  59.54
1975-1979       20      0.00044  0.00044  0.50   98375      43   98353  5762627  58.58
1975-1979       21      0.00047  0.00047  0.50   98332      46   98309  5664273  57.60
1975-1979       22      0.00042  0.00042  0.50   98286      41   98265  5565965  56.63
1975-1979       23      0.00047  0.00047  0.50   98245      46   98221  5467699  55.65
1975-1979       24      0.00056  0.00056  0.50   98198      55   98171  5369478  54.68
1975-1979       25      0.00047  0.00047  0.50   98143      46   98120  5271307  53.71
1975-1979       26      0.00055  0.00055  0.50   98097      54   98070  5173187  52.74
1975-1979       27      0.00036  0.00036  0.50   98044      35   98026  5075117  51.76
1975-1979       28      0.00045  0.00045  0.50   98009      44   97987  4977091  50.78
1975-1979       29      0.00052  0.00052  0.50   97965      51   97939  4879104  49.80
1975-1979       30      0.00054  0.00054  0.50   97914      53   97887  4781164  48.83
1975-1979       31      0.00057  0.00057  0.50   97861      56   97833  4683277  47.86
1975-1979       32      0.00074  0.00074  0.50   97805      72   97769  4585444  46.88
1975-1979       33      0.00073  0.00073  0.50   97733      72   97697  4487675  45.92
1975-1979       34      0.00075  0.00075  0.50   97661      73   97625  4389978  44.95
1975-1979       35      0.00067  0.00067  0.50   97588      65   97556  4292353  43.98
1975-1979       36      0.00080  0.00080  0.50   97523      78   97484  4194798  43.01
1975-1979       37      0.00096  0.00096  0.50   97445      93   97399  4097314  42.05
1975-1979       38      0.00103  0.00103  0.50   97352     101   97302  3999915  41.09
1975-1979       39      0.00119  0.00119  0.50   97251     116   97194  3902614  40.13
1975-1979       40      0.00121  0.00121  0.50   97136     117   97077  3805420  39.18
1975-1979       41      0.00143  0.00143  0.50   97018     139   96949  3708343  38.22
1975-1979       42      0.00161  0.00160  0.50   96880     155   96802  3611394  37.28
1975-1979       43      0.00184  0.00184  0.50   96724     178   96635  3514592  36.34
1975-1979       44      0.00189  0.00189  0.50   96547     182   96455  3417957  35.40
1975-1979       45      0.00222  0.00222  0.50   96364     214   96257  3321502  34.47
1975-1979       46      0.00248  0.00247  0.50   96150     238   96032  3225244  33.54
1975-1979       47      0.00295  0.00294  0.50   95913     282   95772  3129213  32.63
1975-1979       48      0.00282  0.00281  0.50   95630     269   95496  3033441  31.72
1975-1979       49      0.00332  0.00331  0.50   95361     316   95203  2937945  30.81
1975-1979       50      0.00350  0.00350  0.50   95045     332   94879  2842742  29.91
1975-1979       51      0.00397  0.00397  0.50   94713     376   94525  2747863  29.01
1975-1979       52      0.00483  0.00482  0.50   94337     455   94110  2653338  28.13
1975-1979       53      0.00478  0.00477  0.50   93882     447   93659  2559228  27.26
1975-1979       54      0.00520  0.00519  0.50   93435     485   93193  2465569  26.39
1975-1979       55      0.00586  0.00584  0.50   92950     543   92679  2372377  25.52
1975-1979       56      0.00611  0.00609  0.50   92408     563   92126  2279697  24.67
1975-1979       57      0.00687  0.00684  0.50   91845     629   91531  2187571  23.82
1975-1979       58      0.00724  0.00721  0.50   91216     658   90887  2096041  22.98
1975-1979       59      0.00821  0.00818  0.50   90559     740   90188  2005153  22.14
1975-1979       60      0.00926  0.00922  0.50   89818     828   89404  1914965  21.32
1975-1979       61      0.00967  0.00962  0.50   88990     856   88562  1825561  20.51
1975-1979       62      0.01115  0.01109  0.50   88134     977   87645  1736999  19.71
1975-1979       63      0.01239  0.01232  0.50   87157    1074   86620  1649354  18.92
1975-1979       64      0.01260  0.01252  0.50   86083    1078   85544  1562734  18.15
1975-1979       65      0.01423  0.01413  0.50   85005    1201   84405  1477189  17.38
1975-1979       66      0.01542  0.01531  0.50   83804    1283   83163  1392785  16.62
1975-1979       67      0.01709  0.01694  0.50   82521    1398   81822  1309622  15.87
1975-1979       68      0.01929  0.01911  0.50   81123    1550   80348  1227800  15.13
1975-1979       69      0.02042  0.02021  0.50   79573    1608   78769  1147451  14.42
1975-1979       70      0.02267  0.02242  0.50   77965    1748   77091  1068682  13.71
1975-1979       71      0.02337  0.02310  0.50   76217    1761   75337   991592  13.01
1975-1979       72      0.02823  0.02784  0.50   74456    2073   73420   916255  12.31
1975-1979       73      0.03225  0.03174  0.50   72383    2298   71235   842835  11.64
1975-1979       74      0.03647  0.03581  0.50   70086    2510   68831   771601  11.01
1975-1979       75      0.04047  0.03967  0.50   67576    2681   66235   702770  10.40
1975-1979       76      0.04463  0.04366  0.50   64895    2833   63478   636535   9.81
1975-1979       77      0.04896  0.04779  0.50   62062    2966   60579   573056   9.23
1975-1979       78      0.05590  0.05438  0.50   59096    3214   57489   512478   8.67
1975-1979       79      0.06298  0.06106  0.50   55882    3412   54176   454989   8.14
1975-1979       80      0.06850  0.06623  0.50   52470    3475   50733   400812   7.64
1975-1979       81      0.07567  0.07291  0.50   48995    3572   47209   350080   7.15
1975-1979       82      0.08860  0.08484  0.50   45423    3854   43496   302871   6.67
1975-1979       83      0.09977  0.09503  0.50   41569    3950   39594   259375   6.24
1975-1979       84      0.11379  0.10767  0.50   37619    4050   35594   219780   5.84
1975-1979       85      0.12328  0.11613  0.50   33569    3898   31620   184186   5.49
1975-1979       86      0.14119  0.13188  0.50   29671    3913   27714   152567   5.14
1975-1979       87      0.14673  0.13670  0.50   25758    3521   23997   124852   4.85
1975-1979       88      0.15927  0.14753  0.50   22237    3280   20596   100855   4.54
1975-1979       89      0.18367  0.16822  0.50   18956    3189   17362    80259   4.23
1975-1979       90      0.19398  0.17683  0.50   15767    2788   14373    62897   3.99
1975-1979       91      0.20516  0.18607  0.50   12979    2415   11772    48524   3.74
1975-1979       92      0.22573  0.20284  0.50   10564    2143    9493    36753   3.48
1975-1979       93      0.23827  0.21290  0.50    8421    1793    7525    27260   3.24
1975-1979       94      0.28395  0.24865  0.50    6628    1648    5804    19735   2.98
1975-1979       95      0.30568  0.26515  0.50    4980    1321    4320    13931   2.80
1975-1979       96      0.33099  0.28399  0.50    3660    1039    3140     9611   2.63
1975-1979       97      0.35732  0.30316  0.50    2620     794    2223     6471   2.47
1975-1979       98      0.38453  0.32252  0.50    1826     589    1532     4247   2.33
1975-1979       99      0.41249  0.34196  0.50    1237     423    1026     2716   2.20
1975-1979      100      0.44103  0.36135  0.50     814     294     667     1690   2.08
1975-1979      101      0.46996  0.38054  0.50     520     198     421     1023   1.97
1975-1979      102      0.49909  0.39942  0.50     322     129     258      602   1.87
1975-1979      103      0.52823  0.41787  0.50     193      81     153      345   1.78
1975-1979      104      0.55718  0.43578  0.50     113      49      88      192   1.70
1975-1979      105      0.58575  0.45306  0.50      64      29      49      104   1.63
1975-1979      106      0.61375  0.46963  0.50      35      16      27       54   1.57
1975-1979      107      0.64102  0.48543  0.50      18       9      14       28   1.51
1975-1979      108      0.66740  0.50041  0.50       9       5       7       14   1.46
1975-1979      109      0.69278  0.51455  0.50       5       2       4        7   1.42
1975-1979      110+     0.71704  1.00000  1.39       2       2       3        3   1.39
1980-1984        0      0.00872  0.00865  0.13  100000     865   99248  7870047  78.70
1980-1984        1      0.00044  0.00044  0.50   99135      43   99113  7770799  78.39
1980-1984        2      0.00041  0.00041  0.50   99091      41   99071  7671686  77.42
1980-1984        3      0.00030  0.00030  0.50   99051      30   99036  7572615  76.45
1980-1984        4      0.00029  0.00029  0.50   99021      29   99007  7473579  75.47
1980-1984        5      0.00022  0.00022  0.50   98992      22   98981  7374572  74.50
1980-1984        6      0.00017  0.00017  0.50   98971      17   98962  7275591  73.51
1980-1984        7      0.00018  0.00018  0.50   98953      18   98944  7176629  72.53
1980-1984        8      0.00016  0.00016  0.50   98935      16   98927  7077685  71.54
1980-1984        9      0.00019  0.00019  0.50   98919      19   98910  6978757  70.55
1980-1984       10      0.00016  0.00016  0.50   98900      16   98892  6879848  69.56
1980-1984       11      0.00014  0.00014  0.50   98885      14   98878  6780955  68.57
1980-1984       12      0.00012  0.00012  0.50   98870      12   98864  6682078  67.58
1980-1984       13      0.00016  0.00016  0.50   98858      16   98850  6583214  66.59
1980-1984       14      0.00020  0.00020  0.50   98842      19   98832  6484363  65.60
1980-1984       15      0.00024  0.00024  0.50   98823      24   98811  6385531  64.62
1980-1984       16      0.00032  0.00032  0.50   98799      32   98783  6286721  63.63
1980-1984       17      0.00036  0.00036  0.50   98767      35   98749  6187938  62.65
1980-1984       18      0.00038  0.00038  0.50   98731      37   98713  6089189  61.67
1980-1984       19      0.00049  0.00049  0.50   98694      48   98670  5990476  60.70
1980-1984       20      0.00050  0.00050  0.50   98646      49   98621  5891806  59.73
1980-1984       21      0.00053  0.00053  0.50   98597      52   98571  5793184  58.76
1980-1984       22      0.00043  0.00043  0.50   98545      42   98524  5694614  57.79
1980-1984       23      0.00040  0.00040  0.50   98503      40   98483  5596090  56.81
1980-1984       24      0.00053  0.00053  0.50   98463      53   98436  5497607  55.83
1980-1984       25      0.00038  0.00038  0.50   98410      37   98391  5399171  54.86
1980-1984       26      0.00052  0.00051  0.50   98373      51   98347  5300780  53.88
1980-1984       27      0.00053  0.00053  0.50   98322      52   98296  5202432  52.91
1980-1984       28      0.00049  0.00049  0.50   98270      48   98246  5104136  51.94
1980-1984       29      0.00053  0.00053  0.50   98222      52   98196  5005890  50.97
1980-1984       30      0.00038  0.00038  0.50   98170      37   98151  4907695  49.99
1980-1984       31      0.00060  0.00060  0.50   98133      59   98103  4809544  49.01
1980-1984       32      0.00066  0.00066  0.50   98074      64   98042  4711441  48.04
1980-1984       33      0.00051  0.00051  0.50   98009      50   97985  4613399  47.07
1980-1984       34      0.00055  0.00055  0.50   97960      54   97933  4515414  46.09
1980-1984       35      0.00072  0.00071  0.50   97906      70   97871  4417481  45.12
1980-1984       36      0.00072  0.00072  0.50   97836      71   97800  4319611  44.15
1980-1984       37      0.00077  0.00077  0.50   97765      75   97727  4221810  43.18
1980-1984       38      0.00088  0.00088  0.50   97690      86   97647  4124083  42.22
1980-1984       39      0.00104  0.00104  0.50   97604     102   97553  4026436  41.25
1980-1984       40      0.00101  0.00101  0.50   97502      98   97453  3928883  40.30
1980-1984       41      0.00109  0.00109  0.50   97404     107   97350  3831431  39.34
1980-1984       42      0.00132  0.00132  0.50   97297     129   97233  3734080  38.38
1980-1984       43      0.00136  0.00136  0.50   97168     132   97102  3636848  37.43
1980-1984       44      0.00140  0.00140  0.50   97036     136   96968  3539745  36.48
1980-1984       45      0.00185  0.00185  0.50   96900     179   96810  3442778  35.53
1980-1984       46      0.00187  0.00187  0.50   96720     181   96630  3345968  34.59
1980-1984       47      0.00237  0.00236  0.50   96539     228   96425  3249338  33.66
1980-1984       48      0.00260  0.00260  0.50   96311     250   96186  3152912  32.74
1980-1984       49      0.00268  0.00268  0.50   96061     257   95933  3056726  31.82
1980-1984       50      0.00325  0.00325  0.50   95804     311   95649  2960793  30.90
1980-1984       51      0.00346  0.00345  0.50   95493     330   95328  2865145  30.00
1980-1984       52      0.00413  0.00412  0.50   95163     392   94967  2769816  29.11
1980-1984       53      0.00474  0.00473  0.50   94771     448   94547  2674849  28.22
1980-1984       54      0.00482  0.00481  0.50   94323     454   94096  2580302  27.36
1980-1984       55      0.00505  0.00504  0.50   93869     473   93633  2486206  26.49
1980-1984       56      0.00570  0.00568  0.50   93396     531   93131  2392573  25.62
1980-1984       57      0.00574  0.00572  0.50   92866     532   92600  2299442  24.76
1980-1984       58      0.00671  0.00669  0.50   92334     617   92025  2206843  23.90
1980-1984       59      0.00765  0.00762  0.50   91717     699   91367  2114817  23.06
1980-1984       60      0.00768  0.00765  0.50   91018     696   90669  2023450  22.23
1980-1984       61      0.00779  0.00776  0.50   90321     701   89970  1932781  21.40
1980-1984       62      0.00948  0.00943  0.50   89620     845   89197  1842810  20.56
1980-1984       63      0.01089  0.01083  0.50   88775     962   88294  1753613  19.75
1980-1984       64      0.01174  0.01167  0.50   87813    1025   87301  1665319  18.96
1980-1984       65      0.01220  0.01212  0.50   86788    1052   86262  1578019  18.18
1980-1984       66      0.01396  0.01387  0.50   85736    1189   85142  1491756  17.40
1980-1984       67      0.01583  0.01570  0.50   84547    1328   83884  1406615  16.64
1980-1984       68      0.01690  0.01676  0.50   83220    1395   82522  1322731  15.89
1980-1984       69      0.01819  0.01803  0.50   81825    1475   81087  1240209  15.16
1980-1984       70      0.02137  0.02114  0.50   80350    1699   79500  1159122  14.43
1980-1984       71      0.02233  0.02209  0.50   78651    1737   77782  1079621  13.73
1980-1984       72      0.02772  0.02734  0.50   76914    2103   75863  1001839  13.03
1980-1984       73      0.02818  0.02779  0.50   74811    2079   73772   925976  12.38
1980-1984       74      0.03023  0.02978  0.50   72732    2166   71649   852205  11.72
1980-1984       75      0.03531  0.03470  0.50   70566    2448   69342   780555  11.06
1980-1984       76      0.03941  0.03865  0.50   68118    2632   66802   711213  10.44
1980-1984       77      0.04181  0.04096  0.50   65485    2682   64144   644412   9.84
1980-1984       78      0.04803  0.04691  0.50   62803    2946   61330   580267   9.24
1980-1984       79      0.05659  0.05503  0.50   59857    3294   58210   518937   8.67
1980-1984       80      0.06157  0.05973  0.50   56563    3379   54874   460727   8.15
1980-1984       81      0.06794  0.06571  0.50   53185    3495   51437   405852   7.63
1980-1984       82      0.08037  0.07726  0.50   49690    3839   47770   354415   7.13
1980-1984       83      0.08925  0.08543  0.50   45851    3917   43892   306645   6.69
1980-1984       84      0.09430  0.09005  0.50   41934    3776   40046   262753   6.27
1980-1984       85      0.11042  0.10464  0.50   38157    3993   36161   222707   5.84
1980-1984       86      0.12276  0.11566  0.50   34165    3951   32189   186546   5.46
1980-1984       87      0.13185  0.12370  0.50   30213    3737   28345   154357   5.11
1980-1984       88      0.14054  0.13131  0.50   26476    3477   24738   126012   4.76
1980-1984       89      0.16664  0.15382  0.50   22999    3538   21230   101275   4.40
1980-1984       90      0.17967  0.16486  0.50   19462    3208   17857    80044   4.11
1980-1984       91      0.20025  0.18202  0.50   16253    2958   14774    62187   3.83
1980-1984       92      0.21541  0.19447  0.50   13295    2585   12002    47413   3.57
1980-1984       93      0.25987  0.22999  0.50   10709    2463    9478    35411   3.31
1980-1984       94      0.26233  0.23191  0.50    8246    1912    7290    25933   3.14
1980-1984       95      0.28539  0.24975  0.50    6334    1582    5543    18643   2.94
1980-1984       96      0.31035  0.26866  0.50    4752    1277    4114    13100   2.76
1980-1984       97      0.33646  0.28800  0.50    3475    1001    2975     8986   2.59
1980-1984       98      0.36360  0.30767  0.50    2474     761    2094     6012   2.43
1980-1984       99      0.39165  0.32751  0.50    1713     561    1433     3918   2.29
1980-1984      100      0.42043  0.34740  0.50    1152     400     952     2485   2.16
1980-1984      101      0.44976  0.36718  0.50     752     276     614     1533   2.04
1980-1984      102      0.47944  0.38673  0.50     476     184     384      920   1.93
1980-1984      103      0.50927  0.40591  0.50     292     118     233      536   1.84
1980-1984      104      0.53903  0.42460  0.50     173      74     137      303   1.75
1980-1984      105      0.56852  0.44268  0.50     100      44      78      167   1.67
1980-1984      106      0.59753  0.46007  0.50      56      26      43       89   1.60
1980-1984      107      0.62587  0.47670  0.50      30      14      23       46   1.54
1980-1984      108      0.65338  0.49249  0.50      16       8      12       23   1.49
1980-1984      109      0.67989  0.50740  0.50       8       4       6       12   1.44
1980-1984      110+     0.70530  1.00000  1.42       4       4       6        6   1.42
1985-1989        0      0.00689  0.00685  0.13  100000     685   99407  7948447  79.48
1985-1989        1      0.00050  0.00050  0.50   99315      50   99290  7849040  79.03
1985-1989        2      0.00036  0.00036  0.50   99265      36   99247  7749750  78.07
1985-1989        3      0.00028  0.00028  0.50   99229      28   99215  7650503  77.10
1985-1989        4      0.00031  0.00031  0.50   99201      31   99186  7551288  76.12
1985-1989        5      0.00014  0.00014  0.50   99171      14   99164  7452102  75.14
1985-1989        6      0.00022  0.00022  0.50   99157      21   99146  7352938  74.15
1985-1989        7      0.00015  0.00015  0.50   99135      15   99128  7253792  73.17
1985-1989        8      0.00018  0.00018  0.50   99120      17   99112  7154665  72.18
1985-1989        9      0.00012  0.00012  0.50   99103      11   99097  7055553  71.19
1985-1989       10      0.00014  0.00014  0.50   99092      14   99085  6956456  70.20
1985-1989       11      0.00013  0.00013  0.50   99078      13   99071  6857371  69.21
1985-1989       12      0.00011  0.00011  0.50   99065      11   99059  6758300  68.22
1985-1989       13      0.00014  0.00014  0.50   99053      14   99046  6659241  67.23
1985-1989       14      0.00019  0.00019  0.50   99039      19   99030  6560195  66.24
1985-1989       15      0.00028  0.00028  0.50   99021      28   99007  6461165  65.25
1985-1989       16      0.00033  0.00033  0.50   98993      33   98977  6362158  64.27
1985-1989       17      0.00043  0.00043  0.50   98960      43   98939  6263181  63.29
1985-1989       18      0.00042  0.00042  0.50   98918      41   98897  6164242  62.32
1985-1989       19      0.00051  0.00051  0.50   98877      51   98851  6065345  61.34
1985-1989       20      0.00051  0.00051  0.50   98826      50   98801  5966494  60.37
1985-1989       21      0.00042  0.00042  0.50   98776      42   98755  5867693  59.40
1985-1989       22      0.00058  0.00058  0.50   98734      58   98705  5768938  58.43
1985-1989       23      0.00043  0.00043  0.50   98676      43   98655  5670233  57.46
1985-1989       24      0.00059  0.00059  0.50   98634      58   98604  5571579  56.49
1985-1989       25      0.00046  0.00046  0.50   98575      45   98553  5472974  55.52
1985-1989       26      0.00043  0.00043  0.50   98530      42   98509  5374421  54.55
1985-1989       27      0.00044  0.00044  0.50   98488      43   98467  5275912  53.57
1985-1989       28      0.00047  0.00047  0.50   98445      47   98422  5177446  52.59
1985-1989       29      0.00050  0.00050  0.50   98399      50   98374  5079024  51.62
1985-1989       30      0.00059  0.00059  0.50   98349      58   98320  4980650  50.64
1985-1989       31      0.00055  0.00055  0.50   98291      54   98264  4882330  49.67
1985-1989       32      0.00045  0.00045  0.50   98237      45   98215  4784066  48.70
1985-1989       33      0.00055  0.00055  0.50   98192      54   98165  4685852  47.72
1985-1989       34      0.00070  0.00070  0.50   98138      68   98104  4587686  46.75
1985-1989       35      0.00067  0.00067  0.50   98070      66   98037  4489582  45.78
1985-1989       36      0.00065  0.00065  0.50   98004      64   97972  4391546  44.81
1985-1989       37      0.00074  0.00074  0.50   97940      72   97904  4293574  43.84
1985-1989       38      0.00072  0.00072  0.50   97868      71   97832  4195670  42.87
1985-1989       39      0.00098  0.00098  0.50   97797      96   97749  4097837  41.90
1985-1989       40      0.00101  0.00100  0.50   97701      98   97652  4000088  40.94
1985-1989       41      0.00109  0.00109  0.50   97603     107   97550  3902436  39.98
1985-1989       42      0.00118  0.00118  0.50   97496     115   97439  3804886  39.03
1985-1989       43      0.00125  0.00125  0.50   97381     122   97320  3707448  38.07
1985-1989       44      0.00139  0.00139  0.50   97259     135   97191  3610128  37.12
1985-1989       45      0.00157  0.00157  0.50   97124     152   97048  3512936  36.17
1985-1989       46      0.00174  0.00174  0.50   96971     169   96887  3415889  35.23
1985-1989       47      0.00204  0.00203  0.50   96803     197   96704  3319002  34.29
1985-1989       48      0.00213  0.00213  0.50   96606     206   96503  3222297  33.36
1985-1989       49      0.00240  0.00239  0.50   96400     231   96285  3125794  32.43
1985-1989       50      0.00267  0.00267  0.50   96169     257   96041  3029510  31.50
1985-1989       51      0.00259  0.00258  0.50   95913     248   95789  2933469  30.58
1985-1989       52      0.00338  0.00338  0.50   95665     323   95503  2837680  29.66
1985-1989       53      0.00372  0.00371  0.50   95342     354   95165  2742176  28.76
1985-1989       54      0.00377  0.00377  0.50   94988     358   94809  2647011  27.87
1985-1989       55      0.00435  0.00434  0.50   94631     410   94425  2552202  26.97
1985-1989       56      0.00502  0.00501  0.50   94220     472   93984  2457776  26.09
1985-1989       57      0.00537  0.00535  0.50   93748     502   93497  2363792  25.21
1985-1989       58      0.00607  0.00605  0.50   93247     564   92964  2270295  24.35
1985-1989       59      0.00655  0.00652  0.50   92682     605   92380  2177330  23.49
1985-1989       60      0.00681  0.00678  0.50   92078     625   91765  2084950  22.64
1985-1989       61      0.00797  0.00793  0.50   91453     726   91090  1993185  21.79
1985-1989       62      0.00925  0.00921  0.50   90727     836   90310  1902095  20.96
1985-1989       63      0.00909  0.00905  0.50   89892     813   89485  1811785  20.16
1985-1989       64      0.01051  0.01045  0.50   89078     931   88613  1722300  19.33
1985-1989       65      0.01130  0.01123  0.50   88147     990   87652  1633687  18.53
1985-1989       66      0.01217  0.01210  0.50   87157    1054   86630  1546035  17.74
1985-1989       67      0.01439  0.01429  0.50   86103    1231   85488  1459405  16.95
1985-1989       68      0.01479  0.01468  0.50   84872    1246   84249  1373917  16.19
1985-1989       69      0.01872  0.01854  0.50   83627    1551   82851  1289668  15.42
1985-1989       70      0.01942  0.01924  0.50   82076    1579   81286  1206816  14.70
1985-1989       71      0.02195  0.02171  0.50   80497    1748   79623  1125530  13.98
1985-1989       72      0.02416  0.02387  0.50   78749    1880   77809  1045907  13.28
1985-1989       73      0.02587  0.02554  0.50   76869    1963   75888   968098  12.59
1985-1989       74      0.02982  0.02939  0.50   74906    2201   73805   892211  11.91
1985-1989       75      0.03348  0.03293  0.50   72705    2394   71508   818405  11.26
1985-1989       76      0.03524  0.03463  0.50   70311    2435   69093   746897  10.62
1985-1989       77      0.04176  0.04091  0.50   67876    2777   66488   677804   9.99
1985-1989       78      0.04687  0.04579  0.50   65099    2981   63609   611316   9.39
1985-1989       79      0.05377  0.05236  0.50   62118    3252   60492   547708   8.82
1985-1989       80      0.05926  0.05756  0.50   58866    3388   57172   487216   8.28
1985-1989       81      0.06374  0.06177  0.50   55478    3427   53764   430044   7.75
1985-1989       82      0.07494  0.07224  0.50   52051    3760   50171   376279   7.23
1985-1989       83      0.08489  0.08144  0.50   48291    3933   46325   326108   6.75
1985-1989       84      0.09594  0.09155  0.50   44358    4061   42328   279784   6.31
1985-1989       85      0.10762  0.10213  0.50   40297    4115   38240   237456   5.89
1985-1989       86      0.12077  0.11389  0.50   36182    4121   34122   199216   5.51
1985-1989       87      0.12993  0.12201  0.50   32061    3912   30105   165094   5.15
1985-1989       88      0.14225  0.13280  0.50   28150    3738   26280   134989   4.80
1985-1989       89      0.15605  0.14476  0.50   24411    3534   22644   108709   4.45
1985-1989       90      0.17742  0.16296  0.50   20877    3402   19176    86064   4.12
1985-1989       91      0.19858  0.18065  0.50   17475    3157   15897    66888   3.83
1985-1989       92      0.21986  0.19808  0.50   14318    2836   12900    50991   3.56
1985-1989       93      0.24007  0.21435  0.50   11482    2461   10252    38091   3.32
1985-1989       94      0.27915  0.24496  0.50    9021    2210    7916    27839   3.09
1985-1989       95      0.28629  0.25044  0.50    6811    1706    5958    19923   2.93
1985-1989       96      0.31207  0.26995  0.50    5105    1378    4416    13965   2.74
1985-1989       97      0.33906  0.28991  0.50    3727    1081    3187     9549   2.56
1985-1989       98      0.36715  0.31021  0.50    2647     821    2236     6362   2.40
1985-1989       99      0.39617  0.33067  0.50    1826     604    1524     4126   2.26
1985-1989      100      0.42594  0.35116  0.50    1222     429    1007     2602   2.13
1985-1989      101      0.45626  0.37151  0.50     793     295     646     1594   2.01
1985-1989      102      0.48690  0.39157  0.50     498     195     401      949   1.90
1985-1989      103      0.51765  0.41122  0.50     303     125     241      548   1.81
1985-1989      104      0.54826  0.43030  0.50     179      77     140      307   1.72
1985-1989      105      0.57851  0.44871  0.50     102      46      79      167   1.64
1985-1989      106      0.60818  0.46636  0.50      56      26      43       88   1.57
1985-1989      107      0.63707  0.48317  0.50      30      14      23       45   1.51
1985-1989      108      0.66501  0.49907  0.50      15       8      12       23   1.46
1985-1989      109      0.69183  0.51402  0.50       8       4       6       11   1.42
1985-1989      110+     0.71742  1.00000  1.39       4       4       5        5   1.39
1990-1994        0      0.00528  0.00525  0.14  100000     525   99547  8078033  80.78
1990-1994        1      0.00055  0.00055  0.50   99475      55   99448  7978485  80.21
1990-1994        2      0.00029  0.00029  0.50   99420      29   99406  7879038  79.25
1990-1994        3      0.00016  0.00016  0.50   99391      16   99383  7779632  78.27
1990-1994        4      0.00019  0.00019  0.50   99375      19   99366  7680249  77.29
1990-1994        5      0.00021  0.00021  0.50   99356      21   99346  7580883  76.30
1990-1994        6      0.00009  0.00009  0.50   99335       9   99330  7481538  75.32
1990-1994        7      0.00009  0.00009  0.50   99326       8   99322  7382207  74.32
1990-1994        8      0.00012  0.00012  0.50   99317      12   99311  7282886  73.33
1990-1994        9      0.00007  0.00007  0.50   99305       7   99302  7183574  72.34
1990-1994       10      0.00011  0.00011  0.50   99298      11   99292  7084273  71.34
1990-1994       11      0.00011  0.00011  0.50   99287      11   99282  6984980  70.35
1990-1994       12      0.00013  0.00013  0.50   99276      13   99270  6885699  69.36
1990-1994       13      0.00016  0.00016  0.50   99264      16   99256  6786429  68.37
1990-1994       14      0.00028  0.00028  0.50   99248      28   99234  6687173  67.38
1990-1994       15      0.00018  0.00018  0.50   99220      18   99211  6587939  66.40
1990-1994       16      0.00023  0.00023  0.50   99203      23   99191  6488727  65.41
1990-1994       17      0.00028  0.00028  0.50   99180      28   99166  6389536  64.42
1990-1994       18      0.00045  0.00045  0.50   99152      45   99129  6290371  63.44
1990-1994       19      0.00031  0.00031  0.50   99107      31   99092  6191241  62.47
1990-1994       20      0.00051  0.00051  0.50   99077      50   99051  6092150  61.49
1990-1994       21      0.00038  0.00038  0.50   99026      38   99008  5993098  60.52
1990-1994       22      0.00039  0.00039  0.50   98989      39   98969  5894091  59.54
1990-1994       23      0.00042  0.00042  0.50   98950      42   98929  5795121  58.57
1990-1994       24      0.00036  0.00036  0.50   98908      36   98891  5696192  57.59
1990-1994       25      0.00045  0.00045  0.50   98873      44   98850  5597301  56.61
1990-1994       26      0.00041  0.00041  0.50   98828      40   98808  5498451  55.64
1990-1994       27      0.00038  0.00038  0.50   98788      37   98769  5399643  54.66
1990-1994       28      0.00032  0.00032  0.50   98751      32   98735  5300873  53.68
1990-1994       29      0.00048  0.00048  0.50   98719      47   98696  5202138  52.70
1990-1994       30      0.00046  0.00046  0.50   98672      46   98649  5103443  51.72
1990-1994       31      0.00049  0.00049  0.50   98626      48   98602  5004793  50.74
1990-1994       32      0.00048  0.00048  0.50   98578      47   98555  4906191  49.77
1990-1994       33      0.00053  0.00053  0.50   98531      52   98505  4807636  48.79
1990-1994       34      0.00052  0.00052  0.50   98479      51   98453  4709131  47.82
1990-1994       35      0.00058  0.00058  0.50   98427      58   98399  4610678  46.84
1990-1994       36      0.00064  0.00064  0.50   98370      63   98338  4512280  45.87
1990-1994       37      0.00083  0.00083  0.50   98306      81   98266  4413942  44.90
1990-1994       38      0.00074  0.00074  0.50   98225      73   98189  4315676  43.94
1990-1994       39      0.00085  0.00085  0.50   98153      83   98111  4217487  42.97
1990-1994       40      0.00103  0.00103  0.50   98069     101   98019  4119376  42.00
1990-1994       41      0.00104  0.00104  0.50   97968     102   97917  4021357  41.05
1990-1994       42      0.00093  0.00093  0.50   97866      91   97821  3923440  40.09
1990-1994       43      0.00119  0.00119  0.50   97776     116   97718  3825619  39.13
1990-1994       44      0.00123  0.00123  0.50   97659     120   97599  3727902  38.17
1990-1994       45      0.00126  0.00126  0.50   97539     123   97478  3630303  37.22
1990-1994       46      0.00152  0.00152  0.50   97416     148   97342  3532825  36.27
1990-1994       47      0.00166  0.00165  0.50   97268     161   97188  3435483  35.32
1990-1994       48      0.00192  0.00191  0.50   97107     186   97014  3338295  34.38
1990-1994       49      0.00200  0.00200  0.50   96921     194   96824  3241281  33.44
1990-1994       50      0.00246  0.00245  0.50   96728     237   96609  3144457  32.51
1990-1994       51      0.00244  0.00244  0.50   96490     236   96372  3047848  31.59
1990-1994       52      0.00280  0.00280  0.50   96255     270   96120  2951475  30.66
1990-1994       53      0.00296  0.00296  0.50   95985     284   95843  2855356  29.75
1990-1994       54      0.00321  0.00321  0.50   95701     307   95548  2759512  28.83
1990-1994       55      0.00355  0.00355  0.50   95394     338   95225  2663965  27.93
1990-1994       56      0.00418  0.00417  0.50   95056     396   94858  2568740  27.02
1990-1994       57      0.00479  0.00478  0.50   94660     453   94433  2473882  26.13
1990-1994       58      0.00474  0.00472  0.50   94207     445   93984  2379449  25.26
1990-1994       59      0.00589  0.00588  0.50   93762     551   93486  2285464  24.38
1990-1994       60      0.00580  0.00578  0.50   93211     539   92942  2191978  23.52
1990-1994       61      0.00630  0.00628  0.50   92672     582   92381  2099036  22.65
1990-1994       62      0.00761  0.00758  0.50   92091     698   91741  2006655  21.79
1990-1994       63      0.00835  0.00832  0.50   91392     760   91012  1914914  20.95
1990-1994       64      0.00950  0.00945  0.50   90632     857   90204  1823901  20.12
1990-1994       65      0.01029  0.01023  0.50   89775     919   89316  1733697  19.31
1990-1994       66      0.01179  0.01172  0.50   88857    1041   88336  1644381  18.51
1990-1994       67      0.01214  0.01206  0.50   87815    1059   87286  1556045  17.72
1990-1994       68      0.01416  0.01406  0.50   86756    1220   86146  1468760  16.93
1990-1994       69      0.01534  0.01523  0.50   85536    1302   84885  1382614  16.16
1990-1994       70      0.01724  0.01710  0.50   84233    1440   83513  1297729  15.41
1990-1994       71      0.01854  0.01837  0.50   82793    1521   82033  1214216  14.67
1990-1994       72      0.02062  0.02041  0.50   81273    1658   80443  1132183  13.93
1990-1994       73      0.02320  0.02294  0.50   79614    1826   78701  1051739  13.21
1990-1994       74      0.02664  0.02629  0.50   77788    2045   76766   973038  12.51
1990-1994       75      0.02911  0.02869  0.50   75743    2173   74656   896272  11.83
1990-1994       76      0.03497  0.03437  0.50   73570    2529   72305   821616  11.17
1990-1994       77      0.03815  0.03744  0.50   71041    2660   69711   749311  10.55
1990-1994       78      0.04274  0.04185  0.50   68381    2862   66950   679600   9.94
1990-1994       79      0.04705  0.04597  0.50   65520    3012   64014   612649   9.35
1990-1994       80      0.05453  0.05308  0.50   62508    3318   60848   548636   8.78
1990-1994       81      0.05917  0.05747  0.50   59189    3402   57489   487787   8.24
1990-1994       82      0.06696  0.06479  0.50   55788    3615   53980   430299   7.71
1990-1994       83      0.07360  0.07099  0.50   52173    3704   50321   376318   7.21
1990-1994       84      0.08593  0.08239  0.50   48469    3993   46472   325997   6.73
1990-1994       85      0.09575  0.09138  0.50   44476    4064   42444   279525   6.28
1990-1994       86      0.10799  0.10245  0.50   40412    4140   38342   237081   5.87
1990-1994       87      0.11820  0.11161  0.50   36271    4048   34247   198739   5.48
1990-1994       88      0.12870  0.12092  0.50   32223    3896   30275   164492   5.10
1990-1994       89      0.14572  0.13582  0.50   28327    3847   26403   134217   4.74
1990-1994       90      0.16460  0.15208  0.50   24480    3723   22618   107813   4.40
1990-1994       91      0.18013  0.16524  0.50   20757    3430   19042    85195   4.10
1990-1994       92      0.20486  0.18583  0.50   17327    3220   15717    66154   3.82
1990-1994       93      0.21909  0.19746  0.50   14107    2785   12714    50437   3.58
1990-1994       94      0.24128  0.21530  0.50   11321    2438   10103    37723   3.33
1990-1994       95      0.26430  0.23345  0.50    8884    2074    7847    27620   3.11
1990-1994       96      0.28895  0.25247  0.50    6810    1719    5950    19773   2.90
1990-1994       97      0.31492  0.27208  0.50    5091    1385    4398    13823   2.72
1990-1994       98      0.34209  0.29213  0.50    3706    1082    3164     9425   2.54
1990-1994       99      0.37035  0.31248  0.50    2623     820    2213     6260   2.39
1990-1994      100      0.39952  0.33300  0.50    1803     601    1503     4047   2.24
1990-1994      101      0.42942  0.35352  0.50    1203     425     990     2544   2.11
1990-1994      102      0.45984  0.37388  0.50     778     291     632     1554   2.00
1990-1994      103      0.49057  0.39394  0.50     487     192     391      921   1.89
1990-1994      104      0.52137  0.41356  0.50     295     122     234      530   1.80
1990-1994      105      0.55201  0.43261  0.50     173      75     136      296   1.71
1990-1994      106      0.58226  0.45097  0.50      98      44      76      161   1.64
1990-1994      107      0.61190  0.46855  0.50      54      25      41       85   1.57
1990-1994      108      0.64073  0.48527  0.50      29      14      22       43   1.51
1990-1994      109      0.66859  0.50108  0.50      15       7      11       22   1.47
1990-1994      110+     0.69531  1.00000  1.44       7       7      11       11   1.44
1995-1999        0      0.00469  0.00467  0.14  100000     467   99598  8178335  81.78
1995-1999        1      0.00037  0.00037  0.50   99533      37   99514  8078737  81.17
1995-1999        2      0.00022  0.00022  0.50   99496      22   99485  7979223  80.20
1995-1999        3      0.00014  0.00014  0.50   99474      14   99467  7879738  79.21
1995-1999        4      0.00025  0.00025  0.50   99460      24   99448  7780271  78.23
1995-1999        5      0.00011  0.00011  0.50   99436      11   99430  7680824  77.24
1995-1999        6      0.00011  0.00011  0.50   99425      11   99419  7581393  76.25
1995-1999        7      0.00014  0.00014  0.50   99414      14   99407  7481974  75.26
1995-1999        8      0.00014  0.00014  0.50   99400      13   99393  7382567  74.27
1995-1999        9      0.00010  0.00010  0.50   99386      10   99381  7283174  73.28
1995-1999       10      0.00008  0.00008  0.50   99376       8   99372  7183793  72.29
1995-1999       11      0.00009  0.00009  0.50   99368       9   99364  7084420  71.29
1995-1999       12      0.00013  0.00013  0.50   99359      13   99353  6985056  70.30
1995-1999       13      0.00024  0.00024  0.50   99347      24   99335  6885703  69.31
1995-1999       14      0.00018  0.00018  0.50   99323      17   99314  6786369  68.33
1995-1999       15      0.00022  0.00022  0.50   99305      22   99294  6687055  67.34
1995-1999       16      0.00020  0.00020  0.50   99283      20   99273  6587761  66.35
1995-1999       17      0.00030  0.00030  0.50   99263      30   99248  6488488  65.37
1995-1999       18      0.00037  0.00037  0.50   99234      37   99215  6389240  64.39
1995-1999       19      0.00039  0.00039  0.50   99197      39   99178  6290024  63.41
1995-1999       20      0.00043  0.00043  0.50   99158      43   99137  6190847  62.43
1995-1999       21      0.00031  0.00031  0.50   99115      31   99100  6091710  61.46
1995-1999       22      0.00037  0.00037  0.50   99084      36   99066  5992610  60.48
1995-1999       23      0.00040  0.00040  0.50   99048      40   99028  5893544  59.50
1995-1999       24      0.00039  0.00039  0.50   99008      39   98989  5794516  58.53
1995-1999       25      0.00036  0.00036  0.50   98970      36   98952  5695527  57.55
1995-1999       26      0.00043  0.00043  0.50   98934      42   98913  5596576  56.57
1995-1999       27      0.00035  0.00035  0.50   98892      34   98874  5497663  55.59
1995-1999       28      0.00041  0.00041  0.50   98857      41   98837  5398789  54.61
1995-1999       29      0.00045  0.00045  0.50   98817      44   98795  5299952  53.63
1995-1999       30      0.00051  0.00051  0.50   98773      50   98748  5201157  52.66
1995-1999       31      0.00051  0.00051  0.50   98723      50   98698  5102410  51.68
1995-1999       32      0.00054  0.00054  0.50   98673      53   98646  5003712  50.71
1995-1999       33      0.00051  0.00051  0.50   98619      50   98594  4905066  49.74
1995-1999       34      0.00068  0.00068  0.50   98569      67   98535  4806472  48.76
1995-1999       35      0.00053  0.00053  0.50   98502      52   98476  4707936  47.80
1995-1999       36      0.00057  0.00057  0.50   98450      56   98422  4609461  46.82
1995-1999       37      0.00069  0.00069  0.50   98394      68   98360  4511039  45.85
1995-1999       38      0.00084  0.00084  0.50   98326      82   98285  4412679  44.88
1995-1999       39      0.00075  0.00075  0.50   98244      74   98207  4314393  43.92
1995-1999       40      0.00089  0.00089  0.50   98170      87   98126  4216187  42.95
1995-1999       41      0.00095  0.00095  0.50   98082      93   98036  4118061  41.99
1995-1999       42      0.00115  0.00115  0.50   97989     112   97933  4020025  41.03
1995-1999       43      0.00118  0.00118  0.50   97877     116   97819  3922092  40.07
1995-1999       44      0.00112  0.00112  0.50   97761     109   97706  3824273  39.12
1995-1999       45      0.00117  0.00117  0.50   97652     115   97594  3726567  38.16
1995-1999       46      0.00140  0.00140  0.50   97537     137   97469  3628973  37.21
1995-1999       47      0.00157  0.00157  0.50   97400     153   97324  3531504  36.26
1995-1999       48      0.00176  0.00176  0.50   97248     171   97162  3434180  35.31
1995-1999       49      0.00169  0.00169  0.50   97076     164   96995  3337018  34.38
1995-1999       50      0.00205  0.00205  0.50   96913     198   96813  3240023  33.43
1995-1999       51      0.00220  0.00220  0.50   96714     213   96608  3143210  32.50
1995-1999       52      0.00267  0.00266  0.50   96502     257   96373  3046602  31.57
1995-1999       53      0.00260  0.00259  0.50   96245     250   96120  2950229  30.65
1995-1999       54      0.00309  0.00308  0.50   95995     296   95847  2854109  29.73
1995-1999       55      0.00309  0.00309  0.50   95699     296   95551  2758262  28.82
1995-1999       56      0.00361  0.00361  0.50   95403     344   95231  2662711  27.91
1995-1999       57      0.00388  0.00388  0.50   95059     369   94875  2567480  27.01
1995-1999       58      0.00445  0.00444  0.50   94691     421   94480  2472605  26.11
1995-1999       59      0.00470  0.00469  0.50   94270     442   94049  2378124  25.23
1995-1999       60      0.00541  0.00540  0.50   93828     507   93575  2284075  24.34
1995-1999       61      0.00586  0.00584  0.50   93321     545   93049  2190501  23.47
1995-1999       62      0.00617  0.00615  0.50   92776     571   92491  2097452  22.61
1995-1999       63      0.00745  0.00742  0.50   92206     684   91864  2004961  21.74
1995-1999       64      0.00714  0.00712  0.50   91522     652   91196  1913097  20.90
1995-1999       65      0.00852  0.00848  0.50   90870     771   90485  1821901  20.05
1995-1999       66      0.00979  0.00974  0.50   90100     878   89661  1731416  19.22
1995-1999       67      0.01100  0.01094  0.50   89222     976   88734  1641756  18.40
1995-1999       68      0.01158  0.01151  0.50   88246    1016   87738  1553022  17.60
1995-1999       69      0.01300  0.01291  0.50   87230    1126   86666  1465284  16.80
1995-1999       70      0.01516  0.01505  0.50   86103    1296   85455  1378618  16.01
1995-1999       71      0.01647  0.01633  0.50   84807    1385   84115  1293163  15.25
1995-1999       72      0.01805  0.01789  0.50   83422    1492   82676  1209048  14.49
1995-1999       73      0.02055  0.02034  0.50   81930    1666   81097  1126372  13.75
1995-1999       74      0.02228  0.02204  0.50   80264    1769   79379  1045275  13.02
1995-1999       75      0.02527  0.02495  0.50   78495    1959   77516   965896  12.31
1995-1999       76      0.02866  0.02825  0.50   76536    2162   75455   888380  11.61
1995-1999       77      0.03252  0.03200  0.50   74374    2380   73184   812925  10.93
1995-1999       78      0.03611  0.03547  0.50   71994    2554   70717   739741  10.27
1995-1999       79      0.04149  0.04065  0.50   69440    2823   68029   669023   9.63
1995-1999       80      0.04858  0.04743  0.50   66618    3160   65038   600994   9.02
1995-1999       81      0.05394  0.05252  0.50   63458    3333   61792   535956   8.45
1995-1999       82      0.06241  0.06052  0.50   60125    3639   58306   474165   7.89
1995-1999       83      0.06976  0.06741  0.50   56486    3808   54582   415859   7.36
1995-1999       84      0.08026  0.07716  0.50   52679    4065   50646   361276   6.86
1995-1999       85      0.08839  0.08465  0.50   48614    4115   46556   310630   6.39
1995-1999       86      0.10082  0.09598  0.50   44499    4271   42363   264074   5.93
1995-1999       87      0.11442  0.10823  0.50   40228    4354   38051   221711   5.51
1995-1999       88      0.12614  0.11866  0.50   35874    4257   33746   183660   5.12
1995-1999       89      0.14044  0.13122  0.50   31617    4149   29543   149914   4.74
1995-1999       90      0.15984  0.14801  0.50   27468    4066   25436   120372   4.38
1995-1999       91      0.18412  0.16860  0.50   23403    3946   21430    94936   4.06
1995-1999       92      0.19707  0.17940  0.50   19457    3491   17712    73506   3.78
1995-1999       93      0.22380  0.20128  0.50   15967    3214   14360    55794   3.49
1995-1999       94      0.24658  0.21951  0.50   12753    2799   11353    41434   3.25
1995-1999       95      0.27059  0.23834  0.50    9953    2372    8767    30081   3.02
1995-1999       96      0.29760  0.25905  0.50    7581    1964    6599    21314   2.81
1995-1999       97      0.32610  0.28038  0.50    5617    1575    4830    14715   2.62
1995-1999       98      0.35594  0.30216  0.50    4042    1221    3432     9885   2.45
1995-1999       99      0.38695  0.32422  0.50    2821     915    2364     6454   2.29
1995-1999      100      0.41890  0.34635  0.50    1906     660    1576     4090   2.15
1995-1999      101      0.45154  0.36837  0.50    1246     459    1017     2514   2.02
1995-1999      102      0.48461  0.39009  0.50     787     307     634     1497   1.90
1995-1999      103      0.51782  0.41132  0.50     480     197     381      864   1.80
1995-1999      104      0.55086  0.43190  0.50     283     122     222      483   1.71
1995-1999      105      0.58347  0.45169  0.50     161      73     124      261   1.63
1995-1999      106      0.61536  0.47057  0.50      88      41      67      137   1.55
1995-1999      107      0.64629  0.48845  0.50      47      23      35       69   1.49
1995-1999      108      0.67604  0.50525  0.50      24      12      18       34   1.44
1995-1999      109      0.70443  0.52094  0.50      12       6       9       16   1.39
1995-1999      110+     0.73132  1.00000  1.37       6       6       8        8   1.37
2000-2004        0      0.00412  0.00411  0.14  100000     411   99647  8301344  83.01
2000-2004        1      0.00033  0.00033  0.50   99589      33   99573  8201697  82.36
2000-2004        2      0.00015  0.00015  0.50   99556      15   99549  8102124  81.38
2000-2004        3      0.00013  0.00013  0.50   99541      13   99535  8002576  80.39
2000-2004        4      0.00009  0.00009  0.50   99528       9   99523  7903041  79.41
2000-2004        5      0.00011  0.00011  0.50   99519      11   99513  7803518  78.41
2000-2004        6      0.00011  0.00011  0.50   99508      11   99502  7704004  77.42
2000-2004        7      0.00009  0.00009  0.50   99497       9   99492  7604502  76.43
2000-2004        8      0.00006  0.00006  0.50   99488       6   99485  7505010  75.44
2000-2004        9      0.00009  0.00009  0.50   99482       9   99478  7405525  74.44
2000-2004       10      0.00010  0.00010  0.50   99473      10   99468  7306047  73.45
2000-2004       11      0.00011  0.00011  0.50   99463      11   99457  7206579  72.45
2000-2004       12      0.00007  0.00007  0.50   99452       7   99448  7107122  71.46
2000-2004       13      0.00012  0.00012  0.50   99445      12   99439  7007673  70.47
2000-2004       14      0.00014  0.00014  0.50   99433      14   99426  6908234  69.48
2000-2004       15      0.00017  0.00017  0.50   99419      17   99411  6808808  68.49
2000-2004       16      0.00026  0.00026  0.50   99403      26   99390  6709397  67.50
2000-2004       17      0.00027  0.00027  0.50   99377      27   99363  6610008  66.51
2000-2004       18      0.00033  0.00033  0.50   99350      32   99334  6510644  65.53
2000-2004       19      0.00030  0.00030  0.50   99318      30   99303  6411310  64.55
2000-2004       20      0.00033  0.00033  0.50   99288      33   99271  6312008  63.57
2000-2004       21      0.00032  0.00032  0.50   99255      32   99239  6212736  62.59
2000-2004       22      0.00031  0.00031  0.50   99223      31   99208  6113498  61.61
2000-2004       23      0.00024  0.00024  0.50   99192      24   99180  6014290  60.63
2000-2004       24      0.00026  0.00026  0.50   99169      25   99156  5915110  59.65
2000-2004       25      0.00040  0.00039  0.50   99143      39   99124  5815954  58.66
2000-2004       26      0.00027  0.00027  0.50   99104      27   99090  5716830  57.69
2000-2004       27      0.00046  0.00046  0.50   99077      45   99054  5617740  56.70
2000-2004       28      0.00035  0.00035  0.50   99032      34   99015  5518685  55.73
2000-2004       29      0.00036  0.00036  0.50   98997      36   98979  5419671  54.75
2000-2004       30      0.00044  0.00044  0.50   98961      43   98940  5320691  53.77
2000-2004       31      0.00046  0.00046  0.50   98918      45   98896  5221751  52.79
2000-2004       32      0.00046  0.00046  0.50   98873      45   98850  5122856  51.81
2000-2004       33      0.00049  0.00049  0.50   98828      48   98804  5024006  50.84
2000-2004       34      0.00053  0.00053  0.50   98779      52   98753  4925202  49.86
2000-2004       35      0.00047  0.00047  0.50   98727      46   98704  4826449  48.89
2000-2004       36      0.00051  0.00051  0.50   98681      50   98656  4727744  47.91
2000-2004       37      0.00068  0.00068  0.50   98631      67   98598  4629088  46.93
2000-2004       38      0.00076  0.00076  0.50   98564      75   98527  4530491  45.96
2000-2004       39      0.00085  0.00085  0.50   98489      84   98447  4431964  45.00
2000-2004       40      0.00085  0.00085  0.50   98405      84   98363  4333517  44.04
2000-2004       41      0.00073  0.00073  0.50   98322      72   98286  4235153  43.07
2000-2004       42      0.00102  0.00102  0.50   98250     100   98200  4136868  42.11
2000-2004       43      0.00101  0.00101  0.50   98150      99   98100  4038668  41.15
2000-2004       44      0.00104  0.00104  0.50   98051     102   98000  3940567  40.19
2000-2004       45      0.00122  0.00122  0.50   97950     119   97890  3842567  39.23
2000-2004       46      0.00145  0.00145  0.50   97830     142   97760  3744677  38.28
2000-2004       47      0.00147  0.00147  0.50   97689     144   97617  3646918  37.33
2000-2004       48      0.00161  0.00161  0.50   97545     157   97467  3549301  36.39
2000-2004       49      0.00180  0.00180  0.50   97388     175   97300  3451834  35.44
2000-2004       50      0.00182  0.00182  0.50   97213     177   97125  3354534  34.51
2000-2004       51      0.00198  0.00198  0.50   97036     192   96940  3257409  33.57
2000-2004       52      0.00229  0.00229  0.50   96844     222   96733  3160469  32.63
2000-2004       53      0.00243  0.00243  0.50   96623     235   96505  3063735  31.71
2000-2004       54      0.00268  0.00268  0.50   96388     258   96259  2967230  30.78
2000-2004       55      0.00273  0.00273  0.50   96130     263   95999  2870971  29.87
2000-2004       56      0.00303  0.00302  0.50   95868     290   95723  2774972  28.95
2000-2004       57      0.00345  0.00345  0.50   95578     329   95413  2679249  28.03
2000-2004       58      0.00391  0.00390  0.50   95248     372   95063  2583836  27.13
2000-2004       59      0.00416  0.00415  0.50   94877     393   94680  2488774  26.23
2000-2004       60      0.00423  0.00422  0.50   94483     398   94284  2394093  25.34
2000-2004       61      0.00480  0.00479  0.50   94085     450   93860  2299809  24.44
2000-2004       62      0.00531  0.00529  0.50   93635     496   93387  2205949  23.56
2000-2004       63      0.00585  0.00583  0.50   93139     543   92867  2112562  22.68
2000-2004       64      0.00679  0.00677  0.50   92596     627   92282  2019695  21.81
2000-2004       65      0.00722  0.00720  0.50   91969     662   91638  1927413  20.96
2000-2004       66      0.00769  0.00766  0.50   91307     700   90957  1835774  20.11
2000-2004       67      0.00876  0.00872  0.50   90608     790   90213  1744817  19.26
2000-2004       68      0.00984  0.00979  0.50   89818     879   89378  1654604  18.42
2000-2004       69      0.01164  0.01158  0.50   88938    1030   88423  1565226  17.60
2000-2004       70      0.01203  0.01196  0.50   87909    1052   87383  1476803  16.80
2000-2004       71      0.01388  0.01379  0.50   86857    1197   86258  1389420  16.00
2000-2004       72      0.01546  0.01535  0.50   85660    1314   85002  1303162  15.21
2000-2004       73      0.01732  0.01717  0.50   84345    1448   83621  1218159  14.44
2000-2004       74      0.02015  0.01995  0.50   82897    1653   82070  1134538  13.69
2000-2004       75      0.02206  0.02182  0.50   81244    1773   80357  1052468  12.95
2000-2004       76      0.02452  0.02423  0.50   79471    1925   78508   972110  12.23
2000-2004       77      0.02831  0.02791  0.50   77546    2164   76464   893602  11.52
2000-2004       78      0.03321  0.03266  0.50   75381    2462   74150   817138  10.84
2000-2004       79      0.03542  0.03481  0.50   72919    2538   71650   742988  10.19
2000-2004       80      0.04037  0.03957  0.50   70381    2785   68988   671338   9.54
2000-2004       81      0.04761  0.04650  0.50   67596    3143   66024   602349   8.91
2000-2004       82      0.05378  0.05237  0.50   64452    3375   62765   536325   8.32
2000-2004       83      0.06095  0.05915  0.50   61077    3612   59271   473560   7.75
2000-2004       84      0.06876  0.06647  0.50   57465    3820   55555   414290   7.21
2000-2004       85      0.07949  0.07645  0.50   53645    4101   51594   358735   6.69
2000-2004       86      0.09206  0.08801  0.50   49544    4360   47363   307141   6.20
2000-2004       87      0.10195  0.09701  0.50   45183    4383   42992   259777   5.75
2000-2004       88      0.11791  0.11134  0.50   40800    4543   38529   216786   5.31
2000-2004       89      0.13502  0.12648  0.50   36257    4586   33964   178257   4.92
2000-2004       90      0.14944  0.13905  0.50   31671    4404   29469   144292   4.56
2000-2004       91      0.16792  0.15491  0.50   27268    4224   25155   114823   4.21
2000-2004       92      0.19199  0.17517  0.50   23043    4037   21025    89667   3.89
2000-2004       93      0.20866  0.18894  0.50   19007    3591   17211    68642   3.61
2000-2004       94      0.22821  0.20484  0.50   15416    3158   13837    51431   3.34
2000-2004       95      0.26220  0.23181  0.50   12258    2841   10837    37594   3.07
2000-2004       96      0.29041  0.25359  0.50    9416    2388    8222    26757   2.84
2000-2004       97      0.32034  0.27612  0.50    7029    1941    6058    18535   2.64
2000-2004       98      0.35183  0.29920  0.50    5088    1522    4327    12477   2.45
2000-2004       99      0.38466  0.32261  0.50    3566    1150    2990     8150   2.29
2000-2004      100      0.41858  0.34613  0.50    2415     836    1997     5159   2.14
2000-2004      101      0.45328  0.36953  0.50    1579     584    1287     3162   2.00
2000-2004      102      0.48844  0.39257  0.50     996     391     800     1875   1.88
2000-2004      103      0.52372  0.41504  0.50     605     251     479     1074   1.78
2000-2004      104      0.55877  0.43675  0.50     354     155     277      595   1.68
2000-2004      105      0.59323  0.45752  0.50     199      91     154      319   1.60
2000-2004      106      0.62681  0.47724  0.50     108      52      82      165   1.53
2000-2004      107      0.65920  0.49579  0.50      57      28      43       83   1.46
2000-2004      108      0.69017  0.51311  0.50      28      15      21       40   1.41
2000-2004      109      0.71953  0.52916  0.50      14       7      10       19   1.37
2000-2004      110+     0.74712  1.00000  1.34       7       7       9        9   1.34
2005-2009        0      0.00384  0.00383  0.14  100000     383   99671  8400022  84.00
2005-2009        1      0.00023  0.00023  0.50   99617      23   99605  8300351  83.32
2005-2009        2      0.00014  0.00014  0.50   99594      14   99587  8200745  82.34
2005-2009        3      0.00012  0.00012  0.50   99580      12   99574  8101159  81.35
2005-2009        4      0.00014  0.00014  0.50   99568      13   99561  8001585  80.36
2005-2009        5      0.00006  0.00006  0.50   99554       6   99551  7902024  79.37
2005-2009        6      0.00008  0.00008  0.50   99548       8   99544  7802473  78.38
2005-2009        7      0.00009  0.00009  0.50   99540       9   99535  7702929  77.39
2005-2009        8      0.00005  0.00005  0.50   99531       5   99528  7603394  76.39
2005-2009        9      0.00007  0.00007  0.50   99526       7   99522  7503866  75.40
2005-2009       10      0.00006  0.00006  0.50   99519       6   99516  7404344  74.40
2005-2009       11      0.00008  0.00008  0.50   99513       7   99509  7304828  73.41
2005-2009       12      0.00008  0.00008  0.50   99505       8   99501  7205319  72.41
2005-2009       13      0.00013  0.00013  0.50   99497      13   99491  7105817  71.42
2005-2009       14      0.00010  0.00010  0.50   99485      10   99479  7006326  70.43
2005-2009       15      0.00016  0.00016  0.50   99474      16   99466  6906847  69.43
2005-2009       16      0.00021  0.00021  0.50   99458      21   99448  6807381  68.44
2005-2009       17      0.00021  0.00021  0.50   99437      21   99427  6707933  67.46
2005-2009       18      0.00031  0.00031  0.50   99416      31   99401  6608507  66.47
2005-2009       19      0.00020  0.00020  0.50   99385      19   99375  6509106  65.49
2005-2009       20      0.00029  0.00029  0.50   99366      28   99351  6409731  64.51
2005-2009       21      0.00021  0.00021  0.50   99337      20   99327  6310380  63.52
2005-2009       22      0.00025  0.00025  0.50   99317      25   99304  6211052  62.54
2005-2009       23      0.00024  0.00024  0.50   99292      24   99280  6111748  61.55
2005-2009       24      0.00033  0.00033  0.50   99268      33   99252  6012468  60.57
2005-2009       25      0.00027  0.00027  0.50   99236      26   99222  5913216  59.59
2005-2009       26      0.00026  0.00026  0.50   99209      25   99197  5813994  58.60
2005-2009       27      0.00032  0.00032  0.50   99184      32   99168  5714798  57.62
2005-2009       28      0.00026  0.00026  0.50   99152      25   99139  5615630  56.64
2005-2009       29      0.00036  0.00036  0.50   99126      35   99109  5516491  55.65
2005-2009       30      0.00035  0.00035  0.50   99091      34   99074  5417382  54.67
2005-2009       31      0.00037  0.00037  0.50   99056      37   99038  5318309  53.69
2005-2009       32      0.00045  0.00045  0.50   99020      45   98997  5219271  52.71
2005-2009       33      0.00035  0.00035  0.50   98975      34   98958  5120273  51.73
2005-2009       34      0.00047  0.00047  0.50   98940      46   98917  5021316  50.75
2005-2009       35      0.00049  0.00049  0.50   98894      48   98870  4922398  49.77
2005-2009       36      0.00055  0.00055  0.50   98846      54   98819  4823528  48.80
2005-2009       37      0.00058  0.00058  0.50   98792      57   98763  4724710  47.83
2005-2009       38      0.00069  0.00069  0.50   98734      68   98700  4625947  46.85
2005-2009       39      0.00075  0.00075  0.50   98667      74   98630  4527246  45.88
2005-2009       40      0.00068  0.00068  0.50   98593      67   98559  4428616  44.92
2005-2009       41      0.00080  0.00080  0.50   98526      79   98486  4330057  43.95
2005-2009       42      0.00085  0.00085  0.50   98447      84   98405  4231571  42.98
2005-2009       43      0.00098  0.00098  0.50   98363      96   98314  4133166  42.02
2005-2009       44      0.00108  0.00107  0.50   98266     106   98213  4034852  41.06
2005-2009       45      0.00115  0.00115  0.50   98161     113   98104  3936638  40.10
2005-2009       46      0.00137  0.00137  0.50   98048     134   97981  3838534  39.15
2005-2009       47      0.00129  0.00129  0.50   97914     126   97851  3740553  38.20
2005-2009       48      0.00136  0.00136  0.50   97788     133   97722  3642702  37.25
2005-2009       49      0.00156  0.00156  0.50   97655     153   97579  3544980  36.30
2005-2009       50      0.00179  0.00179  0.50   97503     174   97416  3447401  35.36
2005-2009       51      0.00204  0.00204  0.50   97329     199   97229  3349985  34.42
2005-2009       52      0.00216  0.00216  0.50   97130     210   97025  3252756  33.49
2005-2009       53      0.00221  0.00221  0.50   96920     214   96813  3155730  32.56
2005-2009       54      0.00252  0.00252  0.50   96706     244   96585  3058917  31.63
2005-2009       55      0.00267  0.00267  0.50   96463     257   96334  2962332  30.71
2005-2009       56      0.00271  0.00271  0.50   96205     260   96075  2865998  29.79
2005-2009       57      0.00299  0.00299  0.50   95945     287   95802  2769923  28.87
2005-2009       58      0.00345  0.00344  0.50   95658     330   95494  2674122  27.95
2005-2009       59      0.00348  0.00347  0.50   95329     331   95163  2578628  27.05
2005-2009       60      0.00415  0.00414  0.50   94998     393   94802  2483465  26.14
2005-2009       61      0.00432  0.00431  0.50   94605     408   94401  2388663  25.25
2005-2009       62      0.00499  0.00497  0.50   94197     468   93963  2294262  24.36
2005-2009       63      0.00527  0.00526  0.50   93728     493   93482  2200300  23.48
2005-2009       64      0.00553  0.00552  0.50   93235     515   92978  2106818  22.60
2005-2009       65      0.00584  0.00583  0.50   92721     540   92451  2013839  21.72
2005-2009       66      0.00735  0.00733  0.50   92181     675   91843  1921389  20.84
2005-2009       67      0.00738  0.00735  0.50   91505     673   91169  1829546  19.99
2005-2009       68      0.00841  0.00837  0.50   90832     760   90452  1738377  19.14
2005-2009       69      0.00910  0.00906  0.50   90072     816   89664  1647925  18.30
2005-2009       70      0.00988  0.00983  0.50   89256     877   88817  1558261  17.46
2005-2009       71      0.01196  0.01189  0.50   88378    1050   87853  1469444  16.63
2005-2009       72      0.01390  0.01380  0.50   87328    1205   86725  1381591  15.82
2005-2009       73      0.01461  0.01451  0.50   86123    1249   85498  1294866  15.04
2005-2009       74      0.01757  0.01741  0.50   84873    1478   84134  1209368  14.25
2005-2009       75      0.01906  0.01888  0.50   83395    1574   82608  1125234  13.49
2005-2009       76      0.02139  0.02116  0.50   81821    1731   80955  1042626  12.74
2005-2009       77      0.02428  0.02399  0.50   80089    1921   79129   961671  12.01
2005-2009       78      0.02780  0.02742  0.50   78168    2143   77096   882542  11.29
2005-2009       79      0.03207  0.03157  0.50   76025    2400   74825   805445  10.59
2005-2009       80      0.03673  0.03607  0.50   73625    2656   72297   730620   9.92
2005-2009       81      0.04123  0.04039  0.50   70969    2867   69536   658323   9.28
2005-2009       82      0.04795  0.04683  0.50   68102    3189   66508   588788   8.65
2005-2009       83      0.05356  0.05216  0.50   64913    3386   63220   522280   8.05
2005-2009       84      0.06338  0.06143  0.50   61527    3780   59637   459059   7.46
2005-2009       85      0.07045  0.06805  0.50   57747    3930   55783   399422   6.92
2005-2009       86      0.08220  0.07895  0.50   53818    4249   51693   343639   6.39
2005-2009       87      0.09601  0.09161  0.50   49569    4541   47298   291946   5.89
2005-2009       88      0.10987  0.10415  0.50   45027    4689   42683   244648   5.43
2005-2009       89      0.12228  0.11524  0.50   40338    4648   38014   201966   5.01
2005-2009       90      0.14209  0.13266  0.50   35690    4735   33322   163952   4.59
2005-2009       91      0.16343  0.15108  0.50   30955    4677   28617   130629   4.22
2005-2009       92      0.19016  0.17365  0.50   26278    4563   23997   102013   3.88
2005-2009       93      0.21218  0.19183  0.50   21715    4165   19632    78016   3.59
2005-2009       94      0.23164  0.20760  0.50   17549    3643   15728    58384   3.33
2005-2009       95      0.25900  0.22930  0.50   13906    3189   12312    42656   3.07
2005-2009       96      0.28873  0.25231  0.50   10717    2704    9365    30345   2.83
2005-2009       97      0.32041  0.27616  0.50    8013    2213    6907    20979   2.62
2005-2009       98      0.35383  0.30064  0.50    5800    1744    4928    14072   2.43
2005-2009       99      0.38874  0.32548  0.50    4057    1320    3396     9144   2.25
2005-2009      100      0.42483  0.35040  0.50    2736     959    2257     5747   2.10
2005-2009      101      0.46174  0.37513  0.50    1777     667    1444     3491   1.96
2005-2009      102      0.49908  0.39941  0.50    1111     444     889     2047   1.84
2005-2009      103      0.53642  0.42298  0.50     667     282     526     1158   1.74
2005-2009      104      0.57336  0.44561  0.50     385     172     299      632   1.64
2005-2009      105      0.60951  0.46714  0.50     213     100     164      333   1.56
2005-2009      106      0.64448  0.48742  0.50     114      55      86      169   1.49
2005-2009      107      0.67798  0.50634  0.50      58      30      44       83   1.42
2005-2009      108      0.70975  0.52385  0.50      29      15      21       39   1.37
2005-2009      109      0.73958  0.53992  0.50      14       7      10       18   1.33
2005-2009      110+     0.76736  1.00000  1.30       6       6       8        8   1.30
2010-2014        0      0.00279  0.00278  0.14  100000     278   99762  8492273  84.92
2010-2014        1      0.00022  0.00022  0.50   99722      22   99711  8392511  84.16
2010-2014        2      0.00007  0.00007  0.50   99700       7   99697  8292800  83.18
2010-2014        3      0.00008  0.00008  0.50   99694       8   99689  8193103  82.18
2010-2014        4      0.00010  0.00010  0.50   99685      10   99680  8093414  81.19
2010-2014        5      0.00006  0.00006  0.50   99675       6   99672  7993734  80.20
2010-2014        6      0.00006  0.00006  0.50   99669       6   99666  7894062  79.20
2010-2014        7      0.00008  0.00008  0.50   99663       8   99659  7794396  78.21
2010-2014        8      0.00004  0.00004  0.50   99655       4   99653  7694737  77.21
2010-2014        9      0.00010  0.00010  0.50   99651      10   99646  7595084  76.22
2010-2014       10      0.00006  0.00006  0.50   99641       6   99638  7495438  75.22
2010-2014       11      0.00006  0.00006  0.50   99635       6   99632  7395799  74.23
2010-2014       12      0.00006  0.00006  0.50   99630       6   99627  7296167  73.23
2010-2014       13      0.00009  0.00009  0.50   99624       9   99619  7196540  72.24
2010-2014       14      0.00012  0.00012  0.50   99614      12   99609  7096921  71.24
2010-2014       15      0.00013  0.00013  0.50   99603      13   99597  6997313  70.25
2010-2014       16      0.00021  0.00021  0.50   99590      21   99580  6897716  69.26
2010-2014       17      0.00016  0.00016  0.50   99570      16   99562  6798136  68.28
2010-2014       18      0.00021  0.00021  0.50   99554      21   99543  6698574  67.29
2010-2014       19      0.00025  0.00025  0.50   99533      25   99520  6599031  66.30
2010-2014       20      0.00023  0.00023  0.50   99508      23   99497  6499510  65.32
2010-2014       21      0.00016  0.00016  0.50   99485      16   99477  6400013  64.33
2010-2014       22      0.00023  0.00023  0.50   99469      23   99458  6300536  63.34
2010-2014       23      0.00017  0.00017  0.50   99446      17   99438  6201078  62.36
2010-2014       24      0.00022  0.00022  0.50   99429      22   99418  6101641  61.37
2010-2014       25      0.00023  0.00023  0.50   99407      23   99395  6002223  60.38
2010-2014       26      0.00027  0.00027  0.50   99384      27   99370  5902827  59.39
2010-2014       27      0.00022  0.00022  0.50   99357      22   99346  5803457  58.41
2010-2014       28      0.00019  0.00019  0.50   99335      19   99326  5704110  57.42
2010-2014       29      0.00031  0.00031  0.50   99316      31   99301  5604785  56.43
2010-2014       30      0.00028  0.00028  0.50   99286      28   99272  5505484  55.45
2010-2014       31      0.00035  0.00035  0.50   99257      34   99240  5406212  54.47
2010-2014       32      0.00036  0.00036  0.50   99223      36   99205  5306972  53.49
2010-2014       33      0.00040  0.00040  0.50   99187      40   99167  5207767  52.50
2010-2014       34      0.00046  0.00046  0.50   99147      45   99124  5108600  51.53
2010-2014       35      0.00046  0.00046  0.50   99102      45   99079  5009476  50.55
2010-2014       36      0.00046  0.00046  0.50   99057      46   99034  4910396  49.57
2010-2014       37      0.00051  0.00051  0.50   99011      50   98986  4811363  48.59
2010-2014       38      0.00061  0.00061  0.50   98960      60   98930  4712377  47.62
2010-2014       39      0.00071  0.00071  0.50   98900      70   98865  4613447  46.65
2010-2014       40      0.00070  0.00070  0.50   98829      69   98795  4514582  45.68
2010-2014       41      0.00068  0.00068  0.50   98760      67   98727  4415787  44.71
2010-2014       42      0.00085  0.00085  0.50   98693      84   98651  4317061  43.74
2010-2014       43      0.00081  0.00081  0.50   98609      80   98569  4218410  42.78
2010-2014       44      0.00085  0.00085  0.50   98528      84   98486  4119841  41.81
2010-2014       45      0.00088  0.00088  0.50   98444      87   98401  4021355  40.85
2010-2014       46      0.00110  0.00110  0.50   98358     108   98303  3922954  39.88
2010-2014       47      0.00123  0.00122  0.50   98249     120   98189  3824651  38.93
2010-2014       48      0.00143  0.00143  0.50   98129     140   98059  3726461  37.98
2010-2014       49      0.00169  0.00169  0.50   97989     166   97906  3628403  37.03
2010-2014       50      0.00139  0.00139  0.50   97823     136   97755  3530497  36.09
2010-2014       51      0.00171  0.00171  0.50   97687     167   97603  3432742  35.14
2010-2014       52      0.00198  0.00198  0.50   97520     193   97423  3335139  34.20
2010-2014       53      0.00216  0.00216  0.50   97327     210   97222  3237716  33.27
2010-2014       54      0.00246  0.00245  0.50   97117     238   96997  3140494  32.34
2010-2014       55      0.00250  0.00249  0.50   96878     241   96757  3043497  31.42
2010-2014       56      0.00260  0.00260  0.50   96637     251   96511  2946739  30.49
2010-2014       57      0.00289  0.00289  0.50   96386     278   96246  2850228  29.57
2010-2014       58      0.00289  0.00289  0.50   96107     278   95968  2753982  28.66
2010-2014       59      0.00325  0.00324  0.50   95830     311   95674  2658013  27.74
2010-2014       60      0.00372  0.00371  0.50   95519     354   95342  2562339  26.83
2010-2014       61      0.00388  0.00388  0.50   95165     369   94980  2466997  25.92
2010-2014       62      0.00440  0.00439  0.50   94796     417   94587  2372017  25.02
2010-2014       63      0.00464  0.00462  0.50   94379     436   94161  2277430  24.13
2010-2014       64      0.00554  0.00553  0.50   93943     519   93683  2183269  23.24
2010-2014       65      0.00557  0.00555  0.50   93424     519   93164  2089586  22.37
2010-2014       66      0.00592  0.00590  0.50   92905     548   92631  1996421  21.49
2010-2014       67      0.00655  0.00652  0.50   92357     603   92055  1903791  20.61
2010-2014       68      0.00732  0.00730  0.50   91754     670   91419  1811735  19.75
2010-2014       69      0.00829  0.00825  0.50   91085     752   90709  1720316  18.89
2010-2014       70      0.00936  0.00932  0.50   90333     842   89912  1629607  18.04
2010-2014       71      0.01077  0.01071  0.50   89491     959   89012  1539695  17.21
2010-2014       72      0.01128  0.01122  0.50   88532     993   88036  1450684  16.39
2010-2014       73      0.01327  0.01319  0.50   87539    1154   86962  1362648  15.57
2010-2014       74      0.01498  0.01487  0.50   86385    1285   85743  1275686  14.77
2010-2014       75      0.01680  0.01666  0.50   85100    1417   84392  1189943  13.98
2010-2014       76      0.01904  0.01886  0.50   83683    1578   82894  1105551  13.21
2010-2014       77      0.02068  0.02047  0.50   82105    1680   81264  1022658  12.46
2010-2014       78      0.02442  0.02413  0.50   80424    1940   79454   941393  11.71
2010-2014       79      0.02793  0.02755  0.50   78484    2162   77403   861939  10.98
2010-2014       80      0.03272  0.03220  0.50   76322    2457   75093   784537  10.28
2010-2014       81      0.03603  0.03539  0.50   73865    2614   72558   709443   9.60
2010-2014       82      0.04185  0.04100  0.50   71251    2921   69790   636886   8.94
2010-2014       83      0.05095  0.04969  0.50   68330    3395   66632   567096   8.30
2010-2014       84      0.05954  0.05782  0.50   64935    3755   63057   500464   7.71
2010-2014       85      0.06626  0.06413  0.50   61180    3924   59218   437406   7.15
2010-2014       86      0.07675  0.07391  0.50   57256    4232   55140   378188   6.61
2010-2014       87      0.08865  0.08489  0.50   53024    4501   50774   323048   6.09
2010-2014       88      0.10165  0.09674  0.50   48523    4694   46176   272274   5.61
2010-2014       89      0.11710  0.11062  0.50   43829    4849   41405   226097   5.16
2010-2014       90      0.13545  0.12686  0.50   38981    4945   36508   184692   4.74
2010-2014       91      0.15550  0.14428  0.50   34036    4911   31580   148184   4.35
2010-2014       92      0.17383  0.15993  0.50   29125    4658   26796   116604   4.00
2010-2014       93      0.19889  0.18090  0.50   24467    4426   22254    89808   3.67
2010-2014       94      0.22701  0.20387  0.50   20041    4086   17998    67554   3.37
2010-2014       95      0.25258  0.22426  0.50   15955    3578   14166    49556   3.11
2010-2014       96      0.28298  0.24790  0.50   12377    3068   10843    35389   2.86
2010-2014       97      0.31548  0.27250  0.50    9309    2537    8041    24546   2.64
2010-2014       98      0.34990  0.29780  0.50    6772    2017    5764    16506   2.44
2010-2014       99      0.38595  0.32352  0.50    4755    1538    3986    10742   2.26
2010-2014      100      0.42330  0.34936  0.50    3217    1124    2655     6756   2.10
2010-2014      101      0.46155  0.37501  0.50    2093     785    1701     4101   1.96
2010-2014      102      0.50025  0.40016  0.50    1308     523    1046     2400   1.83
2010-2014      103      0.53896  0.42455  0.50     785     333     618     1354   1.73
2010-2014      104      0.57719  0.44792  0.50     452     202     350      736   1.63
2010-2014      105      0.61453  0.47009  0.50     249     117     191      385   1.55
2010-2014      106      0.65056  0.49089  0.50     132      65     100      194   1.47
2010-2014      107      0.68496  0.51022  0.50      67      34      50       95   1.41
2010-2014      108      0.71743  0.52802  0.50      33      17      24       45   1.36
2010-2014      109      0.74780  0.54429  0.50      16       8      11       20   1.32
2010-2014      110+     0.77592  1.00000  1.29       7       7       9        9   1.29
2015-2016        0      0.00232  0.00232  0.14  100000     232   99802  8510987  85.11
2015-2016        1      0.00019  0.00019  0.50   99768      19   99759  8411185  84.31
2015-2016        2      0.00014  0.00014  0.50   99749      14   99742  8311427  83.32
2015-2016        3      0.00008  0.00008  0.50   99735       8   99731  8211685  82.34
2015-2016        4      0.00016  0.00016  0.50   99727      16   99719  8111954  81.34
2015-2016        5      0.00008  0.00008  0.50   99711       8   99707  8012235  80.35
2015-2016        6      0.00007  0.00007  0.50   99703       7   99700  7912527  79.36
2015-2016        7      0.00004  0.00004  0.50   99697       4   99695  7812827  78.37
2015-2016        8      0.00007  0.00007  0.50   99693       7   99690  7713132  77.37
2015-2016        9      0.00005  0.00005  0.50   99686       5   99683  7613443  76.37
2015-2016       10      0.00006  0.00006  0.50   99681       6   99678  7513759  75.38
2015-2016       11      0.00009  0.00009  0.50   99675       9   99671  7414081  74.38
2015-2016       12      0.00012  0.00012  0.50   99666      12   99660  7314411  73.39
2015-2016       13      0.00009  0.00009  0.50   99655       9   99650  7214750  72.40
2015-2016       14      0.00009  0.00009  0.50   99646       9   99641  7115100  71.40
2015-2016       15      0.00012  0.00012  0.50   99637      12   99631  7015459  70.41
2015-2016       16      0.00017  0.00017  0.50   99625      17   99616  6915828  69.42
2015-2016       17      0.00011  0.00011  0.50   99608      11   99602  6816212  68.43
2015-2016       18      0.00022  0.00022  0.50   99596      22   99586  6716610  67.44
2015-2016       19      0.00022  0.00022  0.50   99575      21   99564  6617024  66.45
2015-2016       20      0.00022  0.00022  0.50   99553      22   99543  6517460  65.47
2015-2016       21      0.00013  0.00013  0.50   99532      13   99525  6417917  64.48
2015-2016       22      0.00024  0.00024  0.50   99519      24   99507  6318392  63.49
2015-2016       23      0.00025  0.00025  0.50   99495      24   99483  6218885  62.50
2015-2016       24      0.00003  0.00003  0.50   99470       3   99469  6119402  61.52
2015-2016       25      0.00015  0.00015  0.50   99467      15   99460  6019933  60.52
2015-2016       26      0.00030  0.00030  0.50   99453      30   99438  5920473  59.53
2015-2016       27      0.00014  0.00014  0.50   99423      14   99416  5821036  58.55
2015-2016       28      0.00024  0.00024  0.50   99409      24   99397  5721620  57.56
2015-2016       29      0.00021  0.00021  0.50   99385      21   99375  5622223  56.57
2015-2016       30      0.00019  0.00019  0.50   99364      19   99355  5522848  55.58
2015-2016       31      0.00038  0.00038  0.50   99345      38   99326  5423494  54.59
2015-2016       32      0.00030  0.00030  0.50   99307      30   99292  5324167  53.61
2015-2016       33      0.00037  0.00037  0.50   99277      37   99259  5224875  52.63
2015-2016       34      0.00038  0.00038  0.50   99240      38   99221  5125617  51.65
2015-2016       35      0.00060  0.00060  0.50   99202      59   99173  5026395  50.67
2015-2016       36      0.00047  0.00047  0.50   99143      46   99120  4927223  49.70
2015-2016       37      0.00051  0.00051  0.50   99096      50   99071  4828103  48.72
2015-2016       38      0.00053  0.00053  0.50   99046      53   99020  4729032  47.75
2015-2016       39      0.00067  0.00067  0.50   98994      67   98960  4630012  46.77
2015-2016       40      0.00067  0.00067  0.50   98927      66   98894  4531052  45.80
2015-2016       41      0.00074  0.00074  0.50   98861      73   98824  4432158  44.83
2015-2016       42      0.00086  0.00086  0.50   98787      85   98745  4333334  43.87
2015-2016       43      0.00105  0.00105  0.50   98703     103   98651  4234589  42.90
2015-2016       44      0.00108  0.00108  0.50   98599     106   98546  4135938  41.95
2015-2016       45      0.00115  0.00115  0.50   98493     113   98437  4037392  40.99
2015-2016       46      0.00123  0.00123  0.50   98380     121   98320  3938955  40.04
2015-2016       47      0.00109  0.00109  0.50   98259     107   98205  3840636  39.09
2015-2016       48      0.00140  0.00140  0.50   98152     138   98083  3742430  38.13
2015-2016       49      0.00139  0.00139  0.50   98014     136   97946  3644348  37.18
2015-2016       50      0.00149  0.00149  0.50   97877     146   97805  3546402  36.23
2015-2016       51      0.00151  0.00150  0.50   97732     147   97658  3448597  35.29
2015-2016       52      0.00203  0.00203  0.50   97585     198   97486  3350939  34.34
2015-2016       53      0.00206  0.00206  0.50   97386     200   97286  3253454  33.41
2015-2016       54      0.00235  0.00235  0.50   97186     229   97072  3156167  32.48
2015-2016       55      0.00258  0.00258  0.50   96958     250   96833  3059096  31.55
2015-2016       56      0.00253  0.00252  0.50   96708     244   96586  2962263  30.63
2015-2016       57      0.00295  0.00295  0.50   96464     284   96321  2865677  29.71
2015-2016       58      0.00299  0.00299  0.50   96179     287   96035  2769356  28.79
2015-2016       59      0.00353  0.00352  0.50   95892     338   95723  2673320  27.88
2015-2016       60      0.00372  0.00371  0.50   95554     355   95377  2577598  26.98
2015-2016       61      0.00360  0.00360  0.50   95199     342   95028  2482221  26.07
2015-2016       62      0.00436  0.00435  0.50   94857     412   94651  2387193  25.17
2015-2016       63      0.00452  0.00451  0.50   94444     426   94231  2292542  24.27
2015-2016       64      0.00468  0.00467  0.50   94018     439   93799  2198311  23.38
2015-2016       65      0.00537  0.00536  0.50   93579     501   93328  2104513  22.49
2015-2016       66      0.00572  0.00570  0.50   93077     531   92812  2011184  21.61
2015-2016       67      0.00718  0.00716  0.50   92547     662   92216  1918372  20.73
2015-2016       68      0.00800  0.00797  0.50   91885     733   91518  1826156  19.87
2015-2016       69      0.00783  0.00780  0.50   91152     711   90797  1734638  19.03
2015-2016       70      0.00869  0.00865  0.50   90441     782   90050  1643842  18.18
2015-2016       71      0.01045  0.01039  0.50   89659     932   89193  1553792  17.33
2015-2016       72      0.01100  0.01094  0.50   88727     971   88241  1464599  16.51
2015-2016       73      0.01331  0.01322  0.50   87756    1160   87176  1376358  15.68
2015-2016       74      0.01453  0.01443  0.50   86596    1249   85971  1289182  14.89
2015-2016       75      0.01683  0.01669  0.50   85347    1425   84634  1203211  14.10
2015-2016       76      0.01874  0.01857  0.50   83922    1558   83143  1118576  13.33
2015-2016       77      0.01993  0.01973  0.50   82364    1625   81551  1035433  12.57
2015-2016       78      0.02541  0.02509  0.50   80739    2026   79726   953882  11.81
2015-2016       79      0.02728  0.02692  0.50   78713    2119   77654   874156  11.11
2015-2016       80      0.03201  0.03150  0.50   76595    2413   75388   796502  10.40
2015-2016       81      0.03525  0.03464  0.50   74182    2570   72897   721114   9.72
2015-2016       82      0.04355  0.04262  0.50   71612    3052   70086   648217   9.05
2015-2016       83      0.04707  0.04599  0.50   68560    3153   66983   578131   8.43
2015-2016       84      0.05665  0.05509  0.50   65407    3603   63605   511148   7.81
2015-2016       85      0.06791  0.06568  0.50   61804    4059   59774   447542   7.24
2015-2016       86      0.07469  0.07200  0.50   57744    4157   55666   387768   6.72
2015-2016       87      0.08794  0.08424  0.50   53587    4514   51330   332102   6.20
2015-2016       88      0.09811  0.09352  0.50   49073    4589   46778   280773   5.72
2015-2016       89      0.11083  0.10501  0.50   44483    4671   42148   233994   5.26
2015-2016       90      0.13424  0.12580  0.50   39812    5008   37308   191847   4.82
2015-2016       91      0.14948  0.13909  0.50   34804    4841   32383   154539   4.44
2015-2016       92      0.16759  0.15463  0.50   29963    4633   27646   122155   4.08
2015-2016       93      0.19387  0.17674  0.50   25330    4477   23091    94509   3.73
2015-2016       94      0.22515  0.20237  0.50   20853    4220   18743    71418   3.42
2015-2016       95      0.24620  0.21922  0.50   16633    3646   14810    52675   3.17
2015-2016       96      0.27591  0.24246  0.50   12987    3149   11412    37865   2.92
2015-2016       97      0.30774  0.26670  0.50    9838    2624    8526    26453   2.69
2015-2016       98      0.34150  0.29170  0.50    7214    2104    6162    17927   2.48
2015-2016       99      0.37696  0.31718  0.50    5110    1621    4299    11765   2.30
2015-2016      100      0.41378  0.34285  0.50    3489    1196    2891     7465   2.14
2015-2016      101      0.45159  0.36841  0.50    2293     845    1871     4574   2.00
2015-2016      102      0.48997  0.39355  0.50    1448     570    1163     2704   1.87
2015-2016      103      0.52847  0.41801  0.50     878     367     695     1541   1.75
2015-2016      104      0.56663  0.44153  0.50     511     226     398      846   1.66
2015-2016      105      0.60402  0.46391  0.50     285     132     219      448   1.57
2015-2016      106      0.64023  0.48498  0.50     153      74     116      228   1.49
2015-2016      107      0.67491  0.50462  0.50      79      40      59      113   1.43
2015-2016      108      0.70777  0.52277  0.50      39      20      29       54   1.37
2015-2016      109      0.73860  0.53940  0.50      19      10      14       25   1.33
2015-2016      110+     0.76724  1.00000  1.30       9       9      11       11   1.30
