VIC, Life tables (period 5x1), Males	Last modified: 02 Jul 2018;  Methods Protocol: v6 (2017)

  Year          Age         mx       qx    ax      lx      dx      Lx       Tx     ex
  1971           0      0.01598  0.01576  0.12  100000    1576   98609  6861012  68.61
  1971         1-4      0.00072  0.00286  1.80   98424     281  393077  6762403  68.71
  1971         5-9      0.00048  0.00242  2.36   98143     237  490086  6369325  64.90
  1971        10-14     0.00032  0.00160  2.31   97905     157  489105  5879239  60.05
  1971        15-19     0.00138  0.00690  3.03   97748     675  487410  5390135  55.14
  1971        20-24     0.00190  0.00944  2.33   97074     916  482927  4902725  50.51
  1971        25-29     0.00116  0.00576  2.54   96158     554  479424  4419798  45.96
  1971        30-34     0.00144  0.00716  2.32   95604     685  476183  3940374  41.22
  1971        35-39     0.00200  0.00997  2.50   94919     946  472233  3464191  36.50
  1971        40-44     0.00316  0.01568  2.80   93973    1474  466623  2991957  31.84
  1971        45-49     0.00631  0.03110  2.74   92499    2876  455990  2525334  27.30
  1971        50-54     0.01007  0.04924  2.75   89623    4413  438176  2069344  23.09
  1971        55-59     0.01628  0.07846  2.69   85210    6686  410629  1631168  19.14
  1971        60-64     0.02561  0.12083  2.66   78524    9488  370448  1220539  15.54
  1971        65-69     0.04203  0.19107  2.62   69036   13190  313841   850090  12.31
  1971        70-74     0.06221  0.26937  2.51   55845   15043  241821   536250   9.60
  1971        75-79     0.10157  0.40174  2.40   40802   16392  161383   294429   7.22
  1971        80-84     0.14670  0.53119  2.40   24410   12966   88388   133045   5.45
  1971        85-89     0.23150  0.70537  2.23   11444    8072   34869    44657   3.90
  1971        90-94     0.32702  0.82283  1.98    3372    2774    8484     9788   2.90
  1971        95-99     0.44854  0.90963  1.73     597     543    1211     1304   2.18
  1971       100-104    0.57705  0.95586  1.50      54      52      89       93   1.72
  1971       105-109    0.69698  0.97740  1.32       2       2       3        3   1.43
  1971       110+       0.78438  1.00000  1.27       0       0       0        0   1.27
  1972           0      0.01626  0.01603  0.12  100000    1603   98584  6921165  69.21
  1972         1-4      0.00093  0.00373  1.64   98397     367  392721  6822581  69.34
  1972         5-9      0.00042  0.00209  2.40   98030     205  489616  6429860  65.59
  1972        10-14     0.00040  0.00200  2.60   97825     196  488655  5940244  60.72
  1972        15-19     0.00130  0.00648  3.07   97629     633  486926  5451589  55.84
  1972        20-24     0.00159  0.00793  2.41   96996     770  482989  4964663  51.18
  1972        25-29     0.00103  0.00511  2.54   96226     492  479921  4481674  46.57
  1972        30-34     0.00119  0.00591  2.71   95735     566  477377  4001753  41.80
  1972        35-39     0.00200  0.00994  2.75   95169     946  473718  3524376  37.03
  1972        40-44     0.00337  0.01673  2.84   94222    1576  467715  3050658  32.38
  1972        45-49     0.00564  0.02786  2.75   92646    2581  457434  2582943  27.88
  1972        50-54     0.00901  0.04416  2.73   90065    3977  441279  2125509  23.60
  1972        55-59     0.01580  0.07627  2.73   86087    6566  415511  1684230  19.56
  1972        60-64     0.02423  0.11472  2.69   79522    9122  376505  1268720  15.95
  1972        65-69     0.03845  0.17615  2.63   70399   12401  322547   892214  12.67
  1972        70-74     0.06148  0.26801  2.61   57999   15544  252835   569667   9.82
  1972        75-79     0.09738  0.39068  2.47   42454   16586  170321   316832   7.46
  1972        80-84     0.14152  0.51492  2.36   25868   13320   94120   146511   5.66
  1972        85-89     0.20872  0.65875  2.20   12548    8266   39603    52391   4.18
  1972        90-94     0.31914  0.80569  1.93    4282    3450   10810    12788   2.99
  1972        95-99     0.40974  0.88682  1.80     832     738    1801     1977   2.38
  1972       100-104    0.52758  0.94113  1.58      94      89     168      177   1.88
  1972       105-109    0.64316  0.96909  1.40       6       5       8        9   1.55
  1972       110+       0.73149  1.00000  1.37       0       0       0        0   1.37
  1973           0      0.01524  0.01504  0.12  100000    1504   98675  6930742  69.31
  1973         1-4      0.00082  0.00329  1.63   98496     324  393216  6832067  69.36
  1973         5-9      0.00049  0.00246  2.36   98172     241  490221  6438851  65.59
  1973        10-14     0.00039  0.00195  2.62   97930     191  489197  5948631  60.74
  1973        15-19     0.00122  0.00607  3.06   97739     594  487546  5459434  55.86
  1973        20-24     0.00153  0.00761  2.30   97146     739  483732  4971888  51.18
  1973        25-29     0.00116  0.00579  2.56   96406     558  480668  4488156  46.55
  1973        30-34     0.00116  0.00580  2.62   95848     556  477919  4007488  41.81
  1973        35-39     0.00191  0.00950  2.94   95292     905  474597  3529569  37.04
  1973        40-44     0.00312  0.01549  2.82   94387    1462  468753  3054972  32.37
  1973        45-49     0.00614  0.03026  2.64   92925    2812  457997  2586218  27.83
  1973        50-54     0.00888  0.04350  2.71   90113    3920  441576  2128221  23.62
  1973        55-59     0.01526  0.07379  2.75   86194    6360  416671  1686645  19.57
  1973        60-64     0.02372  0.11223  2.61   79834    8960  377743  1269975  15.91
  1973        65-69     0.03899  0.17860  2.65   70874   12658  324669   892232  12.59
  1973        70-74     0.06038  0.26334  2.57   58216   15331  253886   567562   9.75
  1973        75-79     0.10093  0.40329  2.51   42885   17295  171362   313676   7.31
  1973        80-84     0.14693  0.53392  2.44   25590   13663   92992   142314   5.56
  1973        85-89     0.21177  0.67446  2.31   11927    8044   37986    49322   4.14
  1973        90-94     0.32561  0.81802  1.96    3883    3176    9755    11336   2.92
  1973        95-99     0.43686  0.90336  1.75     707     638    1461     1581   2.24
  1973       100-104    0.56327  0.95221  1.52      68      65     115      120   1.76
  1973       105-109    0.68296  0.97550  1.34       3       3       5        5   1.46
  1973       110+       0.77133  1.00000  1.30       0       0       0        0   1.30
  1974           0      0.01755  0.01728  0.11  100000    1728   98470  6921250  69.21
  1974         1-4      0.00081  0.00322  1.70   98272     316  392363  6822781  69.43
  1974         5-9      0.00040  0.00198  2.34   97956     194  489264  6430418  65.65
  1974        10-14     0.00043  0.00217  2.79   97762     212  488342  5941154  60.77
  1974        15-19     0.00146  0.00726  3.04   97550     708  486361  5452812  55.90
  1974        20-24     0.00151  0.00752  2.34   96842     728  482274  4966451  51.28
  1974        25-29     0.00121  0.00603  2.38   96114     580  479053  4484176  46.65
  1974        30-34     0.00131  0.00654  2.62   95534     625  476186  4005124  41.92
  1974        35-39     0.00179  0.00892  2.81   94910     846  472698  3528938  37.18
  1974        40-44     0.00288  0.01431  2.74   94063    1346  467273  3056240  32.49
  1974        45-49     0.00536  0.02647  2.81   92717    2454  458213  2588967  27.92
  1974        50-54     0.00950  0.04650  2.73   90263    4197  441771  2130754  23.61
  1974        55-59     0.01520  0.07347  2.76   86066    6324  416138  1688983  19.62
  1974        60-64     0.02469  0.11664  2.64   79742    9301  376757  1272845  15.96
  1974        65-69     0.03882  0.17763  2.61   70441   12512  322296   896088  12.72
  1974        70-74     0.05950  0.26098  2.65   57929   15118  254071   573792   9.91
  1974        75-79     0.09819  0.39500  2.53   42811   16911  172228   319721   7.47
  1974        80-84     0.14161  0.51645  2.38   25900   13376   94459   147493   5.69
  1974        85-89     0.21071  0.66441  2.22   12524    8321   39490    53034   4.23
  1974        90-94     0.29152  0.78272  2.04    4203    3290   11285    13544   3.22
  1974        95-99     0.39256  0.87493  1.83     913     799    2035     2259   2.47
  1974       100-104    0.50376  0.93235  1.62     114     106     211      224   1.96
  1974       105-109    0.61515  0.96360  1.44       8       7      12       13   1.62
  1974       110+       0.70199  1.00000  1.42       0       0       0        0   1.42
  1975           0      0.01494  0.01475  0.12  100000    1475   98701  7002534  70.03
  1975         1-4      0.00071  0.00284  1.72   98525     280  393460  6903833  70.07
  1975         5-9      0.00032  0.00158  2.23   98245     156  490792  6510373  66.27
  1975        10-14     0.00037  0.00187  3.01   98089     183  490080  6019581  61.37
  1975        15-19     0.00136  0.00676  3.12   97906     662  488282  5529501  56.48
  1975        20-24     0.00153  0.00763  2.34   97244     742  484245  5041219  51.84
  1975        25-29     0.00109  0.00545  2.30   96502     526  481089  4556974  47.22
  1975        30-34     0.00111  0.00553  2.52   95976     531  478567  4075885  42.47
  1975        35-39     0.00170  0.00845  2.87   95446     806  475509  3597318  37.69
  1975        40-44     0.00310  0.01542  2.81   94639    1459  470002  3121809  32.99
  1975        45-49     0.00523  0.02583  2.74   93180    2407  460470  2651807  28.46
  1975        50-54     0.00897  0.04396  2.70   90774    3991  444671  2191337  24.14
  1975        55-59     0.01465  0.07084  2.68   86783    6148  419666  1746666  20.13
  1975        60-64     0.02322  0.10994  2.58   80635    8865  381753  1327000  16.46
  1975        65-69     0.03641  0.16737  2.59   71770   12012  329932   945247  13.17
  1975        70-74     0.05788  0.25431  2.62   59758   15197  262575   615314  10.30
  1975        75-79     0.08484  0.35075  2.53   44561   15630  184221   352740   7.92
  1975        80-84     0.13468  0.49961  2.42   28931   14454  107324   168519   5.82
  1975        85-89     0.21107  0.66330  2.20   14477    9602   45493    61194   4.23
  1975        90-94     0.29053  0.78382  2.06    4874    3821   13151    15701   3.22
  1975        95-99     0.40161  0.88178  1.82    1054     929    2314     2550   2.42
  1975       100-104    0.52062  0.93891  1.60     125     117     225      237   1.90
  1975       105-109    0.63808  0.96826  1.40       8       7      12       12   1.56
  1975       110+       0.72807  1.00000  1.37       0       0       0        0   1.37
  1976           0      0.01195  0.01183  0.13  100000    1183   98966  7000635  70.01
  1976         1-4      0.00070  0.00278  1.61   98817     274  394614  6901669  69.84
  1976         5-9      0.00032  0.00160  2.68   98543     158  492349  6507054  66.03
  1976        10-14     0.00033  0.00167  2.96   98385     164  491592  6014705  61.13
  1976        15-19     0.00126  0.00629  3.12   98221     618  489945  5523113  56.23
  1976        20-24     0.00150  0.00749  2.40   97603     731  486116  5033168  51.57
  1976        25-29     0.00114  0.00567  2.50   96873     549  482991  4547052  46.94
  1976        30-34     0.00113  0.00566  2.81   96323     545  480424  4064061  42.19
  1976        35-39     0.00179  0.00891  2.58   95779     854  476823  3583637  37.42
  1976        40-44     0.00313  0.01553  2.88   94925    1474  471494  3106813  32.73
  1976        45-49     0.00489  0.02419  2.73   93451    2261  462119  2635319  28.20
  1976        50-54     0.00885  0.04341  2.74   91190    3958  447024  2173201  23.83
  1976        55-59     0.01481  0.07162  2.70   87232    6247  421792  1726176  19.79
  1976        60-64     0.02371  0.11226  2.64   80985    9091  383461  1304385  16.11
  1976        65-69     0.03792  0.17370  2.59   71894   12488  329342   920923  12.81
  1976        70-74     0.05818  0.25510  2.59   59406   15155  260471   591581   9.96
  1976        75-79     0.09532  0.38380  2.46   44251   16984  178174   331110   7.48
  1976        80-84     0.14423  0.52366  2.39   27267   14279   98999   152936   5.61
  1976        85-89     0.21477  0.67438  2.24   12989    8759   40784    53936   4.15
  1976        90-94     0.30217  0.79954  2.06    4229    3382   11191    13152   3.11
  1976        95-99     0.42167  0.89434  1.78     848     758    1798     1962   2.31
  1976       100-104    0.54279  0.94610  1.56      90      85     156      163   1.82
  1976       105-109    0.65990  0.97195  1.37       5       5       7        7   1.51
  1976       110+       0.74821  1.00000  1.34       0       0       0        0   1.34
  1977           0      0.01296  0.01282  0.12  100000    1282   98876  7042856  70.43
  1977         1-4      0.00061  0.00245  1.93   98718     242  394373  6943980  70.34
  1977         5-9      0.00035  0.00172  2.16   98476     170  491900  6549606  66.51
  1977        10-14     0.00037  0.00184  2.61   98307     181  491101  6057706  61.62
  1977        15-19     0.00129  0.00641  3.23   98126     629  489513  5566605  56.73
  1977        20-24     0.00174  0.00868  2.42   97496     846  485302  5077092  52.07
  1977        25-29     0.00117  0.00583  2.54   96650     564  481862  4591790  47.51
  1977        30-34     0.00124  0.00616  2.69   96086     592  479062  4109928  42.77
  1977        35-39     0.00171  0.00853  2.78   95494     814  475660  3630867  38.02
  1977        40-44     0.00290  0.01440  2.82   94680    1364  470432  3155207  33.33
  1977        45-49     0.00544  0.02688  2.67   93316    2508  460736  2684775  28.77
  1977        50-54     0.00882  0.04319  2.67   90808    3922  444891  2224039  24.49
  1977        55-59     0.01324  0.06415  2.59   86885    5573  420998  1779148  20.48
  1977        60-64     0.02225  0.10575  2.66   81312    8599  386433  1358149  16.70
  1977        65-69     0.03500  0.16185  2.68   72713   11769  336236   971716  13.36
  1977        70-74     0.05543  0.24500  2.63   60944   14931  269370   635480  10.43
  1977        75-79     0.08516  0.35060  2.48   46013   16132  189443   366111   7.96
  1977        80-84     0.13423  0.50039  2.46   29881   14952  111395   176667   5.91
  1977        85-89     0.20189  0.64838  2.24   14929    9680   47944    65272   4.37
  1977        90-94     0.28301  0.77290  2.06    5249    4057   14336    17328   3.30
  1977        95-99     0.38610  0.87079  1.85    1192    1038    2689     2992   2.51
  1977       100-104    0.50052  0.93140  1.63     154     143     287      304   1.97
  1977       105-109    0.61550  0.96383  1.44      11      10      17       17   1.62
  1977       110+       0.70500  1.00000  1.42       0       0       1        1   1.42
  1978           0      0.01138  0.01126  0.13  100000    1126   99016  7089865  70.90
  1978         1-4      0.00067  0.00269  1.50   98874     266  394828  6990849  70.70
  1978         5-9      0.00037  0.00182  2.23   98607     180  492538  6596021  66.89
  1978        10-14     0.00028  0.00141  3.16   98428     138  491883  6103482  62.01
  1978        15-19     0.00126  0.00631  3.08   98289     620  490258  5611600  57.09
  1978        20-24     0.00174  0.00868  2.27   97669     848  486034  5121341  52.44
  1978        25-29     0.00121  0.00605  2.53   96822     585  482662  4635307  47.87
  1978        30-34     0.00099  0.00496  2.49   96237     477  479984  4152645  43.15
  1978        35-39     0.00150  0.00748  2.72   95760     717  477162  3672661  38.35
  1978        40-44     0.00281  0.01397  2.79   95043    1328  472280  3195499  33.62
  1978        45-49     0.00460  0.02279  2.80   93715    2135  463870  2723219  29.06
  1978        50-54     0.00809  0.03968  2.65   91580    3634  449342  2259349  24.67
  1978        55-59     0.01375  0.06664  2.69   87945    5860  426182  1810007  20.58
  1978        60-64     0.02228  0.10594  2.68   82085    8696  390217  1383825  16.86
  1978        65-69     0.03404  0.15785  2.70   73389   11584  340286   993607  13.54
  1978        70-74     0.05408  0.23958  2.62   61805   14807  273816   653322  10.57
  1978        75-79     0.08304  0.34375  2.50   46998   16156  194550   379505   8.07
  1978        80-84     0.13490  0.49982  2.41   30842   15415  114271   184955   6.00
  1978        85-89     0.18778  0.61801  2.23   15427    9534   50772    70684   4.58
  1978        90-94     0.27659  0.76212  2.05    5893    4491   16237    19912   3.38
  1978        95-99     0.36849  0.85697  1.88    1402    1201    3260     3675   2.62
  1978       100-104    0.47576  0.92078  1.67     200     185     388      415   2.07
  1978       105-109    0.58574  0.95698  1.48      16      15      26       27   1.70
  1978       110+       0.67290  1.00000  1.49       1       1       1        1   1.49
  1979           0      0.01237  0.01224  0.12  100000    1224   98928  7098143  70.98
  1979         1-4      0.00062  0.00249  1.91   98776     246  394590  6999215  70.86
  1979         5-9      0.00032  0.00159  2.28   98530     156  492226  6604625  67.03
  1979        10-14     0.00039  0.00197  2.69   98374     194  491421  6112399  62.13
  1979        15-19     0.00119  0.00592  3.13   98180     582  489812  5620978  57.25
  1979        20-24     0.00156  0.00775  2.60   97598     756  486180  5131167  52.57
  1979        25-29     0.00117  0.00584  2.61   96842     565  482861  4644987  47.96
  1979        30-34     0.00132  0.00658  2.44   96277     634  479759  4162126  43.23
  1979        35-39     0.00169  0.00840  2.54   95643     804  476234  3682367  38.50
  1979        40-44     0.00256  0.01270  2.74   94839    1205  471472  3206133  33.81
  1979        45-49     0.00478  0.02362  2.65   93635    2211  462969  2734660  29.21
  1979        50-54     0.00855  0.04189  2.64   91424    3829  448080  2271692  24.85
  1979        55-59     0.01344  0.06523  2.72   87594    5713  424965  1823612  20.82
  1979        60-64     0.02176  0.10351  2.65   81881    8475  389460  1398647  17.08
  1979        65-69     0.03414  0.15790  2.63   73405   11591  339540  1009186  13.75
  1979        70-74     0.05274  0.23407  2.60   61815   14469  274327   669646  10.83
  1979        75-79     0.07959  0.33240  2.52   47346   15738  197733   395319   8.35
  1979        80-84     0.12450  0.47636  2.54   31608   15057  120941   197586   6.25
  1979        85-89     0.18570  0.61818  2.30   16551   10232   55097    76645   4.63
  1979        90-94     0.27063  0.76148  2.13    6319    4812   17781    21548   3.41
  1979        95-99     0.38731  0.87265  1.85    1507    1315    3396     3767   2.50
  1979       100-104    0.51091  0.93592  1.61     192     180     352      371   1.93
  1979       105-109    0.63401  0.96775  1.41      12      12      19       19   1.57
  1979       110+       0.72834  1.00000  1.37       0       0       1        1   1.37
  1980           0      0.01081  0.01071  0.13  100000    1071   99066  7136016  71.36
  1980         1-4      0.00061  0.00243  1.67   98929     241  395155  7036950  71.13
  1980         5-9      0.00031  0.00153  2.72   98688     151  493097  6641795  67.30
  1980        10-14     0.00034  0.00171  2.56   98537     169  492276  6148699  62.40
  1980        15-19     0.00102  0.00510  3.10   98369     501  490895  5656423  57.50
  1980        20-24     0.00147  0.00731  2.41   97868     715  487485  5165528  52.78
  1980        25-29     0.00121  0.00603  2.49   97153     586  484289  4678043  48.15
  1980        30-34     0.00115  0.00573  2.58   96567     553  481497  4193754  43.43
  1980        35-39     0.00139  0.00690  2.63   96013     663  478493  3712257  38.66
  1980        40-44     0.00255  0.01267  2.87   95350    1208  474176  3233764  33.91
  1980        45-49     0.00477  0.02358  2.65   94142    2220  465504  2759588  29.31
  1980        50-54     0.00818  0.04013  2.60   91923    3689  450775  2294084  24.96
  1980        55-59     0.01267  0.06157  2.69   88234    5432  428624  1843309  20.89
  1980        60-64     0.02092  0.09987  2.74   82801    8269  395325  1414686  17.09
  1980        65-69     0.03349  0.15506  2.62   74532   11557  345111  1019361  13.68
  1980        70-74     0.05185  0.23080  2.62   62975   14535  280337   674250  10.71
  1980        75-79     0.08319  0.34556  2.55   48441   16739  201207   393913   8.13
  1980        80-84     0.13296  0.49212  2.36   31701   15601  117333   192706   6.08
  1980        85-89     0.18437  0.61621  2.31   16100    9921   53811    75373   4.68
  1980        90-94     0.26545  0.75157  2.11    6179    4644   17495    21562   3.49
  1980        95-99     0.36430  0.85362  1.89    1535    1310    3597     4067   2.65
  1980       100-104    0.47096  0.91863  1.68     225     206     438      470   2.09
  1980       105-109    0.58075  0.95576  1.49      18      17      30       31   1.71
  1980       110+       0.66799  1.00000  1.50       1       1       1        1   1.50
  1981           0      0.01026  0.01017  0.13  100000    1017   99114  7198813  71.99
  1981         1-4      0.00066  0.00264  1.85   98983     261  395370  7099699  71.73
  1981         5-9      0.00026  0.00128  2.22   98721     126  493256  6704329  67.91
  1981        10-14     0.00031  0.00157  2.65   98595     155  492612  6211073  63.00
  1981        15-19     0.00100  0.00497  3.15   98440     489  491298  5718461  58.09
  1981        20-24     0.00123  0.00615  2.38   97951     602  488180  5227163  53.37
  1981        25-29     0.00111  0.00552  2.45   97349     538  485375  4738983  48.68
  1981        30-34     0.00120  0.00598  2.63   96812     579  482686  4253608  43.94
  1981        35-39     0.00128  0.00640  2.82   96233     616  479821  3770922  39.19
  1981        40-44     0.00248  0.01235  2.75   95616    1181  475421  3291101  34.42
  1981        45-49     0.00415  0.02057  2.82   94436    1942  467943  2815680  29.82
  1981        50-54     0.00754  0.03706  2.72   92493    3428  454665  2347737  25.38
  1981        55-59     0.01243  0.06041  2.66   89066    5380  432725  1893072  21.25
  1981        60-64     0.01933  0.09257  2.71   83685    7747  400667  1460346  17.45
  1981        65-69     0.03174  0.14745  2.59   75939   11197  352762  1059680  13.95
  1981        70-74     0.05069  0.22583  2.58   64741   14620  288398   706917  10.92
  1981        75-79     0.08101  0.33665  2.49   50121   16873  208289   418520   8.35
  1981        80-84     0.12378  0.47050  2.45   33248   15643  126381   210231   6.32
  1981        85-89     0.17711  0.59385  2.23   17605   10455   59028    83850   4.76
  1981        90-94     0.26718  0.75349  2.11    7150    5388   20165    24822   3.47
  1981        95-99     0.36476  0.85474  1.89    1763    1507    4130     4657   2.64
  1981       100-104    0.47805  0.92231  1.67     256     236     494      527   2.06
  1981       105-109    0.59416  0.95927  1.47      20      19      32       33   1.67
  1981       110+       0.68569  1.00000  1.46       1       1       1        1   1.46
  1982           0      0.01175  0.01163  0.13  100000    1163   98983  7162898  71.63
  1982         1-4      0.00058  0.00230  1.73   98837     227  394831  7063915  71.47
  1982         5-9      0.00040  0.00198  2.42   98609     196  492542  6669084  67.63
  1982        10-14     0.00039  0.00193  2.69   98414     190  491629  6176542  62.76
  1982        15-19     0.00104  0.00520  3.13   98224     511  490162  5684913  57.88
  1982        20-24     0.00137  0.00684  2.53   97713     668  486913  5194751  53.16
  1982        25-29     0.00130  0.00650  2.61   97045     630  483715  4707838  48.51
  1982        30-34     0.00105  0.00525  2.69   96414     506  480902  4224122  43.81
  1982        35-39     0.00139  0.00692  2.67   95909     664  477994  3743220  39.03
  1982        40-44     0.00214  0.01064  2.80   95245    1013  473994  3265226  34.28
  1982        45-49     0.00446  0.02208  2.74   94231    2081  466448  2791232  29.62
  1982        50-54     0.00741  0.03642  2.70   92151    3356  453047  2324784  25.23
  1982        55-59     0.01276  0.06194  2.66   88795    5500  431087  1871737  21.08
  1982        60-64     0.01956  0.09349  2.65   83295    7787  398158  1440649  17.30
  1982        65-69     0.03167  0.14716  2.60   75508   11112  350908  1042491  13.81
  1982        70-74     0.04978  0.22285  2.65   64396   14351  288258   691583  10.74
  1982        75-79     0.08326  0.34476  2.51   50045   17254  207215   403325   8.06
  1982        80-84     0.12918  0.48620  2.46   32791   15943  123415   196111   5.98
  1982        85-89     0.20099  0.64653  2.24   16848   10893   54196    72695   4.31
  1982        90-94     0.30255  0.79550  2.02    5955    4737   15659    18499   3.11
  1982        95-99     0.41756  0.89284  1.79    1218    1087    2604     2840   2.33
  1982       100-104    0.54762  0.94810  1.55     131     124     226      236   1.81
  1982       105-109    0.67254  0.97416  1.35       7       7      10       10   1.48
  1982       110+       0.76523  1.00000  1.31       0       0       0        0   1.31
  1983           0      0.00904  0.00897  0.13  100000     897   99220  7246258  72.46
  1983         1-4      0.00061  0.00245  1.98   99103     243  395920  7147038  72.12
  1983         5-9      0.00027  0.00133  2.49   98860     131  493970  6751118  68.29
  1983        10-14     0.00027  0.00136  3.21   98729     135  493402  6257148  63.38
  1983        15-19     0.00097  0.00486  3.12   98594     479  492068  5763746  58.46
  1983        20-24     0.00157  0.00784  2.38   98115     769  488560  5271678  53.73
  1983        25-29     0.00127  0.00633  2.42   97346     616  485142  4783118  49.14
  1983        30-34     0.00113  0.00565  2.50   96730     546  482283  4297976  44.43
  1983        35-39     0.00142  0.00710  2.64   96183     683  479303  3815693  39.67
  1983        40-44     0.00225  0.01117  2.71   95501    1067  475065  3336391  34.94
  1983        45-49     0.00353  0.01750  2.79   94434    1653  468510  2861325  30.30
  1983        50-54     0.00726  0.03571  2.73   92781    3313  456374  2392816  25.79
  1983        55-59     0.01207  0.05869  2.68   89468    5251  435160  1936441  21.64
  1983        60-64     0.01874  0.08975  2.65   84217    7558  403297  1501281  17.83
  1983        65-69     0.03149  0.14645  2.62   76659   11227  356541  1097984  14.32
  1983        70-74     0.04611  0.20745  2.59   65432   13574  294395   741443  11.33
  1983        75-79     0.07622  0.32018  2.50   51858   16604  217833   447048   8.62
  1983        80-84     0.11894  0.45782  2.49   35254   16140  135698   229215   6.50
  1983        85-89     0.17355  0.59297  2.33   19114   11334   65306    93517   4.89
  1983        90-94     0.25372  0.73255  2.12    7780    5699   22462    28211   3.63
  1983        95-99     0.34729  0.83984  1.93    2081    1748    5032     5748   2.76
  1983       100-104    0.45672  0.91234  1.71     333     304     666      717   2.15
  1983       105-109    0.57088  0.95350  1.51      29      28      49       51   1.74
  1983       110+       0.66204  1.00000  1.51       1       1       2        2   1.51
  1984           0      0.00975  0.00967  0.13  100000     967   99159  7283942  72.84
  1984         1-4      0.00051  0.00203  1.62   99033     201  395654  7184783  72.55
  1984         5-9      0.00026  0.00130  2.00   98832     129  493774  6789129  68.69
  1984        10-14     0.00028  0.00141  2.48   98703     139  493165  6295355  63.78
  1984        15-19     0.00088  0.00440  3.14   98564     433  492012  5802190  58.87
  1984        20-24     0.00137  0.00684  2.42   98131     671  488923  5310178  54.11
  1984        25-29     0.00097  0.00484  2.42   97460     472  486082  4821255  49.47
  1984        30-34     0.00137  0.00680  2.53   96988     660  483313  4335173  44.70
  1984        35-39     0.00126  0.00629  2.64   96328     606  480211  3851860  39.99
  1984        40-44     0.00225  0.01121  2.65   95722    1073  476093  3371649  35.22
  1984        45-49     0.00342  0.01698  2.64   94649    1607  469458  2895557  30.59
  1984        50-54     0.00659  0.03244  2.71   93043    3018  458298  2426098  26.08
  1984        55-59     0.01176  0.05723  2.70   90024    5152  438271  1967800  21.86
  1984        60-64     0.01814  0.08687  2.58   84872    7373  406541  1529529  18.02
  1984        65-69     0.02961  0.13852  2.68   77499   10735  362561  1122988  14.49
  1984        70-74     0.04702  0.21103  2.57   66764   14089  299622   760427  11.39
  1984        75-79     0.07198  0.30618  2.56   52675   16128  224071   460805   8.75
  1984        80-84     0.11645  0.45139  2.51   36547   16497  141661   236734   6.48
  1984        85-89     0.18188  0.61606  2.38   20050   12352   67914    95073   4.74
  1984        90-94     0.25826  0.74989  2.20    7698    5773   22351    27159   3.53
  1984        95-99     0.38736  0.87329  1.86    1925    1681    4341     4807   2.50
  1984       100-104    0.51646  0.93826  1.61     244     229     443      466   1.91
  1984       105-109    0.64435  0.96976  1.40      15      15      23       23   1.55
  1984       110+       0.74133  1.00000  1.35       0       0       1        1   1.35
  1985           0      0.01099  0.01088  0.13  100000    1088   99050  7272781  72.73
  1985         1-4      0.00046  0.00182  1.70   98912     180  395232  7173731  72.53
  1985         5-9      0.00029  0.00144  2.35   98732     142  493282  6778498  68.66
  1985        10-14     0.00024  0.00119  2.55   98590     118  492660  6285216  63.75
  1985        15-19     0.00089  0.00445  3.10   98472     438  491529  5792556  58.82
  1985        20-24     0.00140  0.00696  2.45   98034     683  488430  5301027  54.07
  1985        25-29     0.00123  0.00611  2.59   97351     595  485324  4812597  49.44
  1985        30-34     0.00114  0.00570  2.33   96756     552  482309  4327274  44.72
  1985        35-39     0.00124  0.00617  2.60   96205     594  479601  3844965  39.97
  1985        40-44     0.00182  0.00908  2.71   95611     869  476070  3365364  35.20
  1985        45-49     0.00356  0.01767  2.65   94742    1674  469780  2889294  30.50
  1985        50-54     0.00629  0.03100  2.80   93069    2885  459007  2419514  26.00
  1985        55-59     0.01099  0.05361  2.70   90183    4835  439799  1960507  21.74
  1985        60-64     0.01857  0.08891  2.62   85349    7588  408715  1520708  17.82
  1985        65-69     0.02987  0.13959  2.66   77760   10854  363358  1111993  14.30
  1985        70-74     0.04681  0.21059  2.62   66906   14090  301011   748635  11.19
  1985        75-79     0.07405  0.31357  2.56   52816   16562  223651   447624   8.48
  1985        80-84     0.12482  0.47144  2.41   36255   17092  136927   223972   6.18
  1985        85-89     0.18828  0.62301  2.29   19163   11939   63410    87045   4.54
  1985        90-94     0.28570  0.77411  2.04    7224    5592   19574    23635   3.27
  1985        95-99     0.38927  0.87384  1.85    1632    1426    3663     4061   2.49
  1985       100-104    0.51127  0.93592  1.61     206     193     377      398   1.93
  1985       105-109    0.63273  0.96745  1.41      13      13      20       21   1.57
  1985       110+       0.72596  1.00000  1.38       0       0       1        1   1.38
  1986           0      0.00960  0.00952  0.13  100000     952   99171  7328476  73.28
  1986         1-4      0.00050  0.00201  1.84   99048     199  395760  7229304  72.99
  1986         5-9      0.00026  0.00130  2.39   98849     129  493909  6833544  69.13
  1986        10-14     0.00030  0.00152  2.70   98720     150  493256  6339635  64.22
  1986        15-19     0.00092  0.00461  2.95   98570     455  491920  5846379  59.31
  1986        20-24     0.00154  0.00765  2.45   98116     750  488665  5354459  54.57
  1986        25-29     0.00124  0.00616  2.48   97365     600  485316  4865794  49.97
  1986        30-34     0.00128  0.00640  2.54   96765     619  482306  4380478  45.27
  1986        35-39     0.00118  0.00588  2.71   96146     565  479439  3898172  40.54
  1986        40-44     0.00201  0.01001  2.87   95581     957  475866  3418734  35.77
  1986        45-49     0.00332  0.01647  2.67   94624    1559  469491  2942868  31.10
  1986        50-54     0.00555  0.02744  2.82   93065    2553  459750  2473377  26.58
  1986        55-59     0.01022  0.04994  2.75   90512    4520  442399  2013627  22.25
  1986        60-64     0.01784  0.08554  2.62   85992    7356  412436  1571228  18.27
  1986        65-69     0.02845  0.13354  2.70   78636   10501  369065  1158791  14.74
  1986        70-74     0.04517  0.20346  2.56   68135   13862  306903   789726  11.59
  1986        75-79     0.06978  0.29798  2.55   54272   16172  231773   482824   8.90
  1986        80-84     0.11415  0.44429  2.51   38100   16928  148289   251051   6.59
  1986        85-89     0.16961  0.58172  2.30   21172   12316   72618   102762   4.85
  1986        90-94     0.27364  0.75684  2.05    8856    6703   24494    30144   3.40
  1986        95-99     0.36700  0.85749  1.89    2153    1847    5031     5650   2.62
  1986       100-104    0.48893  0.92754  1.65     307     285     582      618   2.01
  1986       105-109    0.61290  0.96370  1.44      22      21      35       36   1.62
  1986       110+       0.70929  1.00000  1.41       1       1       1        1   1.41
  1987           0      0.00971  0.00963  0.13  100000     963   99162  7312581  73.13
  1987         1-4      0.00039  0.00157  1.72   99037     156  395795  7213419  72.84
  1987         5-9      0.00026  0.00129  2.18   98882     128  494048  6817624  68.95
  1987        10-14     0.00031  0.00153  2.71   98754     152  493423  6323576  64.03
  1987        15-19     0.00101  0.00506  3.14   98602     499  492081  5830153  59.13
  1987        20-24     0.00155  0.00772  2.53   98103     758  488641  5338072  54.41
  1987        25-29     0.00131  0.00652  2.49   97345     635  485134  4849430  49.82
  1987        30-34     0.00126  0.00628  2.59   96710     608  482086  4364296  45.13
  1987        35-39     0.00134  0.00669  2.75   96103     643  479064  3882210  40.40
  1987        40-44     0.00187  0.00929  2.66   95460     887  475222  3403147  35.65
  1987        45-49     0.00358  0.01777  2.89   94573    1680  469323  2927925  30.96
  1987        50-54     0.00574  0.02830  2.63   92893    2628  458235  2458602  26.47
  1987        55-59     0.01031  0.05040  2.76   90264    4549  441148  2000367  22.16
  1987        60-64     0.01764  0.08471  2.65   85715    7261  411485  1559219  18.19
  1987        65-69     0.02739  0.12867  2.65   78454   10095  368536  1147735  14.63
  1987        70-74     0.04595  0.20677  2.58   68359   14134  307573   779199  11.40
  1987        75-79     0.07180  0.30611  2.59   54225   16599  231187   471626   8.70
  1987        80-84     0.11774  0.45461  2.49   37626   17105  145277   240439   6.39
  1987        85-89     0.18675  0.62096  2.30   20521   12743   68235    95162   4.64
  1987        90-94     0.26646  0.75201  2.10    7778    5849   21951    26927   3.46
  1987        95-99     0.37413  0.86282  1.88    1929    1664    4448     4975   2.58
  1987       100-104    0.49501  0.92983  1.64     265     246     497      527   1.99
  1987       105-109    0.61719  0.96449  1.44      19      18      29       30   1.61
  1987       110+       0.71196  1.00000  1.40       1       1       1        1   1.40
  1988           0      0.00910  0.00903  0.13  100000     903   99215  7364000  73.64
  1988         1-4      0.00042  0.00168  1.75   99097     166  396013  7264785  73.31
  1988         5-9      0.00018  0.00089  2.30   98931      88  494414  6868772  69.43
  1988        10-14     0.00025  0.00125  2.86   98842     124  493946  6374358  64.49
  1988        15-19     0.00106  0.00528  3.22   98718     521  492664  5880411  59.57
  1988        20-24     0.00152  0.00759  2.49   98197     746  489118  5387748  54.87
  1988        25-29     0.00144  0.00715  2.41   97452     697  485457  4898630  50.27
  1988        30-34     0.00144  0.00717  2.59   96755     693  482102  4413172  45.61
  1988        35-39     0.00130  0.00647  2.55   96062     621  478788  3931070  40.92
  1988        40-44     0.00226  0.01126  2.66   95440    1074  474691  3452283  36.17
  1988        45-49     0.00298  0.01481  2.54   94366    1397  468398  2977592  31.55
  1988        50-54     0.00543  0.02682  2.74   92969    2494  459205  2509194  26.99
  1988        55-59     0.00924  0.04526  2.77   90475    4095  443227  2049989  22.66
  1988        60-64     0.01627  0.07840  2.68   86380    6772  416193  1606761  18.60
  1988        65-69     0.02466  0.11623  2.53   79608    9253  375189  1190568  14.96
  1988        70-74     0.04441  0.20071  2.61   70355   14121  317989   815379  11.59
  1988        75-79     0.07064  0.30079  2.53   56234   16915  239449   497390   8.85
  1988        80-84     0.11343  0.43967  2.44   39319   17288  152411   257941   6.56
  1988        85-89     0.17199  0.59120  2.36   22032   13025   75731   105530   4.79
  1988        90-94     0.28382  0.76631  2.00    9007    6902   24317    29800   3.31
  1988        95-99     0.36990  0.85984  1.89    2105    1810    4893     5482   2.60
  1988       100-104    0.49283  0.92916  1.65     295     274     556      590   2.00
  1988       105-109    0.61737  0.96463  1.44      21      20      33       34   1.61
  1988       110+       0.71389  1.00000  1.40       1       1       1        1   1.40
  1989           0      0.00757  0.00752  0.13  100000     752   99349  7363908  73.64
  1989         1-4      0.00035  0.00141  1.55   99248     139  396650  7264559  73.20
  1989         5-9      0.00021  0.00104  2.69   99108     103  495303  6867909  69.30
  1989        10-14     0.00024  0.00121  2.76   99005     120  494756  6372606  64.37
  1989        15-19     0.00096  0.00477  3.03   98885     471  493494  5877850  59.44
  1989        20-24     0.00139  0.00694  2.48   98413     683  490349  5384355  54.71
  1989        25-29     0.00144  0.00715  2.45   97730     699  486872  4894007  50.08
  1989        30-34     0.00138  0.00689  2.52   97031     668  483497  4407135  45.42
  1989        35-39     0.00154  0.00768  2.52   96363     740  479984  3923638  40.72
  1989        40-44     0.00177  0.00882  2.66   95624     844  476141  3443654  36.01
  1989        45-49     0.00321  0.01592  2.74   94780    1509  470482  2967513  31.31
  1989        50-54     0.00549  0.02710  2.76   93271    2528  460684  2497031  26.77
  1989        55-59     0.00984  0.04812  2.71   90743    4366  443728  2036347  22.44
  1989        60-64     0.01622  0.07811  2.65   86376    6747  416044  1592619  18.44
  1989        65-69     0.02731  0.12816  2.60   79629   10205  373651  1176575  14.78
  1989        70-74     0.04393  0.19887  2.62   69424   13806  314297   802924  11.57
  1989        75-79     0.07133  0.30362  2.55   55618   16887  236754   488626   8.79
  1989        80-84     0.11374  0.44265  2.50   38731   17144  150728   251872   6.50
  1989        85-89     0.18271  0.61146  2.30   21587   13199   72242   101144   4.69
  1989        90-94     0.26633  0.75637  2.14    8387    6344   23820    28902   3.45
  1989        95-99     0.38897  0.87456  1.85    2043    1787    4594     5082   2.49
  1989       100-104    0.51945  0.93937  1.60     256     241     464      487   1.90
  1989       105-109    0.64832  0.97048  1.39      16      15      23       24   1.54
  1989       110+       0.74568  1.00000  1.34       0       0       1        1   1.34
  1990           0      0.00913  0.00906  0.13  100000     906   99213  7433717  74.34
  1990         1-4      0.00055  0.00219  1.76   99094     217  395889  7334504  74.02
  1990         5-9      0.00019  0.00097  2.25   98877      96  494119  6938616  70.17
  1990        10-14     0.00017  0.00087  3.49   98781      86  493773  6444496  65.24
  1990        15-19     0.00082  0.00412  2.99   98695     406  492658  5950723  60.29
  1990        20-24     0.00123  0.00612  2.61   98288     602  490006  5458065  55.53
  1990        25-29     0.00129  0.00644  2.68   97687     629  486976  4968060  50.86
  1990        30-34     0.00128  0.00638  2.52   97058     619  483755  4481084  46.17
  1990        35-39     0.00140  0.00697  2.64   96438     672  480607  3997329  41.45
  1990        40-44     0.00202  0.01006  2.72   95767     963  476635  3516722  36.72
  1990        45-49     0.00278  0.01380  2.76   94804    1309  471084  3040086  32.07
  1990        50-54     0.00469  0.02321  2.68   93495    2170  462434  2569002  27.48
  1990        55-59     0.00901  0.04419  2.86   91325    4035  447972  2106567  23.07
  1990        60-64     0.01551  0.07490  2.73   87289    6538  421618  1658596  19.00
  1990        65-69     0.02565  0.12091  2.63   80751    9764  380579  1236978  15.32
  1990        70-74     0.04110  0.18734  2.64   70987   13298  323558   856399  12.06
  1990        75-79     0.06633  0.28495  2.53   57689   16438  247812   532841   9.24
  1990        80-84     0.10252  0.40694  2.47   41250   16787  163742   285029   6.91
  1990        85-89     0.16693  0.57716  2.33   24464   14120   84582   121287   4.96
  1990        90-94     0.25839  0.74071  2.12   10344    7662   29653    36705   3.55
  1990        95-99     0.36558  0.85723  1.90    2682    2299    6289     7052   2.63
  1990       100-104    0.49489  0.93050  1.65     383     356     720      762   1.99
  1990       105-109    0.62578  0.96653  1.42      27      26      41       42   1.59
  1990       110+       0.72636  1.00000  1.38       1       1       1        1   1.38
  1991           0      0.00748  0.00743  0.13  100000     743   99357  7462706  74.63
  1991         1-4      0.00030  0.00122  1.67   99257     121  396746  7363349  74.18
  1991         5-9      0.00018  0.00090  3.33   99136      90  495531  6966603  70.27
  1991        10-14     0.00030  0.00151  3.01   99047     149  494937  6471071  65.33
  1991        15-19     0.00083  0.00413  3.08   98897     408  493702  5976135  60.43
  1991        20-24     0.00126  0.00629  2.52   98489     620  490908  5482433  55.67
  1991        25-29     0.00121  0.00602  2.61   97869     589  487937  4991525  51.00
  1991        30-34     0.00116  0.00580  2.67   97280     564  485088  4503588  46.30
  1991        35-39     0.00137  0.00684  2.61   96716     662  481998  4018500  41.55
  1991        40-44     0.00190  0.00945  2.79   96055     907  478270  3536502  36.82
  1991        45-49     0.00310  0.01538  2.77   95147    1463  472474  3058232  32.14
  1991        50-54     0.00460  0.02277  2.74   93684    2133  463600  2585758  27.60
  1991        55-59     0.00909  0.04452  2.72   91551    4076  448471  2122158  23.18
  1991        60-64     0.01591  0.07675  2.69   87475    6714  421867  1673687  19.13
  1991        65-69     0.02399  0.11352  2.63   80761    9168  382100  1251820  15.50
  1991        70-74     0.03982  0.18151  2.57   71593   12995  326327   869719  12.15
  1991        75-79     0.06503  0.28087  2.58   58598   16459  253105   543393   9.27
  1991        80-84     0.11188  0.43792  2.52   42140   18454  164948   290287   6.89
  1991        85-89     0.15229  0.54078  2.32   23686   12809   84105   125339   5.29
  1991        90-94     0.24058  0.71347  2.15   10877    7760   32257    41235   3.79
  1991        95-99     0.33119  0.82528  1.96    3117    2572    7766     8977   2.88
  1991       100-104    0.44042  0.90422  1.74     545     492    1118     1211   2.22
  1991       105-109    0.55606  0.94959  1.53      52      50      89       93   1.79
  1991       110+       0.64914  1.00000  1.54       3       3       4        4   1.54
  1992           0      0.00666  0.00662  0.14  100000     662   99428  7480710  74.81
  1992         1-4      0.00040  0.00160  1.53   99338     159  396957  7381283  74.30
  1992         5-9      0.00022  0.00109  2.44   99178     108  495616  6984326  70.42
  1992        10-14     0.00023  0.00117  2.61   99070     116  495075  6488710  65.50
  1992        15-19     0.00067  0.00333  3.14   98955     330  494158  5993635  60.57
  1992        20-24     0.00103  0.00515  2.46   98625     508  491836  5499477  55.76
  1992        25-29     0.00125  0.00623  2.49   98117     611  489052  5007641  51.04
  1992        30-34     0.00117  0.00583  2.38   97506     568  486038  4518589  46.34
  1992        35-39     0.00139  0.00691  2.50   96938     670  483013  4032551  41.60
  1992        40-44     0.00204  0.01017  2.67   96268     979  479055  3549538  36.87
  1992        45-49     0.00292  0.01449  2.53   95289    1381  473028  3070483  32.22
  1992        50-54     0.00497  0.02455  2.75   93908    2306  464352  2597455  27.66
  1992        55-59     0.00834  0.04093  2.82   91602    3750  449837  2133103  23.29
  1992        60-64     0.01474  0.07122  2.63   87852    6257  424450  1683266  19.16
  1992        65-69     0.02432  0.11493  2.62   81595    9378  385612  1258815  15.43
  1992        70-74     0.03885  0.17771  2.61   72218   12834  330353   873203  12.09
  1992        75-79     0.06631  0.28518  2.55   59384   16935  255405   542851   9.14
  1992        80-84     0.10643  0.41845  2.45   42449   17763  166893   287446   6.77
  1992        85-89     0.17162  0.58748  2.32   24686   14503   84505   120553   4.88
  1992        90-94     0.26004  0.74360  2.12   10184    7573   29121    36048   3.54
  1992        95-99     0.36226  0.85400  1.91    2611    2230    6155     6927   2.65
  1992       100-104    0.48628  0.92667  1.66     381     353     726      772   2.02
  1992       105-109    0.61275  0.96378  1.44      28      27      44       45   1.62
  1992       110+       0.71102  1.00000  1.41       1       1       1        1   1.41
  1993           0      0.00610  0.00607  0.14  100000     607   99476  7537876  75.38
  1993         1-4      0.00046  0.00185  1.45   99393     184  397103  7438399  74.84
  1993         5-9      0.00007  0.00037  1.50   99209      37  495915  7041296  70.97
  1993        10-14     0.00019  0.00095  2.45   99172      94  495619  6545381  66.00
  1993        15-19     0.00084  0.00417  3.24   99078     414  494663  6049762  61.06
  1993        20-24     0.00120  0.00600  2.53   98664     592  491858  5555099  56.30
  1993        25-29     0.00098  0.00489  2.67   98073     479  489246  5063242  51.63
  1993        30-34     0.00119  0.00591  2.47   97593     577  486506  4573996  46.87
  1993        35-39     0.00124  0.00616  2.41   97017     597  483536  4087489  42.13
  1993        40-44     0.00179  0.00890  2.59   96419     858  480031  3603953  37.38
  1993        45-49     0.00288  0.01430  2.71   95561    1367  474681  3123922  32.69
  1993        50-54     0.00469  0.02320  2.65   94195    2185  465845  2649242  28.13
  1993        55-59     0.00781  0.03838  2.71   92010    3531  451946  2183396  23.73
  1993        60-64     0.01407  0.06816  2.72   88478    6031  428653  1731451  19.57
  1993        65-69     0.02270  0.10771  2.63   82448    8880  391196  1302798  15.80
  1993        70-74     0.03704  0.16993  2.58   73567   12502  337537   911602  12.39
  1993        75-79     0.06354  0.27613  2.63   61066   16862  265398   574065   9.40
  1993        80-84     0.09897  0.39613  2.48   44203   17510  176922   308666   6.98
  1993        85-89     0.16674  0.57766  2.34   26693   15419   92477   131744   4.94
  1993        90-94     0.26511  0.75323  2.13   11274    8492   32030    39268   3.48
  1993        95-99     0.36963  0.86086  1.90    2782    2395    6479     7238   2.60
  1993       100-104    0.50322  0.93396  1.63     387     362     718      758   1.96
  1993       105-109    0.63737  0.96879  1.41      26      25      39       40   1.56
  1993       110+       0.73935  1.00000  1.35       1       1       1        1   1.35
  1994           0      0.00580  0.00577  0.14  100000     577   99503  7560810  75.61
  1994         1-4      0.00029  0.00116  1.81   99423     115  397441  7461307  75.05
  1994         5-9      0.00014  0.00072  2.25   99308      71  496344  7063866  71.13
  1994        10-14     0.00020  0.00098  2.77   99237      97  495967  6567522  66.18
  1994        15-19     0.00063  0.00316  2.95   99140     314  495055  6071555  61.24
  1994        20-24     0.00102  0.00508  2.58   98826     502  492914  5576500  56.43
  1994        25-29     0.00101  0.00504  2.46   98324     495  490364  5083587  51.70
  1994        30-34     0.00099  0.00495  2.52   97829     485  487942  4593223  46.95
  1994        35-39     0.00136  0.00679  2.29   97344     661  484927  4105280  42.17
  1994        40-44     0.00168  0.00835  2.72   96683     807  481574  3620353  37.45
  1994        45-49     0.00274  0.01361  2.60   95876    1305  476250  3138779  32.74
  1994        50-54     0.00435  0.02153  2.74   94571    2036  468247  2662528  28.15
  1994        55-59     0.00740  0.03638  2.76   92535    3367  455139  2194281  23.71
  1994        60-64     0.01330  0.06448  2.61   89168    5749  432120  1739142  19.50
  1994        65-69     0.02385  0.11301  2.69   83419    9427  395281  1307022  15.67
  1994        70-74     0.03838  0.17604  2.65   73992   13025  339376   911742  12.32
  1994        75-79     0.06167  0.26962  2.67   60967   16438  266528   572366   9.39
  1994        80-84     0.10225  0.40679  2.49   44529   18114  177158   305838   6.87
  1994        85-89     0.17355  0.59543  2.36   26415   15728   90629   128681   4.87
  1994        90-94     0.25494  0.74138  2.18   10686    7923   31077    38051   3.56
  1994        95-99     0.38227  0.87054  1.87    2764    2406    6294     6975   2.52
  1994       100-104    0.51889  0.93965  1.61     358     336     648      681   1.90
  1994       105-109    0.65391  0.97161  1.38      22      21      32       33   1.52
  1994       110+       0.75504  1.00000  1.32       1       1       1        1   1.32
  1995           0      0.00506  0.00504  0.14  100000     504   99566  7564361  75.64
  1995         1-4      0.00034  0.00135  1.84   99496     134  397694  7464794  75.03
  1995         5-9      0.00019  0.00096  2.71   99362      96  496590  7067100  71.12
  1995        10-14     0.00022  0.00110  3.10   99266     109  496123  6570511  66.19
  1995        15-19     0.00060  0.00300  3.05   99157     298  495203  6074387  61.26
  1995        20-24     0.00118  0.00588  2.73   98859     582  492972  5579185  56.44
  1995        25-29     0.00106  0.00528  2.44   98277     519  490055  5086212  51.75
  1995        30-34     0.00133  0.00662  2.63   97758     647  487256  4596157  47.02
  1995        35-39     0.00135  0.00672  2.51   97111     652  483934  4108901  42.31
  1995        40-44     0.00183  0.00909  2.55   96459     877  480150  3624967  37.58
  1995        45-49     0.00249  0.01239  2.66   95582    1184  475134  3144817  32.90
  1995        50-54     0.00455  0.02253  2.64   94398    2127  466970  2669683  28.28
  1995        55-59     0.00768  0.03771  2.70   92271    3480  453341  2202714  23.87
  1995        60-64     0.01337  0.06484  2.69   88792    5757  430647  1749372  19.70
  1995        65-69     0.02336  0.11062  2.61   83035    9186  393201  1318725  15.88
  1995        70-74     0.03689  0.16912  2.54   73849   12489  338561   925524  12.53
  1995        75-79     0.05959  0.26089  2.62   61360   16008  268651   586962   9.57
  1995        80-84     0.10296  0.40976  2.51   45352   18583  180494   318311   7.02
  1995        85-89     0.15913  0.56162  2.38   26769   15034   94473   137817   5.15
  1995        90-94     0.24537  0.72415  2.17   11735    8498   34632    43344   3.69
  1995        95-99     0.35627  0.84945  1.92    3237    2750    7718     8711   2.69
  1995       100-104    0.48285  0.92551  1.67     487     451     934      993   2.04
  1995       105-109    0.61246  0.96386  1.45      36      35      57       59   1.62
  1995       110+       0.71310  1.00000  1.40       1       1       2        2   1.40
  1996           0      0.00571  0.00568  0.14  100000     568   99510  7598765  75.99
  1996         1-4      0.00031  0.00124  1.32   99432     123  397398  7499255  75.42
  1996         5-9      0.00022  0.00108  2.75   99309     107  496303  7101857  71.51
  1996        10-14     0.00013  0.00066  2.64   99202      65  495855  6605554  66.59
  1996        15-19     0.00072  0.00362  3.31   99136     359  495077  6109699  61.63
  1996        20-24     0.00111  0.00552  2.50   98778     545  492525  5614622  56.84
  1996        25-29     0.00106  0.00527  2.46   98233     518  489848  5122097  52.14
  1996        30-34     0.00120  0.00597  2.54   97715     583  487138  4632250  47.41
  1996        35-39     0.00138  0.00688  2.51   97132     669  483991  4145112  42.68
  1996        40-44     0.00176  0.00875  2.69   96463     844  480368  3661121  37.95
  1996        45-49     0.00236  0.01172  2.71   95619    1121  475531  3180752  33.26
  1996        50-54     0.00379  0.01880  2.85   94498    1777  468667  2705221  28.63
  1996        55-59     0.00687  0.03383  2.67   92721    3137  456306  2236554  24.12
  1996        60-64     0.01300  0.06310  2.67   89584    5653  434768  1780248  19.87
  1996        65-69     0.02149  0.10242  2.71   83931    8596  399936  1345480  16.03
  1996        70-74     0.03617  0.16646  2.61   75335   12541  346691   945545  12.55
  1996        75-79     0.05846  0.25620  2.59   62795   16088  275206   598854   9.54
  1996        80-84     0.10080  0.40311  2.52   46707   18828  186788   323648   6.93
  1996        85-89     0.16782  0.58546  2.42   27879   16322   97262   136860   4.91
  1996        90-94     0.26741  0.75489  2.12   11557    8724   32625    39599   3.43
  1996        95-99     0.39261  0.87844  1.86    2833    2488    6338     6974   2.46
  1996       100-104    0.53580  0.94549  1.58     344     326     608      635   1.85
  1996       105-109    0.67471  0.97491  1.35      19      18      27       28   1.48
  1996       110+       0.77644  1.00000  1.29       0       0       1        1   1.29
  1997           0      0.00504  0.00502  0.14  100000     502   99568  7608212  76.08
  1997         1-4      0.00032  0.00127  1.99   99498     126  397737  7508645  75.47
  1997         5-9      0.00010  0.00049  1.94   99371      49  496708  7110907  71.56
  1997        10-14     0.00019  0.00094  3.24   99323      93  496449  6614199  66.59
  1997        15-19     0.00080  0.00398  3.07   99229     395  495384  6117751  61.65
  1997        20-24     0.00127  0.00635  2.56   98834     627  492637  5622367  56.89
  1997        25-29     0.00129  0.00645  2.47   98206     633  489431  5129730  52.23
  1997        30-34     0.00125  0.00622  2.40   97573     607  486286  4640299  47.56
  1997        35-39     0.00131  0.00652  2.47   96966     632  483231  4154013  42.84
  1997        40-44     0.00183  0.00910  2.54   96334     877  479512  3670782  38.10
  1997        45-49     0.00252  0.01254  2.66   95458    1197  474487  3191270  33.43
  1997        50-54     0.00429  0.02123  2.68   94261    2002  466658  2716783  28.82
  1997        55-59     0.00722  0.03551  2.69   92259    3276  453734  2250125  24.39
  1997        60-64     0.01238  0.06016  2.65   88983    5353  432352  1796391  20.19
  1997        65-69     0.02080  0.09912  2.64   83630    8290  398619  1364038  16.31
  1997        70-74     0.03439  0.15901  2.64   75340   11980  348375   965420  12.81
  1997        75-79     0.05610  0.24755  2.63   63360   15685  279578   617045   9.74
  1997        80-84     0.10033  0.40117  2.50   47676   19126  190641   337467   7.08
  1997        85-89     0.15462  0.54815  2.35   28550   15649  101209   146826   5.14
  1997        90-94     0.26027  0.74360  2.12   12900    9593   36856    45617   3.54
  1997        95-99     0.36237  0.85495  1.91    3308    2828    7804     8761   2.65
  1997       100-104    0.49385  0.93029  1.65     480     446     904      957   1.99
  1997       105-109    0.62711  0.96688  1.42      33      32      52       53   1.59
  1997       110+       0.72932  1.00000  1.37       1       1       2        2   1.37
  1998           0      0.00493  0.00491  0.14  100000     491   99578  7687969  76.88
  1998         1-4      0.00031  0.00125  1.93   99509     124  397781  7588391  76.26
  1998         5-9      0.00014  0.00070  2.24   99385      69  496735  7190610  72.35
  1998        10-14     0.00019  0.00093  2.70   99316      93  496367  6693875  67.40
  1998        15-19     0.00078  0.00387  3.07   99223     384  495373  6197508  62.46
  1998        20-24     0.00107  0.00533  2.59   98839     526  492925  5702135  57.69
  1998        25-29     0.00129  0.00643  2.27   98312     633  489833  5209210  52.99
  1998        30-34     0.00138  0.00690  2.54   97680     674  486740  4719378  48.31
  1998        35-39     0.00113  0.00562  2.47   97006     545  483652  4232637  43.63
  1998        40-44     0.00167  0.00831  2.73   96461     802  480482  3748985  38.87
  1998        45-49     0.00227  0.01130  2.76   95659    1081  475871  3268504  34.17
  1998        50-54     0.00381  0.01888  2.66   94578    1785  468717  2792632  29.53
  1998        55-59     0.00623  0.03069  2.70   92793    2848  457422  2323915  25.04
  1998        60-64     0.01103  0.05378  2.67   89945    4838  438471  1866493  20.75
  1998        65-69     0.01963  0.09384  2.67   85107    7986  406937  1428022  16.78
  1998        70-74     0.03263  0.15156  2.65   77121   11688  358187  1021085  13.24
  1998        75-79     0.05166  0.22983  2.60   65432   15038  291096   662898  10.13
  1998        80-84     0.09249  0.37564  2.50   50394   18930  204671   371802   7.38
  1998        85-89     0.15035  0.53633  2.33   31464   16875  112241   167131   5.31
  1998        90-94     0.23975  0.71417  2.17   14589   10419   43458    54890   3.76
  1998        95-99     0.34842  0.84341  1.94    4170    3517   10094    11432   2.74
  1998       100-104    0.47954  0.92457  1.68     653     604    1259     1339   2.05
  1998       105-109    0.61440  0.96449  1.44      49      48      77       80   1.62
  1998       110+       0.71880  1.00000  1.39       2       2       2        2   1.39
  1999           0      0.00614  0.00611  0.14  100000     611   99473  7705655  77.06
  1999         1-4      0.00028  0.00111  1.60   99389     110  397291  7606182  76.53
  1999         5-9      0.00017  0.00087  3.05   99279      87  496226  7208891  72.61
  1999        10-14     0.00015  0.00074  3.09   99192      74  495820  6712666  67.67
  1999        15-19     0.00070  0.00351  3.01   99119     348  494900  6216845  62.72
  1999        20-24     0.00127  0.00634  2.65   98770     627  492378  5721945  57.93
  1999        25-29     0.00138  0.00688  2.62   98144     676  489111  5229567  53.28
  1999        30-34     0.00124  0.00619  2.23   97468     603  485672  4740456  48.64
  1999        35-39     0.00129  0.00642  2.33   96865     622  482659  4254784  43.93
  1999        40-44     0.00173  0.00863  2.60   96242     831  479219  3772125  39.19
  1999        45-49     0.00244  0.01213  2.61   95411    1157  474290  3292906  34.51
  1999        50-54     0.00358  0.01775  2.60   94254    1673  467255  2818616  29.90
  1999        55-59     0.00621  0.03058  2.59   92581    2831  456085  2351361  25.40
  1999        60-64     0.01023  0.04994  2.63   89750    4482  438125  1895276  21.12
  1999        65-69     0.01777  0.08535  2.69   85268    7278  409515  1457151  17.09
  1999        70-74     0.03176  0.14802  2.71   77991   11545  363505  1047636  13.43
  1999        75-79     0.05168  0.22972  2.58   66446   15264  295336   684131  10.30
  1999        80-84     0.08546  0.35266  2.52   51182   18050  211214   388795   7.60
  1999        85-89     0.14943  0.53649  2.37   33132   17775  118947   177581   5.36
  1999        90-94     0.23425  0.71074  2.23   15357   10915   46595    58634   3.82
  1999        95-99     0.35245  0.84774  1.94    4442    3766   10685    12039   2.71
  1999       100-104    0.49133  0.92997  1.66     676     629    1280     1355   2.00
  1999       105-109    0.63267  0.96823  1.42      47      46      72       75   1.57
  1999       110+       0.74020  1.00000  1.35       2       2       2        2   1.35
  2000           0      0.00491  0.00489  0.14  100000     489   99579  7759508  77.60
  2000         1-4      0.00025  0.00098  1.71   99511      98  397819  7659929  76.98
  2000         5-9      0.00016  0.00078  2.34   99413      78  496857  7262109  73.05
  2000        10-14     0.00013  0.00064  2.08   99335      64  496490  6765252  68.11
  2000        15-19     0.00063  0.00313  3.08   99272     311  495762  6268762  63.15
  2000        20-24     0.00098  0.00487  2.51   98961     482  493606  5773000  58.34
  2000        25-29     0.00132  0.00657  2.50   98479     647  490781  5279393  53.61
  2000        30-34     0.00125  0.00623  2.31   97832     610  487522  4788613  48.95
  2000        35-39     0.00144  0.00717  2.49   97223     697  484363  4301091  44.24
  2000        40-44     0.00155  0.00774  2.70   96526     747  480909  3816728  39.54
  2000        45-49     0.00221  0.01099  2.56   95779    1053  476326  3335819  34.83
  2000        50-54     0.00373  0.01847  2.70   94726    1750  469608  2859494  30.19
  2000        55-59     0.00575  0.02839  2.78   92976    2640  459010  2389885  25.70
  2000        60-64     0.00958  0.04689  2.70   90336    4236  441927  1930875  21.37
  2000        65-69     0.01753  0.08416  2.64   86101    7247  413369  1488949  17.29
  2000        70-74     0.02915  0.13643  2.66   78854   10758  369076  1075579  13.64
  2000        75-79     0.04968  0.22178  2.58   68096   15102  303967   706503  10.38
  2000        80-84     0.08500  0.35146  2.54   52993   18625  219111   402536   7.60
  2000        85-89     0.14713  0.53302  2.42   34368   18319  124506   183425   5.34
  2000        90-94     0.24496  0.72496  2.19   16049   11635   47497    58919   3.67
  2000        95-99     0.37088  0.86356  1.91    4414    3812   10278    11422   2.59
  2000       100-104    0.51968  0.94084  1.61     602     567    1090     1144   1.90
  2000       105-109    0.66658  0.97398  1.37      36      35      52       53   1.49
  2000       110+       0.77444  1.00000  1.29       1       1       1        1   1.29
  2001           0      0.00541  0.00539  0.14  100000     539   99536  7793625  77.94
  2001         1-4      0.00018  0.00071  1.45   99461      70  397667  7694089  77.36
  2001         5-9      0.00012  0.00060  2.39   99391      60  496801  7296423  73.41
  2001        10-14     0.00014  0.00072  2.81   99332      72  496500  6799622  68.45
  2001        15-19     0.00061  0.00305  2.88   99260     303  495658  6303122  63.50
  2001        20-24     0.00086  0.00431  2.59   98957     426  493759  5807464  58.69
  2001        25-29     0.00097  0.00486  2.42   98531     479  491419  5313706  53.93
  2001        30-34     0.00106  0.00531  2.51   98052     521  488962  4822287  49.18
  2001        35-39     0.00131  0.00655  2.63   97531     639  486143  4333325  44.43
  2001        40-44     0.00155  0.00772  2.66   96892     748  482712  3847182  39.71
  2001        45-49     0.00217  0.01078  2.63   96144    1036  478269  3364470  34.99
  2001        50-54     0.00354  0.01754  2.67   95108    1668  471653  2886201  30.35
  2001        55-59     0.00566  0.02792  2.69   93440    2609  461172  2414548  25.84
  2001        60-64     0.00995  0.04860  2.67   90831    4414  443859  1953376  21.51
  2001        65-69     0.01671  0.08040  2.67   86416    6948  415882  1509517  17.47
  2001        70-74     0.02889  0.13538  2.68   79468   10758  372432  1093635  13.76
  2001        75-79     0.04867  0.21809  2.62   68710   14985  307876   721203  10.50
  2001        80-84     0.08476  0.34971  2.50   53725   18788  221664   413326   7.69
  2001        85-89     0.14475  0.52730  2.43   34937   18422  127266   191662   5.49
  2001        90-94     0.22754  0.69647  2.22   16515   11502   50549    64396   3.90
  2001        95-99     0.34500  0.84113  1.95    5013    4216   12222    13847   2.76
  2001       100-104    0.48174  0.92599  1.68     796     737    1531     1625   2.04
  2001       105-109    0.62228  0.96628  1.43      59      57      92       94   1.60
  2001       110+       0.73020  1.00000  1.37       2       2       3        3   1.37
  2002           0      0.00583  0.00580  0.14  100000     580   99500  7785325  77.85
  2002         1-4      0.00030  0.00118  2.00   99420     117  397445  7685825  77.31
  2002         5-9      0.00017  0.00085  2.19   99302      84  496275  7288380  73.40
  2002        10-14     0.00020  0.00098  2.48   99218      98  495844  6792105  68.46
  2002        15-19     0.00058  0.00291  3.17   99120     289  495074  6296261  63.52
  2002        20-24     0.00080  0.00397  2.53   98832     392  493190  5801187  58.70
  2002        25-29     0.00097  0.00485  2.54   98439     478  491020  5307997  53.92
  2002        30-34     0.00095  0.00473  2.53   97962     463  488664  4816977  49.17
  2002        35-39     0.00116  0.00578  2.49   97499     563  486077  4328313  44.39
  2002        40-44     0.00153  0.00761  2.67   96935     738  482956  3842236  39.64
  2002        45-49     0.00248  0.01232  2.51   96198    1185  478040  3359280  34.92
  2002        50-54     0.00328  0.01628  2.68   95013    1547  471471  2881241  30.32
  2002        55-59     0.00555  0.02740  2.67   93466    2561  461372  2409770  25.78
  2002        60-64     0.00949  0.04642  2.68   90906    4219  444730  1948398  21.43
  2002        65-69     0.01624  0.07822  2.65   86686    6781  417511  1503668  17.35
  2002        70-74     0.03002  0.14038  2.70   79906   11217  373673  1086157  13.59
  2002        75-79     0.04837  0.21765  2.70   68688   14950  309087   712483  10.37
  2002        80-84     0.08522  0.35340  2.59   53738   18991  222836   403396   7.51
  2002        85-89     0.14947  0.53478  2.34   34747   18582  124319   180560   5.20
  2002        90-94     0.26125  0.74359  2.10   16165   12020   46010    56241   3.48
  2002        95-99     0.39067  0.87863  1.87    4145    3642    9322    10231   2.47
  2002       100-104    0.54743  0.94979  1.56     503     478     873      909   1.81
  2002       105-109    0.69720  0.97823  1.32      25      25      35       36   1.43
  2002       110+       0.80315  1.00000  1.25       1       1       1        1   1.25
  2003           0      0.00600  0.00597  0.14  100000     597   99485  7835651  78.36
  2003         1-4      0.00024  0.00096  1.86   99403      95  397407  7736166  77.83
  2003         5-9      0.00012  0.00061  2.82   99307      60  496406  7338759  73.90
  2003        10-14     0.00007  0.00035  2.25   99247      35  496140  6842353  68.94
  2003        15-19     0.00056  0.00282  3.11   99212     280  495532  6346213  63.97
  2003        20-24     0.00067  0.00335  2.54   98932     331  493845  5850681  59.14
  2003        25-29     0.00093  0.00462  2.69   98601     456  491953  5356836  54.33
  2003        30-34     0.00090  0.00449  2.49   98145     440  489620  4864882  49.57
  2003        35-39     0.00122  0.00606  2.55   97705     592  487074  4375262  44.78
  2003        40-44     0.00163  0.00811  2.79   97113     788  483824  3888188  40.04
  2003        45-49     0.00251  0.01249  2.69   96325    1203  478850  3404364  35.34
  2003        50-54     0.00330  0.01639  2.58   95122    1559  471841  2925513  30.76
  2003        55-59     0.00584  0.02881  2.69   93563    2696  461585  2453672  26.22
  2003        60-64     0.00923  0.04517  2.64   90867    4105  444645  1992087  21.92
  2003        65-69     0.01524  0.07358  2.68   86763    6384  419011  1547442  17.84
  2003        70-74     0.02713  0.12748  2.63   80379   10246  377640  1128431  14.04
  2003        75-79     0.04595  0.20730  2.64   70133   14539  316371   750791  10.71
  2003        80-84     0.07903  0.33232  2.61   55594   18475  233777   434420   7.81
  2003        85-89     0.14470  0.52759  2.43   37119   19584  135338   200643   5.41
  2003        90-94     0.23987  0.72223  2.25   17536   12665   52799    65304   3.72
  2003        95-99     0.37371  0.86651  1.91    4871    4221   11294    12506   2.57
  2003       100-104    0.52970  0.94454  1.59     650     614    1159     1212   1.86
  2003       105-109    0.68189  0.97631  1.35      36      35      52       53   1.46
  2003       110+       0.79131  1.00000  1.26       1       1       1        1   1.26
  2004           0      0.00494  0.00492  0.14  100000     492   99577  7899553  79.00
  2004         1-4      0.00020  0.00080  1.54   99508      79  397837  7799977  78.39
  2004         5-9      0.00011  0.00056  1.76   99429      55  496964  7402140  74.45
  2004        10-14     0.00011  0.00056  2.34   99373      55  496720  6905176  69.49
  2004        15-19     0.00042  0.00209  3.40   99318     207  496260  6408456  64.52
  2004        20-24     0.00081  0.00404  2.47   99111     400  494541  5912196  59.65
  2004        25-29     0.00079  0.00396  2.57   98710     391  492603  5417655  54.88
  2004        30-34     0.00107  0.00532  2.43   98320     523  490254  4925052  50.09
  2004        35-39     0.00100  0.00496  2.80   97796     485  487916  4434798  45.35
  2004        40-44     0.00152  0.00756  2.59   97311     735  484785  3946882  40.56
  2004        45-49     0.00212  0.01055  2.60   96575    1019  480429  3462098  35.85
  2004        50-54     0.00329  0.01631  2.64   95557    1558  474107  2981669  31.20
  2004        55-59     0.00513  0.02530  2.52   93998    2379  464094  2507561  26.68
  2004        60-64     0.00842  0.04129  2.67   91619    3783  449285  2043468  22.30
  2004        65-69     0.01433  0.06943  2.75   87836    6098  425439  1594182  18.15
  2004        70-74     0.02554  0.12047  2.65   81738    9847  385542  1168743  14.30
  2004        75-79     0.04509  0.20354  2.61   71891   14633  324503   783201  10.89
  2004        80-84     0.07745  0.32683  2.61   57258   18713  241635   458697   8.01
  2004        85-89     0.13297  0.49544  2.43   38545   19097  143617   217063   5.63
  2004        90-94     0.23753  0.71626  2.23   19448   13930   58645    73446   3.78
  2004        95-99     0.35582  0.85198  1.94    5518    4701   13213    14801   2.68
  2004       100-104    0.50683  0.93667  1.64     817     765    1510     1588   1.94
  2004       105-109    0.65814  0.97284  1.38      52      50      76       78   1.51
  2004       110+       0.76989  1.00000  1.30       1       1       2        2   1.30
  2005           0      0.00536  0.00534  0.14  100000     534   99540  7933826  79.34
  2005         1-4      0.00019  0.00076  1.29   99466      75  397662  7834286  78.76
  2005         5-9      0.00011  0.00055  2.75   99391      55  496833  7436624  74.82
  2005        10-14     0.00008  0.00041  2.78   99336      41  496592  6939791  69.86
  2005        15-19     0.00045  0.00223  3.06   99296     221  496050  6443199  64.89
  2005        20-24     0.00083  0.00413  2.61   99074     409  494392  5947149  60.03
  2005        25-29     0.00095  0.00476  2.74   98665     469  492265  5452757  55.27
  2005        30-34     0.00093  0.00462  2.53   98196     454  489860  4960491  50.52
  2005        35-39     0.00097  0.00485  2.60   97742     474  487572  4470631  45.74
  2005        40-44     0.00149  0.00742  2.64   97268     721  484635  3983059  40.95
  2005        45-49     0.00212  0.01054  2.68   96547    1017  480372  3498425  36.24
  2005        50-54     0.00337  0.01672  2.69   95529    1597  473960  3018053  31.59
  2005        55-59     0.00511  0.02522  2.57   93932    2369  463901  2544092  27.08
  2005        60-64     0.00814  0.03997  2.70   91563    3660  449385  2080191  22.72
  2005        65-69     0.01377  0.06671  2.67   87903    5864  425880  1630806  18.55
  2005        70-74     0.02430  0.11507  2.71   82039    9441  388547  1204926  14.69
  2005        75-79     0.04089  0.18648  2.64   72598   13538  331053   816379  11.25
  2005        80-84     0.07501  0.31767  2.59   59060   18762  250128   485325   8.22
  2005        85-89     0.12757  0.48121  2.45   40299   19392  152013   235197   5.84
  2005        90-94     0.22166  0.68698  2.23   20907   14362   64795    83184   3.98
  2005        95-99     0.33757  0.83554  1.98    6544    5468   16197    18389   2.81
  2005       100-104    0.48246  0.92703  1.68    1076     998    2068     2192   2.04
  2005       105-109    0.63158  0.96835  1.42      79      76     120      124   1.58
  2005       110+       0.74477  1.00000  1.34       2       2       3        3   1.34
  2006           0      0.00465  0.00464  0.14  100000     464   99601  7964200  79.64
  2006         1-4      0.00007  0.00028  1.18   99536      28  398067  7864599  79.01
  2006         5-9      0.00012  0.00058  2.43   99509      58  497395  7466531  75.03
  2006        10-14     0.00016  0.00079  2.82   99451      79  497082  6969137  70.08
  2006        15-19     0.00040  0.00202  2.93   99372     201  496444  6472054  65.13
  2006        20-24     0.00060  0.00298  2.55   99171     295  495134  5975610  60.26
  2006        25-29     0.00069  0.00343  2.69   98876     339  493597  5480476  55.43
  2006        30-34     0.00087  0.00435  2.52   98537     428  491625  4986879  50.61
  2006        35-39     0.00108  0.00538  2.66   98109     528  489311  4495253  45.82
  2006        40-44     0.00151  0.00750  2.61   97581     732  486158  4005942  41.05
  2006        45-49     0.00218  0.01084  2.61   96849    1049  481739  3519784  36.34
  2006        50-54     0.00328  0.01629  2.60   95800    1561  475251  3038046  31.71
  2006        55-59     0.00528  0.02608  2.69   94239    2458  465519  2562795  27.19
  2006        60-64     0.00816  0.04004  2.70   91781    3675  450440  2097276  22.85
  2006        65-69     0.01301  0.06317  2.72   88106    5565  427839  1646835  18.69
  2006        70-74     0.02350  0.11140  2.67   82541    9195  391287  1218996  14.77
  2006        75-79     0.04032  0.18395  2.62   73346   13492  334629   827710  11.29
  2006        80-84     0.07349  0.31205  2.58   59854   18678  254155   493081   8.24
  2006        85-89     0.12942  0.48627  2.44   41177   20023  154707   238926   5.80
  2006        90-94     0.21992  0.68481  2.25   21154   14486   65872    84218   3.98
  2006        95-99     0.34551  0.84320  1.96    6667    5622   16271    18347   2.75
  2006       100-104    0.49567  0.93259  1.66    1045     975    1967     2075   1.99
  2006       105-109    0.64808  0.97129  1.40      70      68     106      108   1.54
  2006       110+       0.76174  1.00000  1.31       2       2       3        3   1.31
  2007           0      0.00403  0.00402  0.14  100000     402   99655  7990710  79.91
  2007         1-4      0.00017  0.00069  1.87   99598      69  398245  7891055  79.23
  2007         5-9      0.00007  0.00037  2.41   99529      37  497549  7492810  75.28
  2007        10-14     0.00012  0.00059  2.38   99492      58  497308  6995261  70.31
  2007        15-19     0.00038  0.00191  2.95   99434     190  496778  6497953  65.35
  2007        20-24     0.00060  0.00300  2.57   99243     298  495492  6001175  60.47
  2007        25-29     0.00071  0.00355  2.56   98945     351  493871  5505683  55.64
  2007        30-34     0.00082  0.00407  2.38   98594     401  491920  5011812  50.83
  2007        35-39     0.00106  0.00529  2.51   98193     520  489673  4519892  46.03
  2007        40-44     0.00133  0.00665  2.50   97673     649  486741  4030219  41.26
  2007        45-49     0.00215  0.01070  2.65   97024    1038  482682  3543478  36.52
  2007        50-54     0.00322  0.01598  2.70   95986    1534  476403  3060796  31.89
  2007        55-59     0.00494  0.02444  2.71   94452    2308  466983  2584393  27.36
  2007        60-64     0.00807  0.03959  2.65   92144    3648  452144  2117409  22.98
  2007        65-69     0.01355  0.06563  2.64   88496    5808  428788  1665266  18.82
  2007        70-74     0.02136  0.10169  2.66   82687    8409  393731  1236478  14.95
  2007        75-79     0.04123  0.18811  2.67   74279   13972  338871   842747  11.35
  2007        80-84     0.07134  0.30495  2.62   60307   18390  257783   503877   8.36
  2007        85-89     0.12681  0.47991  2.47   41916   20116  158630   246094   5.87
  2007        90-94     0.21807  0.68560  2.29   21800   14946   68537    87463   4.01
  2007        95-99     0.34396  0.84211  1.97    6854    5772   16781    18926   2.76
  2007       100-104    0.49622  0.93298  1.66    1082    1010    2035     2146   1.98
  2007       105-109    0.65071  0.97179  1.39      73      70     108      111   1.53
  2007       110+       0.76548  1.00000  1.31       2       2       3        3   1.31
  2008           0      0.00420  0.00419  0.14  100000     419   99640  7971818  79.72
  2008         1-4      0.00022  0.00087  1.83   99581      87  398138  7872178  79.05
  2008         5-9      0.00005  0.00027  2.50   99495      27  497405  7474040  75.12
  2008        10-14     0.00008  0.00038  2.40   99467      38  497238  6976635  70.14
  2008        15-19     0.00040  0.00201  2.95   99429     200  496738  6479397  65.17
  2008        20-24     0.00072  0.00357  2.48   99230     355  495255  5982660  60.29
  2008        25-29     0.00084  0.00418  2.65   98875     414  493404  5487404  55.50
  2008        30-34     0.00095  0.00476  2.55   98461     469  491160  4994000  50.72
  2008        35-39     0.00113  0.00561  2.56   97993     550  488623  4502840  45.95
  2008        40-44     0.00152  0.00758  2.63   97443     738  485464  4014217  41.20
  2008        45-49     0.00218  0.01083  2.56   96705    1048  480969  3528754  36.49
  2008        50-54     0.00325  0.01614  2.78   95657    1544  474858  3047785  31.86
  2008        55-59     0.00479  0.02365  2.53   94113    2226  465067  2572927  27.34
  2008        60-64     0.00798  0.03919  2.69   91887    3601  451100  2107860  22.94
  2008        65-69     0.01341  0.06495  2.60   88286    5734  427686  1656760  18.77
  2008        70-74     0.02135  0.10171  2.67   82552    8397  393234  1229074  14.89
  2008        75-79     0.04191  0.19089  2.67   74155   14156  337803   835840  11.27
  2008        80-84     0.07015  0.29951  2.56   60000   17970  256153   498037   8.30
  2008        85-89     0.13087  0.49139  2.47   42029   20653  157809   241884   5.76
  2008        90-94     0.22268  0.68724  2.22   21377   14691   65974    84075   3.93
  2008        95-99     0.35168  0.84910  1.95    6686    5677   16142    18101   2.71
  2008       100-104    0.50728  0.93721  1.64    1009     946    1864     1959   1.94
  2008       105-109    0.66318  0.97376  1.37      63      62      93       95   1.50
  2008       110+       0.77736  1.00000  1.29       2       2       2        2   1.29
  2009           0      0.00429  0.00427  0.14  100000     427   99633  7987530  79.88
  2009         1-4      0.00020  0.00079  1.30   99573      78  398079  7887897  79.22
  2009         5-9      0.00013  0.00063  2.32   99494      63  497302  7489818  75.28
  2009        10-14     0.00013  0.00067  3.13   99431      67  497032  6992516  70.33
  2009        15-19     0.00041  0.00203  2.68   99364     201  496355  6495484  65.37
  2009        20-24     0.00058  0.00288  2.41   99163     285  495077  5999129  60.50
  2009        25-29     0.00073  0.00363  2.44   98878     359  493469  5504052  55.67
  2009        30-34     0.00083  0.00413  2.67   98518     407  491641  5010583  50.86
  2009        35-39     0.00123  0.00612  2.39   98111     600  488989  4518942  46.06
  2009        40-44     0.00147  0.00733  2.62   97511     715  485856  4029953  41.33
  2009        45-49     0.00220  0.01095  2.63   96796    1060  481469  3544097  36.61
  2009        50-54     0.00320  0.01590  2.63   95737    1522  475074  3062628  31.99
  2009        55-59     0.00494  0.02443  2.63   94214    2302  465623  2587554  27.46
  2009        60-64     0.00798  0.03914  2.60   91913    3598  450944  2121931  23.09
  2009        65-69     0.01357  0.06576  2.67   88315    5808  428022  1670987  18.92
  2009        70-74     0.02165  0.10303  2.65   82507    8501  392570  1242964  15.06
  2009        75-79     0.03969  0.18143  2.64   74007   13427  338335   850394  11.49
  2009        80-84     0.06901  0.29582  2.59   60580   17921  259672   512060   8.45
  2009        85-89     0.12623  0.47863  2.48   42659   20418  161750   252388   5.92
  2009        90-94     0.21323  0.67620  2.30   22241   15040   70532    90638   4.08
  2009        95-99     0.33962  0.83825  1.98    7202    6037   17776    20105   2.79
  2009       100-104    0.49163  0.93124  1.66    1165    1085    2207     2330   2.00
  2009       105-109    0.64670  0.97116  1.40      80      78     120      123   1.54
  2009       110+       0.76235  1.00000  1.31       2       2       3        3   1.31
  2010           0      0.00365  0.00364  0.14  100000     364   99688  8041955  80.42
  2010         1-4      0.00014  0.00055  1.36   99636      55  398398  7942267  79.71
  2010         5-9      0.00015  0.00074  2.25   99581      73  497702  7543869  75.76
  2010        10-14     0.00011  0.00053  2.64   99507      53  497412  7046167  70.81
  2010        15-19     0.00048  0.00238  3.00   99455     237  496800  6548754  65.85
  2010        20-24     0.00061  0.00303  2.71   99218     300  495403  6051954  61.00
  2010        25-29     0.00062  0.00310  2.50   98918     307  493822  5556551  56.17
  2010        30-34     0.00079  0.00396  2.63   98611     391  492131  5062729  51.34
  2010        35-39     0.00104  0.00517  2.58   98220     508  489874  4570599  46.53
  2010        40-44     0.00139  0.00694  2.68   97713     678  486991  4080725  41.76
  2010        45-49     0.00222  0.01104  2.62   97034    1072  482618  3593734  37.04
  2010        50-54     0.00310  0.01540  2.73   95963    1477  476465  3111115  32.42
  2010        55-59     0.00489  0.02418  2.55   94486    2285  466838  2634651  27.88
  2010        60-64     0.00754  0.03702  2.59   92201    3413  452782  2167813  23.51
  2010        65-69     0.01162  0.05659  2.68   88787    5024  432271  1715031  19.32
  2010        70-74     0.02112  0.10055  2.62   83763    8423  398730  1282760  15.31
  2010        75-79     0.03661  0.16887  2.71   75341   12723  347543   884030  11.73
  2010        80-84     0.06743  0.28974  2.57   62618   18143  269069   536488   8.57
  2010        85-89     0.12025  0.46028  2.45   44475   20471  170230   267418   6.01
  2010        90-94     0.21504  0.68190  2.32   24004   16369   76119    97188   4.05
  2010        95-99     0.34391  0.84265  1.97    7636    6434   18709    21069   2.76
  2010       100-104    0.50098  0.93512  1.65    1201    1123    2243     2360   1.96
  2010       105-109    0.65959  0.97331  1.38      78      76     115      118   1.51
  2010       110+       0.77602  1.00000  1.29       2       2       3        3   1.29
  2011           0      0.00402  0.00400  0.14  100000     400   99656  8051871  80.52
  2011         1-4      0.00022  0.00087  1.66   99600      87  398195  7952215  79.84
  2011         5-9      0.00008  0.00042  1.40   99513      42  497411  7554020  75.91
  2011        10-14     0.00007  0.00035  2.15   99470      35  497252  7056609  70.94
  2011        15-19     0.00034  0.00171  2.89   99435     170  496817  6559358  65.97
  2011        20-24     0.00062  0.00312  2.61   99265     309  495586  6062540  61.07
  2011        25-29     0.00071  0.00354  2.56   98956     350  493924  5566954  56.26
  2011        30-34     0.00076  0.00380  2.56   98606     375  492112  5073030  51.45
  2011        35-39     0.00102  0.00508  2.59   98230     499  489951  4580919  46.63
  2011        40-44     0.00133  0.00661  2.46   97732     646  487018  4090968  41.86
  2011        45-49     0.00207  0.01030  2.62   97086    1000  483050  3603949  37.12
  2011        50-54     0.00294  0.01459  2.69   96085    1402  477181  3120899  32.48
  2011        55-59     0.00471  0.02328  2.72   94683    2204  468398  2643718  27.92
  2011        60-64     0.00758  0.03724  2.65   92479    3444  454298  2175320  23.52
  2011        65-69     0.01214  0.05904  2.70   89035    5256  433098  1721022  19.33
  2011        70-74     0.02039  0.09736  2.68   83779    8157  400001  1287924  15.37
  2011        75-79     0.03625  0.16708  2.66   75622   12635  348602   887923  11.74
  2011        80-84     0.06652  0.28699  2.61   62987   18077  271727   539321   8.56
  2011        85-89     0.12219  0.46872  2.52   44910   21050  172271   267594   5.96
  2011        90-94     0.21701  0.68183  2.27   23860   16268   74965    95323   4.00
  2011        95-99     0.35508  0.85289  1.95    7592    6475   18235    20358   2.68
  2011       100-104    0.51874  0.94168  1.62    1117    1052    2027     2123   1.90
  2011       105-109    0.68055  0.97640  1.35      65      64      93       95   1.46
  2011       110+       0.79617  1.00000  1.26       2       2       2        2   1.26
  2012           0      0.00313  0.00312  0.14  100000     312   99733  8143430  81.43
  2012         1-4      0.00015  0.00061  1.73   99688      61  398613  8043698  80.69
  2012         5-9      0.00015  0.00073  2.40   99627      73  497946  7645084  76.74
  2012        10-14     0.00009  0.00047  2.18   99555      47  497641  7147138  71.79
  2012        15-19     0.00029  0.00147  3.11   99508     146  497264  6649497  66.82
  2012        20-24     0.00044  0.00218  2.53   99362     217  496274  6152234  61.92
  2012        25-29     0.00063  0.00317  2.40   99145     314  494910  5655960  57.05
  2012        30-34     0.00069  0.00344  2.65   98831     340  493355  5161050  52.22
  2012        35-39     0.00089  0.00445  2.83   98491     438  491503  4667695  47.39
  2012        40-44     0.00133  0.00662  2.63   98052     649  488724  4176192  42.59
  2012        45-49     0.00165  0.00823  2.69   97403     802  485159  3687468  37.86
  2012        50-54     0.00264  0.01310  2.67   96601    1266  480057  3202309  33.15
  2012        55-59     0.00464  0.02296  2.64   95335    2189  471516  2722252  28.55
  2012        60-64     0.00686  0.03377  2.66   93146    3145  458379  2250736  24.16
  2012        65-69     0.01078  0.05258  2.67   90001    4733  438979  1792357  19.91
  2012        70-74     0.01876  0.08988  2.68   85268    7664  408589  1353378  15.87
  2012        75-79     0.03342  0.15535  2.74   77605   12056  360775   944789  12.17
  2012        80-84     0.06293  0.27322  2.59   65549   17909  284570   584014   8.91
  2012        85-89     0.11169  0.43895  2.56   47640   20912  187222   299444   6.29
  2012        90-94     0.20381  0.65657  2.29   26728   17549   86105   112221   4.20
  2012        95-99     0.33170  0.83177  2.00    9179    7635   23018    26117   2.85
  2012       100-104    0.48967  0.93104  1.67    1544    1438    2936     3099   2.01
  2012       105-109    0.65143  0.97216  1.39     106     104     159      163   1.53
  2012       110+       0.77103  1.00000  1.30       3       3       4        4   1.30
  2013           0      0.00282  0.00281  0.14  100000     281   99759  8164543  81.65
  2013         1-4      0.00011  0.00043  0.98   99719      43  398746  8064784  80.88
  2013         5-9      0.00012  0.00059  1.66   99676      59  498183  7666038  76.91
  2013        10-14     0.00010  0.00052  2.61   99617      52  497961  7167855  71.95
  2013        15-19     0.00032  0.00159  3.16   99565     158  497534  6669894  66.99
  2013        20-24     0.00048  0.00241  2.41   99407     239  496414  6172360  62.09
  2013        25-29     0.00059  0.00295  2.45   99168     292  495093  5675946  57.24
  2013        30-34     0.00065  0.00325  2.72   98875     321  493643  5180854  52.40
  2013        35-39     0.00079  0.00392  2.53   98554     386  491817  4687211  47.56
  2013        40-44     0.00114  0.00566  2.45   98168     556  489423  4195394  42.74
  2013        45-49     0.00200  0.00994  2.75   97612     970  485877  3705971  37.97
  2013        50-54     0.00291  0.01446  2.66   96642    1397  479937  3220094  33.32
  2013        55-59     0.00423  0.02093  2.59   95245    1994  471410  2740157  28.77
  2013        60-64     0.00693  0.03409  2.69   93251    3179  458917  2268747  24.33
  2013        65-69     0.01118  0.05451  2.68   90072    4910  438976  1809831  20.09
  2013        70-74     0.01836  0.08806  2.70   85163    7499  408543  1370855  16.10
  2013        75-79     0.03170  0.14766  2.68   77664   11468  361749   962312  12.39
  2013        80-84     0.06133  0.26767  2.63   66195   17719  288926   600564   9.07
  2013        85-89     0.10956  0.43207  2.56   48477   20945  191178   311637   6.43
  2013        90-94     0.19411  0.63745  2.31   27532   17550   90413   120459   4.38
  2013        95-99     0.31090  0.81011  2.04    9982    8086   26009    30046   3.01
  2013       100-104    0.45945  0.91763  1.73    1895    1739    3786     4037   2.13
  2013       105-109    0.61675  0.96594  1.45     156     151     245      252   1.61
  2013       110+       0.73750  1.00000  1.36       5       5       7        7   1.36
  2014           0      0.00260  0.00259  0.14  100000     259   99778  8126017  81.26
  2014         1-4      0.00014  0.00055  1.83   99741      55  398843  8026239  80.47
  2014         5-9      0.00009  0.00044  2.12   99686      44  498300  7627396  76.51
  2014        10-14     0.00007  0.00034  2.26   99641      34  498113  7129095  71.55
  2014        15-19     0.00028  0.00141  2.85   99607     140  497734  6630983  66.57
  2014        20-24     0.00047  0.00236  2.60   99467     235  496770  6133249  61.66
  2014        25-29     0.00064  0.00318  2.63   99232     315  495414  5636479  56.80
  2014        30-34     0.00084  0.00418  2.71   98917     414  493635  5141065  51.97
  2014        35-39     0.00106  0.00530  2.57   98503     522  491242  4647430  47.18
  2014        40-44     0.00151  0.00751  2.69   97981     736  488200  4156188  42.42
  2014        45-49     0.00198  0.00983  2.69   97245     956  484020  3667988  37.72
  2014        50-54     0.00328  0.01627  2.69   96289    1567  477830  3183968  33.07
  2014        55-59     0.00478  0.02366  2.66   94722    2241  468370  2706138  28.57
  2014        60-64     0.00732  0.03598  2.59   92481    3328  454386  2237768  24.20
  2014        65-69     0.01169  0.05692  2.69   89153    5075  434041  1783382  20.00
  2014        70-74     0.01852  0.08877  2.66   84078    7463  402910  1349341  16.05
  2014        75-79     0.03185  0.14826  2.67   76615   11359  356617   946431  12.35
  2014        80-84     0.06214  0.27094  2.64   65256   17680  284507   589814   9.04
  2014        85-89     0.10928  0.43070  2.54   47576   20491  187512   305307   6.42
  2014        90-94     0.19572  0.64561  2.36   27085   17486   89343   117795   4.35
  2014        95-99     0.31645  0.81616  2.03    9599    7834   24756    28452   2.96
  2014       100-104    0.46781  0.92159  1.71    1765    1626    3476     3696   2.09
  2014       105-109    0.62666  0.96785  1.43     138     134     214      220   1.59
  2014       110+       0.74736  1.00000  1.34       4       4       6        6   1.34
  2015           0      0.00223  0.00223  0.14  100000     223   99809  8127466  81.27
  2015         1-4      0.00018  0.00072  1.99   99777      71  398965  8027657  80.46
  2015         5-9      0.00003  0.00015  1.69   99706      15  498478  7628692  76.51
  2015        10-14     0.00009  0.00045  3.03   99691      45  498364  7130213  71.52
  2015        15-19     0.00035  0.00175  2.69   99646     175  497825  6631849  66.55
  2015        20-24     0.00043  0.00215  2.54   99471     214  496831  6134024  61.67
  2015        25-29     0.00057  0.00286  2.64   99257     284  495616  5637193  56.79
  2015        30-34     0.00079  0.00392  2.61   98973     388  493939  5141577  51.95
  2015        35-39     0.00108  0.00538  2.61   98585     531  491657  4647637  47.14
  2015        40-44     0.00154  0.00768  2.66   98054     753  488508  4155980  42.38
  2015        45-49     0.00216  0.01075  2.70   97302    1046  484105  3667472  37.69
  2015        50-54     0.00314  0.01560  2.65   96255    1501  477743  3183367  33.07
  2015        55-59     0.00465  0.02300  2.71   94754    2179  468772  2705624  28.55
  2015        60-64     0.00721  0.03548  2.69   92575    3285  455278  2236852  24.16
  2015        65-69     0.01146  0.05578  2.61   89290    4981  434530  1781574  19.95
  2015        70-74     0.01816  0.08716  2.70   84309    7348  404657  1347044  15.98
  2015        75-79     0.03261  0.15147  2.66   76961   11657  357484   942387  12.24
  2015        80-84     0.06056  0.26515  2.66   65304   17315  285935   584903   8.96
  2015        85-89     0.11569  0.44759  2.47   47989   21479  185657   298968   6.23
  2015        90-94     0.19789  0.64594  2.31   26509   17123   86529   113311   4.27
  2015        95-99     0.33054  0.83074  2.01    9386    7797   23589    26782   2.85
  2015       100-104    0.48890  0.93079  1.67    1589    1479    3024     3193   2.01
  2015       105-109    0.65124  0.97215  1.39     110     107     164      168   1.53
  2015       110+       0.77124  1.00000  1.30       3       3       4        4   1.30
  2016           0      0.00288  0.00287  0.14  100000     287   99754  8154506  81.55
  2016         1-4      0.00010  0.00041  1.38   99713      41  398744  8054751  80.78
  2016         5-9      0.00008  0.00038  2.38   99672      37  498261  7656007  76.81
  2016        10-14     0.00009  0.00047  3.05   99634      47  498080  7157746  71.84
  2016        15-19     0.00036  0.00180  2.97   99587     179  497573  6659666  66.87
  2016        20-24     0.00053  0.00265  2.70   99408     264  496435  6162093  61.99
  2016        25-29     0.00061  0.00307  2.40   99145     304  494933  5665658  57.15
  2016        30-34     0.00071  0.00353  2.65   98840     349  493383  5170724  52.31
  2016        35-39     0.00105  0.00524  2.37   98491     516  491097  4677342  47.49
  2016        40-44     0.00142  0.00706  2.66   97976     692  488259  4186245  42.73
  2016        45-49     0.00204  0.01013  2.71   97284     986  484160  3697986  38.01
  2016        50-54     0.00300  0.01491  2.71   96298    1436  478203  3213826  33.37
  2016        55-59     0.00416  0.02061  2.68   94862    1956  469776  2735622  28.84
  2016        60-64     0.00712  0.03501  2.66   92907    3253  456937  2265846  24.39
  2016        65-69     0.01051  0.05130  2.67   89654    4599  437541  1808909  20.18
  2016        70-74     0.01759  0.08455  2.71   85054    7191  408809  1371368  16.12
  2016        75-79     0.03269  0.15187  2.66   77863   11825  361698   962559  12.36
  2016        80-84     0.06161  0.26844  2.61   66038   17727  287743   600861   9.10
  2016        85-89     0.10827  0.42685  2.52   48310   20621  190464   313118   6.48
  2016        90-94     0.19017  0.62979  2.32   27689   17438   91697   122654   4.43
  2016        95-99     0.30974  0.80883  2.05   10251    8291   26768    30957   3.02
  2016       100-104    0.45770  0.91678  1.73    1960    1797    3925     4189   2.14
  2016       105-109    0.61468  0.96553  1.45     163     157     256      264   1.62
  2016       110+       0.73542  1.00000  1.36       6       6       8        8   1.36
