VIC, Life tables (period 1x10), Males	Last modified: 02 Jul 2018;  Methods Protocol: v6 (2017)

  Year          Age         mx       qx    ax      lx      dx      Lx       Tx     ex
1971-1979        0      0.01442  0.01424  0.12  100000    1424   98747  6985356  69.85
1971-1979        1      0.00102  0.00102  0.50   98576     101   98525  6886609  69.86
1971-1979        2      0.00084  0.00084  0.50   98475      83   98434  6788084  68.93
1971-1979        3      0.00056  0.00056  0.50   98392      55   98365  6689650  67.99
1971-1979        4      0.00053  0.00053  0.50   98337      52   98311  6591285  67.03
1971-1979        5      0.00041  0.00041  0.50   98285      40   98265  6492974  66.06
1971-1979        6      0.00045  0.00045  0.50   98245      45   98222  6394710  65.09
1971-1979        7      0.00042  0.00042  0.50   98200      41   98179  6296487  64.12
1971-1979        8      0.00030  0.00030  0.50   98159      30   98144  6198308  63.15
1971-1979        9      0.00033  0.00033  0.50   98129      33   98113  6100164  62.16
1971-1979       10      0.00031  0.00031  0.50   98097      31   98082  6002051  61.18
1971-1979       11      0.00031  0.00031  0.50   98066      31   98051  5903969  60.20
1971-1979       12      0.00032  0.00032  0.50   98035      31   98020  5805918  59.22
1971-1979       13      0.00040  0.00040  0.50   98004      39   97985  5707898  58.24
1971-1979       14      0.00049  0.00049  0.50   97965      48   97941  5609914  57.26
1971-1979       15      0.00060  0.00060  0.50   97917      59   97887  5511973  56.29
1971-1979       16      0.00084  0.00084  0.50   97858      82   97817  5414086  55.33
1971-1979       17      0.00113  0.00113  0.50   97776     110   97721  5316269  54.37
1971-1979       18      0.00193  0.00193  0.50   97666     189   97571  5218548  53.43
1971-1979       19      0.00200  0.00200  0.50   97477     195   97379  5120977  52.54
1971-1979       20      0.00180  0.00180  0.50   97282     175   97194  5023597  51.64
1971-1979       21      0.00171  0.00171  0.50   97107     166   97024  4926403  50.73
1971-1979       22      0.00166  0.00166  0.50   96940     161   96860  4829379  49.82
1971-1979       23      0.00148  0.00148  0.50   96779     143   96708  4732519  48.90
1971-1979       24      0.00145  0.00145  0.50   96636     140   96566  4635812  47.97
1971-1979       25      0.00116  0.00116  0.50   96496     112   96440  4539246  47.04
1971-1979       26      0.00109  0.00109  0.50   96385     105   96332  4442805  46.09
1971-1979       27      0.00122  0.00122  0.50   96280     118   96221  4346473  45.14
1971-1979       28      0.00112  0.00112  0.50   96162     107   96108  4250252  44.20
1971-1979       29      0.00115  0.00115  0.50   96055     110   96000  4154143  43.25
1971-1979       30      0.00107  0.00107  0.50   95945     103   95893  4058144  42.30
1971-1979       31      0.00125  0.00125  0.50   95842     120   95782  3962251  41.34
1971-1979       32      0.00118  0.00118  0.50   95722     113   95666  3866468  40.39
1971-1979       33      0.00119  0.00119  0.50   95610     113   95553  3770803  39.44
1971-1979       34      0.00134  0.00134  0.50   95496     128   95432  3675250  38.49
1971-1979       35      0.00144  0.00143  0.50   95368     137   95300  3579817  37.54
1971-1979       36      0.00151  0.00151  0.50   95232     144   95160  3484517  36.59
1971-1979       37      0.00178  0.00177  0.50   95088     169   95004  3389358  35.64
1971-1979       38      0.00202  0.00201  0.50   94919     191   94824  3294354  34.71
1971-1979       39      0.00217  0.00217  0.50   94728     205   94625  3199530  33.78
1971-1979       40      0.00216  0.00215  0.50   94523     204   94421  3104905  32.85
1971-1979       41      0.00244  0.00243  0.50   94319     229   94205  3010484  31.92
1971-1979       42      0.00300  0.00299  0.50   94090     282   93949  2916279  30.99
1971-1979       43      0.00344  0.00343  0.50   93808     322   93647  2822330  30.09
1971-1979       44      0.00403  0.00402  0.50   93487     376   93299  2728683  29.19
1971-1979       45      0.00422  0.00422  0.50   93111     392   92915  2635384  28.30
1971-1979       46      0.00482  0.00481  0.50   92718     446   92495  2542469  27.42
1971-1979       47      0.00518  0.00517  0.50   92273     477   92034  2449974  26.55
1971-1979       48      0.00594  0.00592  0.50   91796     543   91524  2357940  25.69
1971-1979       49      0.00681  0.00679  0.50   91252     620   90943  2266416  24.84
1971-1979       50      0.00727  0.00724  0.50   90633     656   90305  2175473  24.00
1971-1979       51      0.00746  0.00744  0.50   89977     669   89642  2085168  23.17
1971-1979       52      0.00936  0.00931  0.50   89308     832   88892  1995526  22.34
1971-1979       53      0.00975  0.00971  0.50   88476     859   88046  1906634  21.55
1971-1979       54      0.01098  0.01092  0.50   87617     957   87139  1818588  20.76
1971-1979       55      0.01146  0.01139  0.50   86660     987   86167  1731449  19.98
1971-1979       56      0.01301  0.01292  0.50   85673    1107   85119  1645283  19.20
1971-1979       57      0.01436  0.01426  0.50   84566    1206   83963  1560163  18.45
1971-1979       58      0.01656  0.01643  0.50   83360    1369   82675  1476200  17.71
1971-1979       59      0.01828  0.01811  0.50   81990    1485   81248  1393525  17.00
1971-1979       60      0.01936  0.01918  0.50   80506    1544   79734  1312277  16.30
1971-1979       61      0.02094  0.02073  0.50   78962    1636   78143  1232544  15.61
1971-1979       62      0.02354  0.02326  0.50   77325    1799   76426  1154400  14.93
1971-1979       63      0.02606  0.02572  0.50   75526    1943   74555  1077974  14.27
1971-1979       64      0.02799  0.02761  0.50   73584    2031   72568  1003419  13.64
1971-1979       65      0.03161  0.03112  0.50   71552    2226   70439   930851  13.01
1971-1979       66      0.03117  0.03069  0.50   69326    2128   68262   860412  12.41
1971-1979       67      0.03753  0.03684  0.50   67198    2476   65961   792150  11.79
1971-1979       68      0.04067  0.03986  0.50   64723    2580   63433   726190  11.22
1971-1979       69      0.04631  0.04527  0.50   62143    2813   60736   662757  10.67
1971-1979       70      0.04723  0.04615  0.50   59330    2738   57961   602020  10.15
1971-1979       71      0.04993  0.04871  0.50   56592    2757   55214   544059   9.61
1971-1979       72      0.05967  0.05794  0.50   53836    3119   52276   488845   9.08
1971-1979       73      0.06376  0.06179  0.50   50716    3134   49149   436569   8.61
1971-1979       74      0.07196  0.06946  0.50   47583    3305   45930   387420   8.14
1971-1979       75      0.07821  0.07527  0.50   44278    3333   42611   341490   7.71
1971-1979       76      0.08454  0.08111  0.50   40945    3321   39284   298879   7.30
1971-1979       77      0.08797  0.08427  0.50   37624    3170   36039   259594   6.90
1971-1979       78      0.10178  0.09685  0.50   34453    3337   32785   223556   6.49
1971-1979       79      0.11028  0.10452  0.50   31116    3252   29490   190771   6.13
1971-1979       80      0.11754  0.11102  0.50   27864    3093   26317   161281   5.79
1971-1979       81      0.12226  0.11522  0.50   24771    2854   23344   134964   5.45
1971-1979       82      0.14267  0.13317  0.50   21917    2919   20457   111620   5.09
1971-1979       83      0.16055  0.14862  0.50   18998    2823   17586    91163   4.80
1971-1979       84      0.17063  0.15721  0.50   16175    2543   14903    73576   4.55
1971-1979       85      0.17613  0.16187  0.50   13632    2207   12528    58673   4.30
1971-1979       86      0.19952  0.18142  0.50   11425    2073   10389    46145   4.04
1971-1979       87      0.21557  0.19460  0.50    9352    1820    8442    35756   3.82
1971-1979       88      0.23050  0.20668  0.50    7532    1557    6754    27313   3.63
1971-1979       89      0.24564  0.21877  0.50    5976    1307    5322    20559   3.44
1971-1979       90      0.25266  0.22432  0.50    4668    1047    4145    15237   3.26
1971-1979       91      0.27260  0.23990  0.50    3621     869    3187    11092   3.06
1971-1979       92      0.30250  0.26276  0.50    2752     723    2391     7906   2.87
1971-1979       93      0.33518  0.28707  0.50    2029     583    1738     5515   2.72
1971-1979       94      0.31834  0.27463  0.50    1447     397    1248     3777   2.61
1971-1979       95      0.37429  0.31528  0.50    1049     331     884     2529   2.41
1971-1979       96      0.39794  0.33190  0.50     719     238     599     1645   2.29
1971-1979       97      0.42208  0.34853  0.50     480     167     396     1045   2.18
1971-1979       98      0.44660  0.36508  0.50     313     114     256      649   2.08
1971-1979       99      0.47138  0.38147  0.50     199      76     161      393   1.98
1971-1979      100      0.49631  0.39763  0.50     123      49      98      233   1.89
1971-1979      101      0.52125  0.41348  0.50      74      31      59      134   1.82
1971-1979      102      0.54608  0.42896  0.50      43      19      34       76   1.74
1971-1979      103      0.57069  0.44400  0.50      25      11      19       42   1.68
1971-1979      104      0.59496  0.45855  0.50      14       6      11       22   1.62
1971-1979      105      0.61877  0.47256  0.50       7       4       6       12   1.56
1971-1979      106      0.64202  0.48601  0.50       4       2       3        6   1.51
1971-1979      107      0.66462  0.49885  0.50       2       1       2        3   1.47
1971-1979      108      0.68649  0.51107  0.50       1       1       1        1   1.43
1971-1979      109      0.70757  0.52266  0.50       0       0       0        1   1.39
1971-1979      110+     0.72779  1.00000  1.37       0       0       0        0   1.37
1980-1989        0      0.00984  0.00975  0.13  100000     975   99151  7268822  72.69
1980-1989        1      0.00069  0.00069  0.50   99025      69   98990  7169671  72.40
1980-1989        2      0.00050  0.00050  0.50   98956      50   98931  7070681  71.45
1980-1989        3      0.00045  0.00045  0.50   98906      45   98884  6971749  70.49
1980-1989        4      0.00038  0.00038  0.50   98862      38   98843  6872865  69.52
1980-1989        5      0.00027  0.00027  0.50   98824      27   98811  6774022  68.55
1980-1989        6      0.00033  0.00033  0.50   98797      32   98781  6675212  67.56
1980-1989        7      0.00026  0.00026  0.50   98765      25   98752  6576430  66.59
1980-1989        8      0.00026  0.00025  0.50   98740      25   98727  6477678  65.60
1980-1989        9      0.00023  0.00023  0.50   98715      23   98703  6378951  64.62
1980-1989       10      0.00024  0.00024  0.50   98692      24   98680  6280247  63.64
1980-1989       11      0.00026  0.00026  0.50   98668      26   98655  6181568  62.65
1980-1989       12      0.00030  0.00030  0.50   98642      29   98627  6082913  61.67
1980-1989       13      0.00030  0.00030  0.50   98613      30   98598  5984286  60.68
1980-1989       14      0.00037  0.00037  0.50   98582      36   98564  5885688  59.70
1980-1989       15      0.00043  0.00043  0.50   98546      42   98525  5787124  58.73
1980-1989       16      0.00062  0.00062  0.50   98504      61   98473  5688599  57.75
1980-1989       17      0.00088  0.00088  0.50   98442      86   98399  5590126  56.79
1980-1989       18      0.00143  0.00143  0.50   98356     140   98285  5491727  55.84
1980-1989       19      0.00152  0.00152  0.50   98215     149   98141  5393442  54.91
1980-1989       20      0.00152  0.00152  0.50   98066     149   97991  5295301  54.00
1980-1989       21      0.00152  0.00152  0.50   97917     149   97842  5197310  53.08
1980-1989       22      0.00137  0.00136  0.50   97768     133   97701  5099467  52.16
1980-1989       23      0.00136  0.00135  0.50   97635     132   97569  5001766  51.23
1980-1989       24      0.00145  0.00145  0.50   97502     141   97432  4904198  50.30
1980-1989       25      0.00135  0.00135  0.50   97361     131   97296  4806766  49.37
1980-1989       26      0.00117  0.00117  0.50   97230     114   97173  4709470  48.44
1980-1989       27      0.00124  0.00124  0.50   97116     120   97056  4612297  47.49
1980-1989       28      0.00124  0.00124  0.50   96996     120   96936  4515241  46.55
1980-1989       29      0.00127  0.00127  0.50   96876     123   96814  4418305  45.61
1980-1989       30      0.00113  0.00113  0.50   96753     109   96698  4321491  44.67
1980-1989       31      0.00129  0.00129  0.50   96644     124   96582  4224793  43.72
1980-1989       32      0.00123  0.00122  0.50   96519     118   96460  4128211  42.77
1980-1989       33      0.00129  0.00129  0.50   96401     124   96339  4031751  41.82
1980-1989       34      0.00129  0.00129  0.50   96277     124   96215  3935412  40.88
1980-1989       35      0.00122  0.00122  0.50   96153     117   96094  3839197  39.93
1980-1989       36      0.00118  0.00118  0.50   96036     113   95979  3743102  38.98
1980-1989       37      0.00125  0.00125  0.50   95922     120   95862  3647123  38.02
1980-1989       38      0.00140  0.00140  0.50   95803     134   95736  3551261  37.07
1980-1989       39      0.00161  0.00161  0.50   95669     154   95592  3455525  36.12
1980-1989       40      0.00167  0.00167  0.50   95515     159   95435  3359934  35.18
1980-1989       41      0.00181  0.00181  0.50   95356     173   95269  3264499  34.24
1980-1989       42      0.00208  0.00208  0.50   95183     198   95084  3169230  33.30
1980-1989       43      0.00242  0.00242  0.50   94985     229   94870  3074145  32.36
1980-1989       44      0.00262  0.00262  0.50   94756     248   94632  2979275  31.44
1980-1989       45      0.00299  0.00299  0.50   94507     282   94366  2884643  30.52
1980-1989       46      0.00325  0.00325  0.50   94225     306   94072  2790277  29.61
1980-1989       47      0.00339  0.00339  0.50   93919     318   93760  2696205  28.71
1980-1989       48      0.00407  0.00406  0.50   93601     380   93411  2602445  27.80
1980-1989       49      0.00466  0.00465  0.50   93221     433   93004  2509034  26.91
1980-1989       50      0.00535  0.00534  0.50   92788     495   92540  2416030  26.04
1980-1989       51      0.00525  0.00524  0.50   92292     484   92051  2323490  25.18
1980-1989       52      0.00678  0.00676  0.50   91809     621   91499  2231439  24.31
1980-1989       53      0.00729  0.00727  0.50   91188     663   90857  2139940  23.47
1980-1989       54      0.00816  0.00812  0.50   90526     735   90158  2049083  22.64
1980-1989       55      0.00900  0.00896  0.50   89790     804   89388  1958925  21.82
1980-1989       56      0.00956  0.00951  0.50   88986     847   88563  1869537  21.01
1980-1989       57      0.01137  0.01130  0.50   88139     996   87641  1780974  20.21
1980-1989       58      0.01266  0.01258  0.50   87143    1096   86595  1693333  19.43
1980-1989       59      0.01375  0.01365  0.50   86047    1175   85459  1606738  18.67
1980-1989       60      0.01514  0.01502  0.50   84872    1275   84234  1521279  17.92
1980-1989       61      0.01587  0.01574  0.50   83597    1316   82939  1437044  17.19
1980-1989       62      0.01877  0.01859  0.50   82281    1530   81516  1354105  16.46
1980-1989       63      0.01989  0.01969  0.50   80751    1590   79956  1272589  15.76
1980-1989       64      0.02172  0.02149  0.50   79161    1701   78310  1192633  15.07
1980-1989       65      0.02497  0.02466  0.50   77460    1910   76504  1114323  14.39
1980-1989       66      0.02604  0.02571  0.50   75549    1942   74578  1037819  13.74
1980-1989       67      0.02919  0.02877  0.50   73607    2117   72548   963240  13.09
1980-1989       68      0.03162  0.03113  0.50   71490    2225   70377   890692  12.46
1980-1989       69      0.03605  0.03541  0.50   69264    2453   68038   820315  11.84
1980-1989       70      0.03841  0.03769  0.50   66811    2518   65553   752277  11.26
1980-1989       71      0.04231  0.04143  0.50   64294    2664   62962   686725  10.68
1980-1989       72      0.04822  0.04709  0.50   61630    2902   60179   623763  10.12
1980-1989       73      0.05167  0.05037  0.50   58728    2958   57249   563584   9.60
1980-1989       74      0.05670  0.05513  0.50   55770    3075   54232   506336   9.08
1980-1989       75      0.06232  0.06044  0.50   52695    3185   51102   452104   8.58
1980-1989       76      0.06892  0.06662  0.50   49510    3298   47861   401001   8.10
1980-1989       77      0.07380  0.07117  0.50   46212    3289   44567   353140   7.64
1980-1989       78      0.08268  0.07940  0.50   42923    3408   41219   308573   7.19
1980-1989       79      0.09198  0.08794  0.50   39514    3475   37777   267355   6.77
1980-1989       80      0.10093  0.09608  0.50   36040    3463   34308   229578   6.37
1980-1989       81      0.10757  0.10208  0.50   32577    3326   30914   195269   5.99
1980-1989       82      0.12045  0.11361  0.50   29252    3323   27590   164355   5.62
1980-1989       83      0.13475  0.12624  0.50   25928    3273   24292   136765   5.27
1980-1989       84      0.15060  0.14006  0.50   22655    3173   21069   112474   4.96
1980-1989       85      0.15553  0.14431  0.50   19482    2811   18076    91405   4.69
1980-1989       86      0.17099  0.15752  0.50   16671    2626   15358    73329   4.40
1980-1989       87      0.18902  0.17270  0.50   14045    2425   12832    57971   4.13
1980-1989       88      0.19612  0.17861  0.50   11619    2075   10581    45139   3.88
1980-1989       89      0.22500  0.20225  0.50    9544    1930    8579    34558   3.62
1980-1989       90      0.24344  0.21702  0.50    7614    1652    6787    25979   3.41
1980-1989       91      0.24493  0.21821  0.50    5961    1301    5311    19192   3.22
1980-1989       92      0.29405  0.25636  0.50    4660    1195    4063    13881   2.98
1980-1989       93      0.30478  0.26448  0.50    3466     917    3007     9818   2.83
1980-1989       94      0.33921  0.29002  0.50    2549     739    2179     6810   2.67
1980-1989       95      0.34665  0.29544  0.50    1810     535    1542     4631   2.56
1980-1989       96      0.37053  0.31261  0.50    1275     399    1076     3088   2.42
1980-1989       97      0.39506  0.32990  0.50     877     289     732     2013   2.30
1980-1989       98      0.42013  0.34720  0.50     587     204     485     1281   2.18
1980-1989       99      0.44562  0.36442  0.50     383     140     314      795   2.07
1980-1989      100      0.47140  0.38149  0.50     244      93     197      482   1.98
1980-1989      101      0.49734  0.39829  0.50     151      60     121      285   1.89
1980-1989      102      0.52329  0.41477  0.50      91      38      72      164   1.81
1980-1989      103      0.54911  0.43082  0.50      53      23      42       92   1.73
1980-1989      104      0.57467  0.44640  0.50      30      13      23       50   1.66
1980-1989      105      0.59984  0.46144  0.50      17       8      13       27   1.60
1980-1989      106      0.62449  0.47590  0.50       9       4       7       14   1.55
1980-1989      107      0.64852  0.48972  0.50       5       2       4        7   1.50
1980-1989      108      0.67181  0.50289  0.50       2       1       2        4   1.45
1980-1989      109      0.69429  0.51538  0.50       1       1       1        2   1.42
1980-1989      110+     0.71588  1.00000  1.40       1       1       1        1   1.40
1990-1999        0      0.00623  0.00620  0.14  100000     620   99465  7565758  75.66
1990-1999        1      0.00051  0.00051  0.50   99380      50   99355  7466293  75.13
1990-1999        2      0.00039  0.00039  0.50   99330      39   99310  7366938  74.17
1990-1999        3      0.00030  0.00030  0.50   99291      30   99276  7267628  73.20
1990-1999        4      0.00023  0.00023  0.50   99262      23   99250  7168351  72.22
1990-1999        5      0.00016  0.00016  0.50   99238      16   99230  7069101  71.23
1990-1999        6      0.00014  0.00014  0.50   99222      14   99215  6969871  70.25
1990-1999        7      0.00015  0.00015  0.50   99208      14   99201  6870656  69.25
1990-1999        8      0.00023  0.00023  0.50   99194      22   99183  6771455  68.26
1990-1999        9      0.00014  0.00014  0.50   99171      14   99164  6672272  67.28
1990-1999       10      0.00015  0.00015  0.50   99157      15   99150  6573108  66.29
1990-1999       11      0.00013  0.00013  0.50   99143      13   99136  6473958  65.30
1990-1999       12      0.00016  0.00016  0.50   99130      16   99122  6374821  64.31
1990-1999       13      0.00025  0.00025  0.50   99114      25   99101  6275700  63.32
1990-1999       14      0.00029  0.00029  0.50   99088      29   99074  6176599  62.33
1990-1999       15      0.00033  0.00033  0.50   99060      33   99043  6077525  61.35
1990-1999       16      0.00049  0.00049  0.50   99027      49   99003  5978481  60.37
1990-1999       17      0.00068  0.00068  0.50   98978      67   98945  5879479  59.40
1990-1999       18      0.00105  0.00105  0.50   98911     103   98859  5780534  58.44
1990-1999       19      0.00116  0.00116  0.50   98808     114   98750  5681675  57.50
1990-1999       20      0.00108  0.00108  0.50   98693     106   98640  5582924  56.57
1990-1999       21      0.00110  0.00110  0.50   98587     108   98533  5484284  55.63
1990-1999       22      0.00114  0.00114  0.50   98479     112   98423  5385751  54.69
1990-1999       23      0.00133  0.00133  0.50   98367     130   98301  5287329  53.75
1990-1999       24      0.00118  0.00118  0.50   98236     116   98178  5189028  52.82
1990-1999       25      0.00113  0.00113  0.50   98120     111   98065  5090849  51.88
1990-1999       26      0.00119  0.00119  0.50   98010     116   97952  4992784  50.94
1990-1999       27      0.00123  0.00123  0.50   97893     121   97833  4894833  50.00
1990-1999       28      0.00119  0.00118  0.50   97773     116   97715  4797000  49.06
1990-1999       29      0.00119  0.00119  0.50   97657     116   97599  4699285  48.12
1990-1999       30      0.00127  0.00127  0.50   97540     123   97479  4601686  47.18
1990-1999       31      0.00119  0.00119  0.50   97417     116   97359  4504207  46.24
1990-1999       32      0.00121  0.00121  0.50   97301     117   97242  4406848  45.29
1990-1999       33      0.00117  0.00117  0.50   97183     113   97127  4309606  44.35
1990-1999       34      0.00126  0.00126  0.50   97070     122   97009  4212479  43.40
1990-1999       35      0.00131  0.00131  0.50   96948     127   96885  4115470  42.45
1990-1999       36      0.00139  0.00139  0.50   96821     135   96754  4018586  41.51
1990-1999       37      0.00127  0.00127  0.50   96687     123   96625  3921832  40.56
1990-1999       38      0.00138  0.00137  0.50   96563     133   96497  3825207  39.61
1990-1999       39      0.00124  0.00124  0.50   96431     120   96371  3728710  38.67
1990-1999       40      0.00154  0.00154  0.50   96311     148   96237  3632339  37.71
1990-1999       41      0.00167  0.00167  0.50   96163     160   96083  3536102  36.77
1990-1999       42      0.00184  0.00184  0.50   96003     176   95914  3440020  35.83
1990-1999       43      0.00190  0.00190  0.50   95826     182   95735  3344105  34.90
1990-1999       44      0.00217  0.00217  0.50   95645     208   95541  3248370  33.96
1990-1999       45      0.00218  0.00217  0.50   95437     207   95333  3152829  33.04
1990-1999       46      0.00248  0.00248  0.50   95229     236   95111  3057496  32.11
1990-1999       47      0.00253  0.00252  0.50   94993     240   94874  2962385  31.19
1990-1999       48      0.00284  0.00284  0.50   94754     269   94619  2867511  30.26
1990-1999       49      0.00315  0.00314  0.50   94485     297   94336  2772892  29.35
1990-1999       50      0.00359  0.00358  0.50   94188     337   94019  2678556  28.44
1990-1999       51      0.00375  0.00374  0.50   93850     351   93675  2584537  27.54
1990-1999       52      0.00414  0.00413  0.50   93499     386   93306  2490862  26.64
1990-1999       53      0.00461  0.00459  0.50   93113     428   92899  2397556  25.75
1990-1999       54      0.00539  0.00538  0.50   92685     498   92436  2304657  24.87
1990-1999       55      0.00588  0.00586  0.50   92187     540   91917  2212221  24.00
1990-1999       56      0.00639  0.00636  0.50   91646     583   91355  2120305  23.14
1990-1999       57      0.00766  0.00763  0.50   91063     695   90716  2028950  22.28
1990-1999       58      0.00834  0.00831  0.50   90369     751   89993  1938234  21.45
1990-1999       59      0.00947  0.00943  0.50   89618     845   89195  1848241  20.62
1990-1999       60      0.01072  0.01067  0.50   88773     947   88300  1759046  19.82
1990-1999       61      0.01195  0.01188  0.50   87826    1043   87304  1670746  19.02
1990-1999       62      0.01333  0.01324  0.50   86783    1149   86208  1583441  18.25
1990-1999       63      0.01492  0.01481  0.50   85633    1268   85000  1497233  17.48
1990-1999       64      0.01603  0.01591  0.50   84366    1342   83695  1412234  16.74
1990-1999       65      0.01824  0.01807  0.50   83024    1500   82273  1328539  16.00
1990-1999       66      0.02006  0.01986  0.50   81523    1619   80714  1246266  15.29
1990-1999       67      0.02266  0.02240  0.50   79904    1790   79009  1165552  14.59
1990-1999       68      0.02454  0.02424  0.50   78114    1894   77167  1086543  13.91
1990-1999       69      0.02670  0.02635  0.50   76221    2008   75216  1009376  13.24
1990-1999       70      0.03038  0.02993  0.50   74212    2221   73102   934159  12.59
1990-1999       71      0.03284  0.03231  0.50   71991    2326   70828   861057  11.96
1990-1999       72      0.03620  0.03556  0.50   69665    2477   68427   790229  11.34
1990-1999       73      0.03991  0.03913  0.50   67188    2629   65874   721802  10.74
1990-1999       74      0.04423  0.04327  0.50   64559    2793   63162   655928  10.16
1990-1999       75      0.04693  0.04586  0.50   61766    2832   60349   592766   9.60
1990-1999       76      0.05400  0.05258  0.50   58933    3099   57384   532416   9.03
1990-1999       77      0.06070  0.05891  0.50   55835    3289   54190   475032   8.51
1990-1999       78      0.06620  0.06408  0.50   52545    3367   50862   420842   8.01
1990-1999       79      0.07386  0.07123  0.50   49178    3503   47427   369980   7.52
1990-1999       80      0.08245  0.07918  0.50   45675    3617   43867   322553   7.06
1990-1999       81      0.09246  0.08837  0.50   42059    3717   40200   278686   6.63
1990-1999       82      0.10168  0.09676  0.50   38342    3710   36487   238486   6.22
1990-1999       83      0.10835  0.10278  0.50   34632    3559   32852   201999   5.83
1990-1999       84      0.12490  0.11756  0.50   31072    3653   29246   169147   5.44
1990-1999       85      0.13412  0.12569  0.50   27420    3446   25696   139901   5.10
1990-1999       86      0.15492  0.14378  0.50   23973    3447   22250   114205   4.76
1990-1999       87      0.16239  0.15019  0.50   20526    3083   18985    91955   4.48
1990-1999       88      0.17789  0.16336  0.50   17443    2850   16019    72971   4.18
1990-1999       89      0.19730  0.17959  0.50   14594    2621   13283    56952   3.90
1990-1999       90      0.22189  0.19973  0.50   11973    2391   10777    43669   3.65
1990-1999       91      0.23356  0.20914  0.50    9582    2004    8580    32891   3.43
1990-1999       92      0.26224  0.23184  0.50    7578    1757    6699    24312   3.21
1990-1999       93      0.28801  0.25176  0.50    5821    1465    5088    17612   3.03
1990-1999       94      0.28268  0.24767  0.50    4355    1079    3816    12524   2.88
1990-1999       95      0.32754  0.28144  0.50    3277     922    2816     8708   2.66
1990-1999       96      0.35284  0.29993  0.50    2355     706    2001     5893   2.50
1990-1999       97      0.37900  0.31862  0.50    1648     525    1386     3891   2.36
1990-1999       98      0.40589  0.33741  0.50    1123     379     934     2505   2.23
1990-1999       99      0.43335  0.35617  0.50     744     265     612     1572   2.11
1990-1999      100      0.46122  0.37479  0.50     479     180     389      960   2.00
1990-1999      101      0.48934  0.39315  0.50     300     118     241      571   1.91
1990-1999      102      0.51753  0.41114  0.50     182      75     144      330   1.82
1990-1999      103      0.54560  0.42866  0.50     107      46      84      186   1.74
1990-1999      104      0.57339  0.44563  0.50      61      27      48      102   1.66
1990-1999      105      0.60073  0.46197  0.50      34      16      26       54   1.60
1990-1999      106      0.62745  0.47761  0.50      18       9      14       28   1.54
1990-1999      107      0.65341  0.49251  0.50      10       5       7       14   1.48
1990-1999      108      0.67849  0.50662  0.50       5       2       4        7   1.44
1990-1999      109      0.70258  0.51993  0.50       2       1       2        3   1.40
1990-1999      110+     0.72560  1.00000  1.38       1       1       2        2   1.38
2000-2009        0      0.00493  0.00491  0.14  100000     491   99578  7895730  78.96
2000-2009        1      0.00031  0.00031  0.50   99509      31   99494  7796153  78.35
2000-2009        2      0.00016  0.00016  0.50   99478      16   99470  7696659  77.37
2000-2009        3      0.00020  0.00020  0.50   99462      20   99452  7597189  76.38
2000-2009        4      0.00012  0.00012  0.50   99441      12   99436  7497737  75.40
2000-2009        5      0.00017  0.00017  0.50   99430      17   99421  7398302  74.41
2000-2009        6      0.00008  0.00008  0.50   99413       8   99409  7298880  73.42
2000-2009        7      0.00010  0.00010  0.50   99405      10   99400  7199471  72.43
2000-2009        8      0.00012  0.00012  0.50   99395      12   99389  7100071  71.43
2000-2009        9      0.00011  0.00011  0.50   99383      11   99378  7000682  70.44
2000-2009       10      0.00012  0.00012  0.50   99372      12   99366  6901305  69.45
2000-2009       11      0.00012  0.00012  0.50   99360      12   99354  6801938  68.46
2000-2009       12      0.00012  0.00012  0.50   99348      12   99342  6702584  67.47
2000-2009       13      0.00010  0.00010  0.50   99336      10   99331  6603242  66.47
2000-2009       14      0.00015  0.00015  0.50   99326      15   99319  6503911  65.48
2000-2009       15      0.00024  0.00024  0.50   99311      24   99299  6404592  64.49
2000-2009       16      0.00031  0.00031  0.50   99288      31   99272  6305292  63.51
2000-2009       17      0.00049  0.00049  0.50   99256      48   99232  6206020  62.53
2000-2009       18      0.00067  0.00067  0.50   99208      66   99175  6106788  61.56
2000-2009       19      0.00069  0.00069  0.50   99142      69   99108  6007613  60.60
2000-2009       20      0.00072  0.00072  0.50   99073      72   99037  5908505  59.64
2000-2009       21      0.00077  0.00077  0.50   99002      76   98963  5809468  58.68
2000-2009       22      0.00062  0.00062  0.50   98925      62   98895  5710504  57.73
2000-2009       23      0.00079  0.00079  0.50   98864      78   98824  5611610  56.76
2000-2009       24      0.00076  0.00076  0.50   98785      75   98748  5512785  55.81
2000-2009       25      0.00082  0.00082  0.50   98710      81   98669  5414037  54.85
2000-2009       26      0.00084  0.00084  0.50   98629      83   98587  5315368  53.89
2000-2009       27      0.00088  0.00088  0.50   98546      87   98503  5216781  52.94
2000-2009       28      0.00088  0.00088  0.50   98459      87   98416  5118278  51.98
2000-2009       29      0.00099  0.00099  0.50   98372      98   98323  5019862  51.03
2000-2009       30      0.00097  0.00097  0.50   98275      96   98227  4921539  50.08
2000-2009       31      0.00093  0.00092  0.50   98179      91   98133  4823312  49.13
2000-2009       32      0.00105  0.00104  0.50   98088     102   98037  4725179  48.17
2000-2009       33      0.00093  0.00093  0.50   97986      91   97940  4627142  47.22
2000-2009       34      0.00094  0.00094  0.50   97895      92   97849  4529202  46.27
2000-2009       35      0.00111  0.00111  0.50   97803     109   97749  4431353  45.31
2000-2009       36      0.00108  0.00108  0.50   97694     106   97641  4333604  44.36
2000-2009       37      0.00115  0.00115  0.50   97589     112   97532  4235962  43.41
2000-2009       38      0.00119  0.00119  0.50   97476     116   97419  4138430  42.46
2000-2009       39      0.00125  0.00125  0.50   97361     122   97300  4041011  41.51
2000-2009       40      0.00135  0.00135  0.50   97239     131   97173  3943712  40.56
2000-2009       41      0.00137  0.00137  0.50   97108     133   97041  3846538  39.61
2000-2009       42      0.00144  0.00144  0.50   96975     140   96905  3749497  38.66
2000-2009       43      0.00158  0.00158  0.50   96835     153   96758  3652592  37.72
2000-2009       44      0.00180  0.00179  0.50   96681     173   96595  3555834  36.78
2000-2009       45      0.00198  0.00198  0.50   96508     191   96413  3459239  35.84
2000-2009       46      0.00211  0.00210  0.50   96317     203   96216  3362827  34.91
2000-2009       47      0.00219  0.00219  0.50   96115     210   96009  3266611  33.99
2000-2009       48      0.00237  0.00237  0.50   95904     227   95791  3170601  33.06
2000-2009       49      0.00250  0.00250  0.50   95677     239   95558  3074811  32.14
2000-2009       50      0.00274  0.00274  0.50   95438     261   95308  2979253  31.22
2000-2009       51      0.00315  0.00315  0.50   95177     299   95027  2883946  30.30
2000-2009       52      0.00321  0.00320  0.50   94877     304   94726  2788918  29.39
2000-2009       53      0.00368  0.00368  0.50   94574     348   94400  2694193  28.49
2000-2009       54      0.00394  0.00393  0.50   94226     371   94041  2599793  27.59
2000-2009       55      0.00455  0.00454  0.50   93855     426   93642  2505752  26.70
2000-2009       56      0.00477  0.00476  0.50   93429     445   93207  2412110  25.82
2000-2009       57      0.00525  0.00523  0.50   92984     487   92741  2318904  24.94
2000-2009       58      0.00559  0.00557  0.50   92497     516   92240  2226163  24.07
2000-2009       59      0.00621  0.00619  0.50   91982     570   91697  2133923  23.20
2000-2009       60      0.00708  0.00706  0.50   91412     645   91089  2042226  22.34
2000-2009       61      0.00796  0.00793  0.50   90767     720   90407  1951137  21.50
2000-2009       62      0.00834  0.00831  0.50   90047     748   89673  1860730  20.66
2000-2009       63      0.00946  0.00941  0.50   89299     840   88879  1771057  19.83
2000-2009       64      0.01036  0.01031  0.50   88458     912   88003  1682178  19.02
2000-2009       65      0.01207  0.01199  0.50   87547    1050   87022  1594176  18.21
2000-2009       66      0.01318  0.01309  0.50   86497    1132   85931  1507154  17.42
2000-2009       67      0.01431  0.01421  0.50   85365    1213   84758  1421223  16.65
2000-2009       68      0.01577  0.01565  0.50   84152    1317   83494  1336465  15.88
2000-2009       69      0.01805  0.01789  0.50   82835    1482   82094  1252972  15.13
2000-2009       70      0.01971  0.01952  0.50   81353    1588   80559  1170877  14.39
2000-2009       71      0.02282  0.02257  0.50   79765    1800   78865  1090318  13.67
2000-2009       72      0.02504  0.02473  0.50   77965    1928   77001  1011453  12.97
2000-2009       73      0.02817  0.02777  0.50   76037    2112   74981   934452  12.29
2000-2009       74      0.03111  0.03064  0.50   73925    2265   72793   859470  11.63
2000-2009       75      0.03488  0.03428  0.50   71661    2457   70432   786677  10.98
2000-2009       76      0.03903  0.03828  0.50   69204    2649   67879   716245  10.35
2000-2009       77      0.04449  0.04352  0.50   66555    2897   65107   648365   9.74
2000-2009       78      0.04882  0.04766  0.50   63658    3034   62141   583259   9.16
2000-2009       79      0.05505  0.05357  0.50   60624    3248   59000   521118   8.60
2000-2009       80      0.06016  0.05840  0.50   57376    3351   55701   462117   8.05
2000-2009       81      0.06785  0.06563  0.50   54025    3546   52253   406416   7.52
2000-2009       82      0.07665  0.07383  0.50   50480    3727   48617   354164   7.02
2000-2009       83      0.08750  0.08383  0.50   46753    3919   44794   305547   6.54
2000-2009       84      0.09513  0.09081  0.50   42834    3890   40889   260754   6.09
2000-2009       85      0.11090  0.10508  0.50   38944    4092   36898   219864   5.65
2000-2009       86      0.12280  0.11569  0.50   34852    4032   32836   182966   5.25
2000-2009       87      0.13760  0.12875  0.50   30820    3968   28836   150130   4.87
2000-2009       88      0.15334  0.14242  0.50   26852    3824   24940   121294   4.52
2000-2009       89      0.16968  0.15641  0.50   23028    3602   21227    96354   4.18
2000-2009       90      0.19187  0.17508  0.50   19426    3401   17725    75127   3.87
2000-2009       91      0.21892  0.19732  0.50   16025    3162   14444    57402   3.58
2000-2009       92      0.23733  0.21216  0.50   12863    2729   11498    42958   3.34
2000-2009       93      0.26293  0.23238  0.50   10134    2355    8956    31459   3.10
2000-2009       94      0.28794  0.25170  0.50    7779    1958    6800    22503   2.89
2000-2009       95      0.31448  0.27175  0.50    5821    1582    5030    15703   2.70
2000-2009       96      0.34350  0.29315  0.50    4239    1243    3618    10673   2.52
2000-2009       97      0.37375  0.31490  0.50    2996     944    2525     7055   2.35
2000-2009       98      0.40501  0.33681  0.50    2053     691    1707     4531   2.21
2000-2009       99      0.43706  0.35868  0.50    1361     488    1117     2823   2.07
2000-2009      100      0.46965  0.38034  0.50     873     332     707     1706   1.95
2000-2009      101      0.50250  0.40160  0.50     541     217     432      999   1.85
2000-2009      102      0.53533  0.42230  0.50     324     137     255      567   1.75
2000-2009      103      0.56786  0.44228  0.50     187      83     146      311   1.66
2000-2009      104      0.59981  0.46142  0.50     104      48      80      166   1.59
2000-2009      105      0.63093  0.47963  0.50      56      27      43       85   1.52
2000-2009      106      0.66100  0.49681  0.50      29      15      22       43   1.46
2000-2009      107      0.68983  0.51292  0.50      15       8      11       21   1.41
2000-2009      108      0.71725  0.52792  0.50       7       4       5       10   1.36
2000-2009      109      0.74315  0.54182  0.50       3       2       2        4   1.33
2000-2009      110+     0.76745  1.00000  1.30       2       2       2        2   1.30
2010-2016        0      0.00302  0.00302  0.14  100000     302   99742  8117248  81.17
2010-2016        1      0.00025  0.00025  0.50   99698      25   99686  8017507  80.42
2010-2016        2      0.00013  0.00013  0.50   99673      13   99666  7917821  79.44
2010-2016        3      0.00009  0.00009  0.50   99660       9   99655  7818154  78.45
2010-2016        4      0.00012  0.00012  0.50   99651      12   99645  7718499  77.46
2010-2016        5      0.00017  0.00017  0.50   99639      17   99631  7618854  76.46
2010-2016        6      0.00011  0.00011  0.50   99623      11   99618  7519223  75.48
2010-2016        7      0.00007  0.00007  0.50   99612       7   99609  7419605  74.48
2010-2016        8      0.00007  0.00007  0.50   99606       7   99602  7319996  73.49
2010-2016        9      0.00007  0.00007  0.50   99598       7   99595  7220394  72.50
2010-2016       10      0.00009  0.00009  0.50   99591       9   99587  7120800  71.50
2010-2016       11      0.00008  0.00008  0.50   99582       8   99578  7021213  70.51
2010-2016       12      0.00008  0.00008  0.50   99574       8   99570  6921635  69.51
2010-2016       13      0.00009  0.00009  0.50   99566       9   99562  6822065  68.52
2010-2016       14      0.00011  0.00011  0.50   99557      11   99552  6722503  67.52
2010-2016       15      0.00018  0.00018  0.50   99546      18   99537  6622952  66.53
2010-2016       16      0.00029  0.00029  0.50   99528      28   99514  6523414  65.54
2010-2016       17      0.00035  0.00035  0.50   99500      34   99483  6423900  64.56
2010-2016       18      0.00040  0.00040  0.50   99466      40   99446  6324417  63.58
2010-2016       19      0.00052  0.00051  0.50   99426      51   99400  6224972  62.61
2010-2016       20      0.00049  0.00049  0.50   99375      49   99350  6125571  61.64
2010-2016       21      0.00051  0.00051  0.50   99326      50   99300  6026221  60.67
2010-2016       22      0.00044  0.00044  0.50   99275      43   99254  5926921  59.70
2010-2016       23      0.00050  0.00050  0.50   99232      50   99207  5827667  58.73
2010-2016       24      0.00062  0.00062  0.50   99182      61   99152  5728460  57.76
2010-2016       25      0.00061  0.00061  0.50   99121      61   99091  5629308  56.79
2010-2016       26      0.00062  0.00062  0.50   99060      62   99029  5530218  55.83
2010-2016       27      0.00064  0.00064  0.50   98998      64   98967  5431188  54.86
2010-2016       28      0.00058  0.00058  0.50   98935      58   98906  5332222  53.90
2010-2016       29      0.00066  0.00066  0.50   98877      65   98845  5233316  52.93
2010-2016       30      0.00066  0.00066  0.50   98812      65   98780  5134471  51.96
2010-2016       31      0.00065  0.00065  0.50   98747      64   98715  5035692  51.00
2010-2016       32      0.00077  0.00077  0.50   98683      76   98645  4936977  50.03
2010-2016       33      0.00078  0.00078  0.50   98607      77   98568  4838332  49.07
2010-2016       34      0.00087  0.00087  0.50   98530      86   98487  4739764  48.10
2010-2016       35      0.00089  0.00089  0.50   98444      88   98400  4641277  47.15
2010-2016       36      0.00097  0.00097  0.50   98356      95   98308  4542877  46.19
2010-2016       37      0.00102  0.00102  0.50   98261     100   98211  4444569  45.23
2010-2016       38      0.00101  0.00101  0.50   98160      99   98111  4346358  44.28
2010-2016       39      0.00107  0.00107  0.50   98061     105   98009  4248247  43.32
2010-2016       40      0.00127  0.00127  0.50   97957     124   97895  4150238  42.37
2010-2016       41      0.00125  0.00125  0.50   97833     122   97772  4052343  41.42
2010-2016       42      0.00137  0.00137  0.50   97710     134   97643  3954571  40.47
2010-2016       43      0.00143  0.00143  0.50   97577     139   97507  3856928  39.53
2010-2016       44      0.00158  0.00158  0.50   97437     154   97360  3759421  38.58
2010-2016       45      0.00164  0.00164  0.50   97283     160   97204  3662061  37.64
2010-2016       46      0.00175  0.00175  0.50   97124     170   97039  3564857  36.70
2010-2016       47      0.00208  0.00207  0.50   96953     201   96853  3467818  35.77
2010-2016       48      0.00230  0.00230  0.50   96752     222   96641  3370966  34.84
2010-2016       49      0.00231  0.00231  0.50   96530     223   96419  3274324  33.92
2010-2016       50      0.00249  0.00248  0.50   96307     239   96188  3177905  33.00
2010-2016       51      0.00278  0.00277  0.50   96068     266   95935  3081717  32.08
2010-2016       52      0.00281  0.00281  0.50   95802     269   95667  2985783  31.17
2010-2016       53      0.00326  0.00325  0.50   95533     311   95377  2890115  30.25
2010-2016       54      0.00369  0.00368  0.50   95222     350   95047  2794738  29.35
2010-2016       55      0.00373  0.00372  0.50   94872     353   94695  2699691  28.46
2010-2016       56      0.00422  0.00421  0.50   94519     398   94320  2604996  27.56
2010-2016       57      0.00465  0.00464  0.50   94121     437   93902  2510676  26.68
2010-2016       58      0.00522  0.00521  0.50   93684     488   93440  2416774  25.80
2010-2016       59      0.00507  0.00505  0.50   93196     471   92960  2323335  24.93
2010-2016       60      0.00601  0.00599  0.50   92725     556   92447  2230375  24.05
2010-2016       61      0.00667  0.00665  0.50   92169     613   91863  2137928  23.20
2010-2016       62      0.00725  0.00722  0.50   91556     661   91225  2046065  22.35
2010-2016       63      0.00786  0.00783  0.50   90895     712   90539  1954840  21.51
2010-2016       64      0.00835  0.00832  0.50   90183     750   89808  1864301  20.67
2010-2016       65      0.00938  0.00934  0.50   89433     835   89016  1774492  19.84
2010-2016       66      0.01010  0.01005  0.50   88598     890   88153  1685476  19.02
2010-2016       67      0.01117  0.01111  0.50   87708     974   87221  1597323  18.21
2010-2016       68      0.01238  0.01230  0.50   86734    1067   86200  1510102  17.41
2010-2016       69      0.01366  0.01356  0.50   85667    1162   85086  1423902  16.62
2010-2016       70      0.01476  0.01465  0.50   84505    1238   83886  1338816  15.84
2010-2016       71      0.01700  0.01686  0.50   83267    1404   82565  1254930  15.07
2010-2016       72      0.01904  0.01886  0.50   81863    1544   81091  1172366  14.32
2010-2016       73      0.02108  0.02086  0.50   80319    1675   79482  1091275  13.59
2010-2016       74      0.02301  0.02275  0.50   78644    1789   77749  1011793  12.87
2010-2016       75      0.02579  0.02546  0.50   76854    1956   75876   934044  12.15
2010-2016       76      0.02982  0.02939  0.50   74898    2201   73798   858168  11.46
2010-2016       77      0.03257  0.03204  0.50   72697    2330   71532   784370  10.79
2010-2016       78      0.03775  0.03705  0.50   70368    2607   69064   712838  10.13
2010-2016       79      0.04300  0.04209  0.50   67760    2852   66334   643774   9.50
2010-2016       80      0.04937  0.04818  0.50   64908    3127   63345   577439   8.90
2010-2016       81      0.05644  0.05489  0.50   61781    3391   60086   514095   8.32
2010-2016       82      0.06313  0.06120  0.50   58390    3573   56603   454009   7.78
2010-2016       83      0.07128  0.06882  0.50   54816    3773   52930   397406   7.25
2010-2016       84      0.08051  0.07739  0.50   51044    3950   49069   344476   6.75
2010-2016       85      0.08948  0.08565  0.50   47093    4033   45077   295407   6.27
2010-2016       86      0.10211  0.09715  0.50   43060    4183   40968   250331   5.81
2010-2016       87      0.11484  0.10860  0.50   38877    4222   36766   209362   5.39
2010-2016       88      0.12969  0.12179  0.50   34655    4221   32544   172597   4.98
2010-2016       89      0.14774  0.13757  0.50   30434    4187   28340   140053   4.60
2010-2016       90      0.16506  0.15247  0.50   26247    4002   24246   111712   4.26
2010-2016       91      0.18678  0.17083  0.50   22245    3800   20345    87466   3.93
2010-2016       92      0.20511  0.18603  0.50   18445    3431   16729    67121   3.64
2010-2016       93      0.23070  0.20684  0.50   15014    3105   13461    50392   3.36
2010-2016       94      0.26277  0.23225  0.50   11908    2766   10525    36931   3.10
2010-2016       95      0.28546  0.24980  0.50    9142    2284    8001    26405   2.89
2010-2016       96      0.31437  0.27167  0.50    6859    1863    5927    18405   2.68
2010-2016       97      0.34479  0.29409  0.50    4995    1469    4261    12478   2.50
2010-2016       98      0.37655  0.31689  0.50    3526    1117    2968     8217   2.33
2010-2016       99      0.40940  0.33984  0.50    2409     819    2000     5249   2.18
2010-2016      100      0.44308  0.36272  0.50    1590     577    1302     3250   2.04
2010-2016      101      0.47729  0.38533  0.50    1013     391     818     1948   1.92
2010-2016      102      0.51172  0.40746  0.50     623     254     496     1130   1.81
2010-2016      103      0.54603  0.42893  0.50     369     158     290      634   1.72
2010-2016      104      0.57992  0.44956  0.50     211      95     163      344   1.63
2010-2016      105      0.61306  0.46923  0.50     116      54      89      180   1.56
2010-2016      106      0.64519  0.48782  0.50      62      30      47       92   1.49
2010-2016      107      0.67607  0.50527  0.50      32      16      24       45   1.43
2010-2016      108      0.70548  0.52152  0.50      16       8      12       22   1.38
2010-2016      109      0.73327  0.53655  0.50       7       4       5       10   1.34
2010-2016      110+     0.75934  1.00000  1.32       3       3       5        5   1.32
