VIC, Life tables (period 5x10), Males	Last modified: 02 Jul 2018;  Methods Protocol: v6 (2017)

  Year          Age         mx       qx    ax      lx      dx      Lx       Tx     ex
1971-1979        0      0.01442  0.01424  0.12  100000    1424   98747  6985356  69.85
1971-1979      1-4      0.00074  0.00295  1.70   98576     291  393635  6886609  69.86
1971-1979      5-9      0.00038  0.00191  2.34   98285     188  490924  6492974  66.06
1971-1979     10-14     0.00037  0.00183  2.74   98097     180  490078  6002051  61.18
1971-1979     15-19     0.00130  0.00648  3.10   97917     635  488376  5511973  56.29
1971-1979     20-24     0.00162  0.00808  2.38   97282     786  484352  5023597  51.64
1971-1979     25-29     0.00115  0.00572  2.50   96496     552  481102  4539246  47.04
1971-1979     30-34     0.00120  0.00601  2.58   95945     576  478326  4058144  42.30
1971-1979     35-39     0.00178  0.00887  2.72   95368     846  474913  3579817  37.54
1971-1979     40-44     0.00301  0.01494  2.81   94523    1412  469521  3104905  32.85
1971-1979     45-49     0.00539  0.02661  2.72   93111    2478  459911  2635384  28.30
1971-1979     50-54     0.00895  0.04383  2.70   90633    3973  444023  2175473  24.00
1971-1979     55-59     0.01468  0.07102  2.70   86660    6155  419172  1731449  19.98
1971-1979     60-64     0.02347  0.11121  2.64   80506    8953  381426  1312277  16.30
1971-1979     65-69     0.03717  0.17082  2.63   71552   12222  328831   930851  13.01
1971-1979     70-74     0.05778  0.25371  2.60   59330   15052  260530   602020  10.15
1971-1979     75-79     0.09108  0.37070  2.49   44278   16413  180209   341490   7.71
1971-1979     80-84     0.13871  0.51078  2.42   27864   14232  102608   161281   5.79
1971-1979     85-89     0.20636  0.65753  2.24   13632    8963   43436    58673   4.30
1971-1979     90-94     0.28477  0.77521  2.06    4668    3619   12708    15237   3.26
1971-1979     95-99     0.40356  0.88296  1.82    1049     927    2296     2529   2.41
1971-1979    100-104    0.52183  0.93926  1.59     123     115     221      233   1.89
1971-1979    105-109    0.63843  0.96829  1.40       7       7      11       12   1.56
1971-1979    110+       0.72779  1.00000  1.37       0       0       0        0   1.37
1980-1989        0      0.00984  0.00975  0.13  100000     975   99151  7268822  72.69
1980-1989      1-4      0.00051  0.00203  1.75   99025     201  395649  7169671  72.40
1980-1989      5-9      0.00027  0.00134  2.39   98824     133  493775  6774022  68.55
1980-1989     10-14     0.00029  0.00147  2.70   98692     145  493124  6280247  63.64
1980-1989     15-19     0.00098  0.00487  3.11   98546     480  491823  5787124  58.73
1980-1989     20-24     0.00144  0.00719  2.45   98066     705  488535  5295301  54.00
1980-1989     25-29     0.00125  0.00625  2.48   97361     608  485275  4806766  49.37
1980-1989     30-34     0.00124  0.00620  2.55   96753     600  482294  4321491  44.67
1980-1989     35-39     0.00133  0.00664  2.65   96153     638  479263  3839197  39.93
1980-1989     40-44     0.00212  0.01055  2.73   95515    1007  475290  3359934  35.18
1980-1989     45-49     0.00367  0.01820  2.72   94507    1720  468614  2884643  30.52
1980-1989     50-54     0.00656  0.03230  2.72   92788    2997  457104  2416030  26.04
1980-1989     55-59     0.01124  0.05478  2.70   89790    4918  437647  1958925  21.82
1980-1989     60-64     0.01821  0.08733  2.65   84872    7412  406956  1521279  17.92
1980-1989     65-69     0.02941  0.13747  2.63   77460   10648  362046  1114323  14.39
1980-1989     70-74     0.04703  0.21129  2.60   66811   14117  300174   752277  11.26
1980-1989     75-79     0.07485  0.31607  2.54   52695   16655  222526   452104   8.58
1980-1989     80-84     0.11983  0.45943  2.46   36040   16558  138173   229578   6.37
1980-1989     85-89     0.18140  0.60920  2.31   19482   11868   65426    91405   4.69
1980-1989     90-94     0.27186  0.76229  2.12    7614    5804   21348    25979   3.41
1980-1989     95-99     0.37745  0.86535  1.87    1810    1566    4149     4631   2.56
1980-1989    100-104    0.49892  0.93137  1.64     244     227     455      482   1.98
1980-1989    105-109    0.62125  0.96530  1.43      17      16      26       27   1.60
1980-1989    110+       0.71588  1.00000  1.40       1       1       1        1   1.40
1990-1999        0      0.00623  0.00620  0.14  100000     620   99465  7565758  75.66
1990-1999      1-4      0.00036  0.00143  1.68   99380     142  397192  7466293  75.13
1990-1999      5-9      0.00016  0.00082  2.55   99238      81  495993  7069101  71.23
1990-1999     10-14     0.00020  0.00099  2.91   99157      98  495583  6573108  66.29
1990-1999     15-19     0.00074  0.00370  3.09   99060     367  494600  6077525  61.35
1990-1999     20-24     0.00116  0.00581  2.57   98693     573  492075  5582924  56.57
1990-1999     25-29     0.00119  0.00591  2.52   98120     580  489163  5090849  51.88
1990-1999     30-34     0.00122  0.00607  2.49   97540     592  486216  4601686  47.18
1990-1999     35-39     0.00132  0.00657  2.47   96948     637  483131  4115470  42.45
1990-1999     40-44     0.00182  0.00907  2.66   96311     874  479510  3632339  37.71
1990-1999     45-49     0.00263  0.01309  2.67   95437    1249  474274  3152829  33.04
1990-1999     50-54     0.00429  0.02124  2.70   94188    2001  466334  2678556  28.44
1990-1999     55-59     0.00753  0.03703  2.73   92187    3414  453176  2212221  24.00
1990-1999     60-64     0.01336  0.06477  2.68   88773    5749  430506  1759046  19.82
1990-1999     65-69     0.02234  0.10613  2.65   83024    8811  394380  1328539  16.00
1990-1999     70-74     0.03646  0.16772  2.62   74212   12447  341393   934159  12.59
1990-1999     75-79     0.05955  0.26051  2.60   61766   16090  270212   592766   9.60
1990-1999     80-84     0.09995  0.39968  2.50   45675   18256  182652   322553   7.06
1990-1999     85-89     0.16051  0.56335  2.35   27420   15447   96233   139901   5.10
1990-1999     90-94     0.24874  0.72632  2.14   11973    8696   34961    43669   3.65
1990-1999     95-99     0.36107  0.85378  1.91    3277    2798    7748     8708   2.66
1990-1999    100-104    0.49138  0.92924  1.65     479     445     906      960   2.00
1990-1999    105-109    0.62377  0.96622  1.43      34      33      53       54   1.60
1990-1999    110+       0.72560  1.00000  1.38       1       1       2        2   1.38
2000-2009        0      0.00493  0.00491  0.14  100000     491   99578  7895730  78.96
2000-2009      1-4      0.00020  0.00080  1.66   99509      80  397851  7796153  78.35
2000-2009      5-9      0.00012  0.00058  2.37   99430      58  496997  7398302  74.41
2000-2009     10-14     0.00012  0.00061  2.57   99372      61  496713  6901305  69.45
2000-2009     15-19     0.00048  0.00240  3.02   99311     238  496087  6404592  64.49
2000-2009     20-24     0.00073  0.00367  2.53   99073     363  494468  5908505  59.64
2000-2009     25-29     0.00088  0.00441  2.58   98710     435  492498  5414037  54.85
2000-2009     30-34     0.00096  0.00480  2.48   98275     471  490186  4921539  50.08
2000-2009     35-39     0.00116  0.00577  2.56   97803     564  487641  4431353  45.31
2000-2009     40-44     0.00151  0.00752  2.64   97239     731  484472  3943712  40.56
2000-2009     45-49     0.00223  0.01109  2.61   96508    1070  479986  3459239  35.84
2000-2009     50-54     0.00334  0.01658  2.67   95438    1583  473501  2979253  31.22
2000-2009     55-59     0.00527  0.02603  2.65   93855    2443  463526  2505752  26.70
2000-2009     60-64     0.00863  0.04229  2.67   91412    3865  448050  2042226  22.34
2000-2009     65-69     0.01463  0.07075  2.67   87547    6194  423298  1594176  18.21
2000-2009     70-74     0.02523  0.11914  2.67   81353    9693  384200  1170877  14.39
2000-2009     75-79     0.04401  0.19933  2.64   71661   14284  324560   786677  10.98
2000-2009     80-84     0.07609  0.32125  2.58   57376   18432  242253   462117   8.05
2000-2009     85-89     0.13485  0.50119  2.44   38944   19518  144737   219864   5.65
2000-2009     90-94     0.22895  0.70035  2.23   19426   13605   59424    75127   3.87
2000-2009     95-99     0.35350  0.85000  1.95    5821    4948   13997    15703   2.70
2000-2009    100-104    0.50404  0.93566  1.64     873     817    1621     1706   1.95
2000-2009    105-109    0.65537  0.97241  1.38      56      55      83       85   1.52
2000-2009    110+       0.76745  1.00000  1.30       2       2       2        2   1.30
2010-2016        0      0.00302  0.00302  0.14  100000     302   99742  8117248  81.17
2010-2016      1-4      0.00015  0.00059  1.61   99698      59  398653  8017507  80.42
2010-2016      5-9      0.00010  0.00049  2.05   99639      48  498054  7618854  76.46
2010-2016     10-14     0.00009  0.00045  2.60   99591      45  497848  7120800  71.50
2010-2016     15-19     0.00035  0.00173  2.95   99546     172  497380  6622952  66.53
2010-2016     20-24     0.00051  0.00255  2.59   99375     253  496263  6125571  61.64
2010-2016     25-29     0.00062  0.00312  2.51   99121     309  494837  5629308  56.79
2010-2016     30-34     0.00075  0.00373  2.65   98812     368  493194  5134471  51.96
2010-2016     35-39     0.00099  0.00495  2.58   98444     487  491039  4641277  47.15
2010-2016     40-44     0.00138  0.00687  2.61   97957     673  488177  4150238  42.37
2010-2016     45-49     0.00202  0.01003  2.68   97283     976  484155  3662061  37.64
2010-2016     50-54     0.00300  0.01491  2.69   96307    1436  478214  3177905  33.00
2010-2016     55-59     0.00457  0.02263  2.65   94872    2147  469317  2699691  28.46
2010-2016     60-64     0.00722  0.03550  2.65   92725    3291  455882  2230375  24.05
2010-2016     65-69     0.01131  0.05511  2.67   89433    4928  435676  1774492  19.84
2010-2016     70-74     0.01890  0.09053  2.68   84505    7650  404772  1338816  15.84
2010-2016     75-79     0.03350  0.15544  2.68   76854   11946  356605   934044  12.15
2010-2016     80-84     0.06317  0.27446  2.61   64908   17815  282032   577439   8.90
2010-2016     85-89     0.11348  0.44266  2.52   47093   20846  183695   295407   6.27
2010-2016     90-94     0.20051  0.65168  2.31   26247   17105   85307   111712   4.26
2010-2016     95-99     0.32615  0.82606  2.01    9142    7552   23156    26405   2.89
2010-2016    100-104    0.48030  0.92704  1.69    1590    1474    3069     3250   2.04
2010-2016    105-109    0.63980  0.97018  1.41     116     113     176      180   1.56
2010-2016    110+       0.75934  1.00000  1.32       3       3       5        5   1.32
