WA, Life tables (period 5x10), Total	Last modified: 23 May 2023;  Methods Protocol: v6 (2017)

  Year          Age         mx       qx    ax      lx      dx      Lx       Tx     ex
1971-1979        0      0.01495  0.01475  0.12  100000    1475   98700  7343530  73.44
1971-1979      1-4      0.00089  0.00354  1.56   98525     349  393249  7244830  73.53
1971-1979      5-9      0.00031  0.00153  2.28   98176     150  490472  6851581  69.79
1971-1979     10-14     0.00028  0.00140  2.49   98026     137  489785  6361109  64.89
1971-1979     15-19     0.00097  0.00486  2.93   97889     475  488459  5871324  59.98
1971-1979     20-24     0.00112  0.00557  2.34   97413     543  485621  5382865  55.26
1971-1979     25-29     0.00088  0.00437  2.55   96871     423  483318  4897245  50.55
1971-1979     30-34     0.00107  0.00532  2.64   96447     513  481024  4413927  45.77
1971-1979     35-39     0.00153  0.00765  2.74   95934     734  478011  3932903  41.00
1971-1979     40-44     0.00229  0.01138  2.69   95201    1084  473501  3454893  36.29
1971-1979     45-49     0.00407  0.02017  2.69   94117    1898  466202  2981391  31.68
1971-1979     50-54     0.00617  0.03041  2.61   92219    2805  454384  2515189  27.27
1971-1979     55-59     0.00999  0.04882  2.69   89414    4365  436994  2060805  23.05
1971-1979     60-64     0.01611  0.07760  2.65   85049    6599  409734  1623811  19.09
1971-1979     65-69     0.02582  0.12167  2.63   78450    9545  369635  1214077  15.48
1971-1979     70-74     0.04052  0.18470  2.61   68905   12727  314102   844443  12.26
1971-1979     75-79     0.06555  0.28263  2.56   56178   15877  242199   530341   9.44
1971-1979     80-84     0.09998  0.39940  2.48   40300   16096  160986   288142   7.15
1971-1979     85-89     0.15535  0.54946  2.34   24205   13300   85608   127156   5.25
1971-1979     90-94     0.23516  0.70745  2.18   10905    7715   32807    41548   3.81
1971-1979     95-99     0.34862  0.84348  1.94    3190    2691    7719     8741   2.74
1971-1979    100-104    0.47996  0.92490  1.68     499     462     962     1023   2.05
1971-1979    105-109    0.61729  0.96523  1.44      37      36      59       60   1.61
1971-1979    110+       0.72448  1.00000  1.38       1       1       2        2   1.38
1980-1989        0      0.00903  0.00896  0.13  100000     896   99221  7641977  76.42
1980-1989      1-4      0.00050  0.00201  1.59   99104     199  395935  7542756  76.11
1980-1989      5-9      0.00024  0.00120  2.35   98905     119  494209  7146821  72.26
1980-1989     10-14     0.00023  0.00114  2.62   98786     113  493660  6652612  67.34
1980-1989     15-19     0.00069  0.00346  2.91   98673     341  492653  6158952  62.42
1980-1989     20-24     0.00092  0.00461  2.52   98332     453  490536  5666299  57.62
1980-1989     25-29     0.00086  0.00431  2.55   97879     422  488359  5175763  52.88
1980-1989     30-34     0.00082  0.00408  2.57   97457     398  486319  4687403  48.10
1980-1989     35-39     0.00108  0.00539  2.64   97059     523  484058  4201085  43.28
1980-1989     40-44     0.00168  0.00839  2.69   96536     810  480810  3717027  38.50
1980-1989     45-49     0.00281  0.01398  2.66   95726    1338  475497  3236218  33.81
1980-1989     50-54     0.00478  0.02365  2.67   94387    2232  466730  2760720  29.25
1980-1989     55-59     0.00786  0.03859  2.65   92155    3557  452433  2293990  24.89
1980-1989     60-64     0.01244  0.06047  2.69   88598    5358  430612  1841557  20.79
1980-1989     65-69     0.01984  0.09483  2.68   83241    7894  397913  1410946  16.95
1980-1989     70-74     0.03250  0.15085  2.62   75347   11366  349736  1013033  13.44
1980-1989     75-79     0.05383  0.23857  2.62   63981   15264  283549   663296  10.37
1980-1989     80-84     0.08738  0.35918  2.52   48717   17498  200250   379747   7.79
1980-1989     85-89     0.13491  0.49985  2.41   31219   15604  115665   179497   5.75
1980-1989     90-94     0.21629  0.67659  2.23   15614   10564   48844    63831   4.09
1980-1989     95-99     0.31797  0.81469  2.01    5050    4114   12938    14987   2.97
1980-1989    100-104    0.44667  0.90966  1.74     936     851    1906     2049   2.19
1980-1989    105-109    0.58608  0.95868  1.49      85      81     138      143   1.69
1980-1989    110+       0.69757  1.00000  1.43       3       3       5        5   1.43
1990-1999        0      0.00608  0.00605  0.14  100000     605   99478  7862924  78.63
1990-1999      1-4      0.00038  0.00151  1.54   99395     150  397209  7763447  78.11
1990-1999      5-9      0.00017  0.00083  2.38   99244      83  496005  7366237  74.22
1990-1999     10-14     0.00018  0.00092  2.80   99162      91  495608  6870232  69.28
1990-1999     15-19     0.00064  0.00319  2.87   99071     316  494680  6374624  64.34
1990-1999     20-24     0.00092  0.00460  2.45   98754     454  492612  5879945  59.54
1990-1999     25-29     0.00091  0.00455  2.52   98300     447  490392  5387333  54.80
1990-1999     30-34     0.00094  0.00471  2.50   97854     461  488117  4896941  50.04
1990-1999     35-39     0.00109  0.00542  2.59   97393     528  485693  4408823  45.27
1990-1999     40-44     0.00141  0.00705  2.63   96864     683  482706  3923131  40.50
1990-1999     45-49     0.00202  0.01004  2.68   96181     966  478669  3440424  35.77
1990-1999     50-54     0.00342  0.01696  2.69   95215    1615  472340  2961756  31.11
1990-1999     55-59     0.00559  0.02762  2.69   93601    2585  462039  2489416  26.60
1990-1999     60-64     0.00966  0.04723  2.68   91016    4298  445119  2027377  22.28
1990-1999     65-69     0.01627  0.07838  2.67   86718    6797  417735  1582259  18.25
1990-1999     70-74     0.02611  0.12305  2.66   79921    9834  376595  1164524  14.57
1990-1999     75-79     0.04329  0.19618  2.61   70087   13750  317616   787928  11.24
1990-1999     80-84     0.07399  0.31320  2.55   56337   17645  238465   470313   8.35
1990-1999     85-89     0.12609  0.47718  2.45   38692   18463  146429   231847   5.99
1990-1999     90-94     0.20479  0.65777  2.28   20229   13306   64973    85418   4.22
1990-1999     95-99     0.31853  0.81699  2.02    6923    5656   17756    20445   2.95
1990-1999    100-104    0.46144  0.91816  1.72    1267    1163    2521     2689   2.12
1990-1999    105-109    0.61539  0.96561  1.45     104     100     163      168   1.62
1990-1999    110+       0.73542  1.00000  1.36       4       4       5        5   1.36
2000-2009        0      0.00397  0.00396  0.14  100000     396   99660  8121026  81.21
2000-2009      1-4      0.00025  0.00099  1.56   99604      98  398176  8021366  80.53
2000-2009      5-9      0.00015  0.00077  2.39   99506      76  497329  7623190  76.61
2000-2009     10-14     0.00014  0.00072  2.56   99429      72  496971  7125861  71.67
2000-2009     15-19     0.00049  0.00242  2.92   99357     241  496286  6628890  66.72
2000-2009     20-24     0.00068  0.00341  2.50   99117     338  494739  6132605  61.87
2000-2009     25-29     0.00077  0.00383  2.60   98778     378  492985  5637866  57.08
2000-2009     30-34     0.00085  0.00422  2.53   98400     416  490975  5144881  52.29
2000-2009     35-39     0.00099  0.00496  2.63   97984     486  488769  4653906  47.50
2000-2009     40-44     0.00133  0.00664  2.62   97499     647  485950  4165138  42.72
2000-2009     45-49     0.00193  0.00962  2.67   96852     932  482084  3679187  37.99
2000-2009     50-54     0.00269  0.01335  2.64   95920    1281  476577  3197103  33.33
2000-2009     55-59     0.00422  0.02088  2.69   94639    1976  468632  2720526  28.75
2000-2009     60-64     0.00665  0.03275  2.65   92663    3034  456185  2251894  24.30
2000-2009     65-69     0.01114  0.05428  2.67   89629    4865  436803  1795709  20.03
2000-2009     70-74     0.01917  0.09181  2.69   84764    7782  405865  1358905  16.03
2000-2009     75-79     0.03334  0.15459  2.65   76982   11900  356975   953041  12.38
2000-2009     80-84     0.06091  0.26583  2.61   65081   17301  284036   596066   9.16
2000-2009     85-89     0.10766  0.42482  2.52   47781   20298  188546   312030   6.53
2000-2009     90-94     0.18718  0.62499  2.34   27482   17176   91763   123483   4.49
2000-2009     95-99     0.30250  0.80123  2.07   10306    8258   27299    31721   3.08
2000-2009    100-104    0.45264  0.91485  1.74    2049    1874    4140     4422   2.16
2000-2009    105-109    0.61549  0.96600  1.45     174     168     274      282   1.62
2000-2009    110+       0.74167  1.00000  1.35       6       6       8        8   1.35
2010-2019        0      0.00271  0.00271  0.14  100000     271   99768  8301288  83.01
2010-2019      1-4      0.00017  0.00067  1.60   99729      67  398756  8201520  82.24
2010-2019      5-9      0.00012  0.00058  2.43   99662      58  498164  7802764  78.29
2010-2019     10-14     0.00014  0.00072  2.48   99605      72  497842  7304600  73.34
2010-2019     15-19     0.00037  0.00182  2.95   99533     182  497292  6806758  68.39
2010-2019     20-24     0.00051  0.00255  2.52   99351     253  496128  6309466  63.51
2010-2019     25-29     0.00056  0.00280  2.52   99098     278  494801  5813339  58.66
2010-2019     30-34     0.00073  0.00363  2.58   98820     358  493232  5318538  53.82
2010-2019     35-39     0.00098  0.00489  2.58   98462     482  491142  4825305  49.01
2010-2019     40-44     0.00133  0.00662  2.62   97980     648  488355  4334163  44.24
2010-2019     45-49     0.00189  0.00941  2.62   97332     916  484481  3845808  39.51
2010-2019     50-54     0.00256  0.01270  2.61   96416    1225  479153  3361326  34.86
2010-2019     55-59     0.00383  0.01897  2.62   95191    1805  471666  2882173  30.28
2010-2019     60-64     0.00574  0.02831  2.65   93386    2644  460713  2410507  25.81
2010-2019     65-69     0.00883  0.04325  2.67   90742    3925  444548  1949794  21.49
2010-2019     70-74     0.01469  0.07105  2.69   86817    6168  419858  1505246  17.34
2010-2019     75-79     0.02608  0.12300  2.70   80649    9920  380397  1085388  13.46
2010-2019     80-84     0.04864  0.21847  2.67   70729   15452  317668   704991   9.97
2010-2019     85-89     0.09273  0.37809  2.56   55277   20900  225381   387324   7.01
2010-2019     90-94     0.17308  0.59577  2.39   34378   20481  118331   161942   4.71
2010-2019     95-99     0.29438  0.79367  2.10   13896   11029   37466    43611   3.14
2010-2019    100-104    0.45570  0.91752  1.74    2867    2631    5773     6146   2.14
2010-2019    105-109    0.63127  0.96941  1.43     237     229     363      373   1.58
2010-2019    110+       0.76474  1.00000  1.31       7       7       9        9   1.31
