WA, Life tables (period 1x10), Total	Last modified: 23 May 2023;  Methods Protocol: v6 (2017)

  Year          Age         mx       qx    ax      lx      dx      Lx       Tx     ex
1971-1979        0      0.01495  0.01475  0.12  100000    1475   98700  7343530  73.44
1971-1979        1      0.00143  0.00143  0.50   98525     141   98455  7244830  73.53
1971-1979        2      0.00096  0.00096  0.50   98384      95   98337  7146375  72.64
1971-1979        3      0.00066  0.00066  0.50   98289      65   98257  7048038  71.71
1971-1979        4      0.00049  0.00049  0.50   98225      48   98200  6949781  70.75
1971-1979        5      0.00034  0.00034  0.50   98176      34   98159  6851581  69.79
1971-1979        6      0.00036  0.00036  0.50   98142      36   98125  6753422  68.81
1971-1979        7      0.00036  0.00036  0.50   98107      35   98089  6655297  67.84
1971-1979        8      0.00022  0.00022  0.50   98071      21   98061  6557208  66.86
1971-1979        9      0.00024  0.00024  0.50   98050      24   98038  6459147  65.88
1971-1979       10      0.00031  0.00031  0.50   98026      30   98011  6361109  64.89
1971-1979       11      0.00028  0.00028  0.50   97996      27   97982  6263099  63.91
1971-1979       12      0.00024  0.00024  0.50   97969      23   97957  6165116  62.93
1971-1979       13      0.00029  0.00029  0.50   97946      28   97932  6067159  61.94
1971-1979       14      0.00030  0.00030  0.50   97918      29   97903  5969228  60.96
1971-1979       15      0.00052  0.00052  0.50   97889      51   97863  5871324  59.98
1971-1979       16      0.00072  0.00072  0.50   97838      71   97803  5773461  59.01
1971-1979       17      0.00100  0.00100  0.50   97767      98   97718  5675658  58.05
1971-1979       18      0.00140  0.00140  0.50   97670     136   97601  5577940  57.11
1971-1979       19      0.00123  0.00123  0.50   97533     120   97473  5480339  56.19
1971-1979       20      0.00136  0.00136  0.50   97413     133   97347  5382865  55.26
1971-1979       21      0.00115  0.00115  0.50   97281     111   97225  5285518  54.33
1971-1979       22      0.00111  0.00111  0.50   97169     108   97115  5188294  53.39
1971-1979       23      0.00096  0.00096  0.50   97061      94   97014  5091178  52.45
1971-1979       24      0.00100  0.00100  0.50   96968      97   96919  4994164  51.50
1971-1979       25      0.00090  0.00090  0.50   96871      87   96827  4897245  50.55
1971-1979       26      0.00080  0.00080  0.50   96783      78   96744  4800418  49.60
1971-1979       27      0.00085  0.00085  0.50   96706      82   96664  4703673  48.64
1971-1979       28      0.00079  0.00079  0.50   96623      77   96585  4607009  47.68
1971-1979       29      0.00103  0.00103  0.50   96547      99   96497  4510424  46.72
1971-1979       30      0.00100  0.00100  0.50   96447      96   96399  4413927  45.77
1971-1979       31      0.00090  0.00090  0.50   96351      87   96308  4317528  44.81
1971-1979       32      0.00107  0.00107  0.50   96264     103   96213  4221220  43.85
1971-1979       33      0.00109  0.00109  0.50   96161     105   96109  4125007  42.90
1971-1979       34      0.00127  0.00127  0.50   96056     122   95995  4028898  41.94
1971-1979       35      0.00131  0.00131  0.50   95934     125   95872  3932903  41.00
1971-1979       36      0.00128  0.00128  0.50   95809     123   95748  3837031  40.05
1971-1979       37      0.00137  0.00137  0.50   95686     131   95621  3741284  39.10
1971-1979       38      0.00170  0.00170  0.50   95555     162   95474  3645663  38.15
1971-1979       39      0.00202  0.00201  0.50   95393     192   95297  3550189  37.22
1971-1979       40      0.00188  0.00187  0.50   95201     178   95112  3454893  36.29
1971-1979       41      0.00190  0.00189  0.50   95022     180   94932  3359781  35.36
1971-1979       42      0.00252  0.00251  0.50   94842     238   94723  3264849  34.42
1971-1979       43      0.00244  0.00244  0.50   94604     230   94489  3170126  33.51
1971-1979       44      0.00272  0.00272  0.50   94374     257   94245  3075637  32.59
1971-1979       45      0.00332  0.00331  0.50   94117     312   93961  2981391  31.68
1971-1979       46      0.00365  0.00365  0.50   93805     342   93634  2887430  30.78
1971-1979       47      0.00403  0.00402  0.50   93463     376   93275  2793796  29.89
1971-1979       48      0.00440  0.00439  0.50   93088     409   92883  2700521  29.01
1971-1979       49      0.00497  0.00496  0.50   92679     460   92449  2607638  28.14
1971-1979       50      0.00564  0.00562  0.50   92219     518   91959  2515189  27.27
1971-1979       51      0.00550  0.00548  0.50   91700     503   91449  2423230  26.43
1971-1979       52      0.00643  0.00641  0.50   91198     584   90905  2331781  25.57
1971-1979       53      0.00616  0.00614  0.50   90613     557   90335  2240875  24.73
1971-1979       54      0.00716  0.00713  0.50   90056     642   89735  2150540  23.88
1971-1979       55      0.00799  0.00796  0.50   89414     712   89058  2060805  23.05
1971-1979       56      0.00914  0.00910  0.50   88702     807   88299  1971747  22.23
1971-1979       57      0.00955  0.00951  0.50   87895     835   87477  1883448  21.43
1971-1979       58      0.01102  0.01096  0.50   87060     955   86582  1795971  20.63
1971-1979       59      0.01234  0.01226  0.50   86105    1056   85577  1709388  19.85
1971-1979       60      0.01411  0.01401  0.50   85049    1191   84454  1623811  19.09
1971-1979       61      0.01336  0.01327  0.50   83858    1113   83302  1539357  18.36
1971-1979       62      0.01649  0.01636  0.50   82745    1354   82069  1456056  17.60
1971-1979       63      0.01738  0.01723  0.50   81392    1403   80690  1373987  16.88
1971-1979       64      0.01943  0.01924  0.50   79989    1539   79219  1293297  16.17
1971-1979       65      0.02276  0.02250  0.50   78450    1765   77567  1214077  15.48
1971-1979       66      0.02171  0.02148  0.50   76685    1647   75861  1136510  14.82
1971-1979       67      0.02582  0.02549  0.50   75037    1913   74081  1060649  14.13
1971-1979       68      0.02791  0.02753  0.50   73124    2013   72118   986568  13.49
1971-1979       69      0.03152  0.03103  0.50   71111    2207   70008   914450  12.86
1971-1979       70      0.03394  0.03337  0.50   68905    2299   67755   844443  12.26
1971-1979       71      0.03507  0.03446  0.50   66605    2295   65457   776688  11.66
1971-1979       72      0.04097  0.04015  0.50   64310    2582   63019   711230  11.06
1971-1979       73      0.04657  0.04551  0.50   61728    2810   60323   648212  10.50
1971-1979       74      0.04762  0.04651  0.50   58918    2740   57548   587889   9.98
1971-1979       75      0.05504  0.05357  0.50   56178    3009   54673   530341   9.44
1971-1979       76      0.05918  0.05748  0.50   53169    3056   51641   475667   8.95
1971-1979       77      0.06359  0.06163  0.50   50113    3088   48568   424027   8.46
1971-1979       78      0.07432  0.07166  0.50   47024    3370   45339   375459   7.98
1971-1979       79      0.07990  0.07683  0.50   43654    3354   41977   330119   7.56
1971-1979       80      0.08622  0.08265  0.50   40300    3331   38635   288142   7.15
1971-1979       81      0.09195  0.08791  0.50   36970    3250   35345   249507   6.75
1971-1979       82      0.09485  0.09056  0.50   33720    3054   32193   214162   6.35
1971-1979       83      0.11328  0.10721  0.50   30666    3288   29022   181970   5.93
1971-1979       84      0.12305  0.11592  0.50   27378    3174   25791   152947   5.59
1971-1979       85      0.13565  0.12704  0.50   24205    3075   22667   127156   5.25
1971-1979       86      0.14817  0.13795  0.50   21130    2915   19672   104489   4.95
1971-1979       87      0.15729  0.14582  0.50   18215    2656   16887    84816   4.66
1971-1979       88      0.16785  0.15485  0.50   15559    2409   14354    67929   4.37
1971-1979       89      0.18661  0.17068  0.50   13150    2244   12027    53575   4.07
1971-1979       90      0.20927  0.18945  0.50   10905    2066    9872    41548   3.81
1971-1979       91      0.22027  0.19842  0.50    8839    1754    7962    31676   3.58
1971-1979       92      0.24173  0.21567  0.50    7085    1528    6321    23714   3.35
1971-1979       93      0.26030  0.23032  0.50    5557    1280    4917    17392   3.13
1971-1979       94      0.29112  0.25413  0.50    4277    1087    3734    12475   2.92
1971-1979       95      0.31485  0.27203  0.50    3190     868    2756     8741   2.74
1971-1979       96      0.33973  0.29040  0.50    2322     674    1985     5985   2.58
1971-1979       97      0.36566  0.30914  0.50    1648     509    1393     4000   2.43
1971-1979       98      0.39252  0.32812  0.50    1139     374     952     2607   2.29
1971-1979       99      0.42018  0.34723  0.50     765     266     632     1655   2.16
1971-1979      100      0.44848  0.36633  0.50     499     183     408     1023   2.05
1971-1979      101      0.47723  0.38529  0.50     316     122     255      615   1.94
1971-1979      102      0.50624  0.40398  0.50     195      79     155      359   1.85
1971-1979      103      0.53532  0.42229  0.50     116      49      91      204   1.76
1971-1979      104      0.56425  0.44009  0.50      67      29      52      113   1.68
1971-1979      105      0.59284  0.45729  0.50      37      17      29       60   1.61
1971-1979      106      0.62089  0.47380  0.50      20      10      16       32   1.55
1971-1979      107      0.64823  0.48956  0.50      11       5       8       16   1.49
1971-1979      108      0.67470  0.50450  0.50       5       3       4        8   1.44
1971-1979      109      0.70015  0.51860  0.50       3       1       2        4   1.41
1971-1979      110+     0.72448  1.00000  1.38       1       1       2        2   1.38
1980-1989        0      0.00903  0.00896  0.13  100000     896   99221  7641977  76.42
1980-1989        1      0.00086  0.00086  0.50   99104      85   99061  7542756  76.11
1980-1989        2      0.00045  0.00045  0.50   99019      44   98997  7443695  75.17
1980-1989        3      0.00038  0.00038  0.50   98975      37   98956  7344698  74.21
1980-1989        4      0.00033  0.00033  0.50   98937      33   98921  7245742  73.24
1980-1989        5      0.00025  0.00025  0.50   98905      25   98892  7146821  72.26
1980-1989        6      0.00030  0.00030  0.50   98879      29   98865  7047929  71.28
1980-1989        7      0.00024  0.00024  0.50   98850      24   98838  6949064  70.30
1980-1989        8      0.00017  0.00017  0.50   98826      17   98817  6850226  69.32
1980-1989        9      0.00023  0.00023  0.50   98809      23   98797  6751409  68.33
1980-1989       10      0.00021  0.00021  0.50   98786      21   98776  6652612  67.34
1980-1989       11      0.00024  0.00024  0.50   98765      24   98753  6553836  66.36
1980-1989       12      0.00018  0.00018  0.50   98741      17   98732  6455083  65.37
1980-1989       13      0.00023  0.00023  0.50   98724      23   98712  6356351  64.39
1980-1989       14      0.00028  0.00028  0.50   98701      28   98687  6257639  63.40
1980-1989       15      0.00042  0.00042  0.50   98673      41   98652  6158952  62.42
1980-1989       16      0.00051  0.00051  0.50   98632      51   98606  6060299  61.44
1980-1989       17      0.00072  0.00072  0.50   98581      71   98545  5961693  60.47
1980-1989       18      0.00083  0.00083  0.50   98510      82   98469  5863147  59.52
1980-1989       19      0.00097  0.00097  0.50   98428      96   98380  5764679  58.57
1980-1989       20      0.00088  0.00088  0.50   98332      86   98289  5666299  57.62
1980-1989       21      0.00094  0.00094  0.50   98246      93   98199  5568010  56.67
1980-1989       22      0.00089  0.00089  0.50   98153      88   98109  5469811  55.73
1980-1989       23      0.00100  0.00100  0.50   98065      98   98016  5371702  54.78
1980-1989       24      0.00090  0.00090  0.50   97967      89   97923  5273685  53.83
1980-1989       25      0.00082  0.00082  0.50   97879      80   97838  5175763  52.88
1980-1989       26      0.00084  0.00084  0.50   97798      82   97757  5077924  51.92
1980-1989       27      0.00086  0.00086  0.50   97716      84   97674  4980167  50.97
1980-1989       28      0.00089  0.00089  0.50   97632      87   97588  4882493  50.01
1980-1989       29      0.00090  0.00090  0.50   97545      88   97501  4784905  49.05
1980-1989       30      0.00078  0.00078  0.50   97457      76   97419  4687403  48.10
1980-1989       31      0.00078  0.00078  0.50   97381      76   97343  4589985  47.13
1980-1989       32      0.00078  0.00078  0.50   97304      76   97267  4492642  46.17
1980-1989       33      0.00084  0.00084  0.50   97229      82   97188  4395375  45.21
1980-1989       34      0.00090  0.00090  0.50   97147      88   97103  4298188  44.24
1980-1989       35      0.00102  0.00102  0.50   97059      99   97009  4201085  43.28
1980-1989       36      0.00094  0.00094  0.50   96960      91   96914  4104075  42.33
1980-1989       37      0.00103  0.00103  0.50   96869     100   96819  4007161  41.37
1980-1989       38      0.00109  0.00109  0.50   96769     106   96716  3910342  40.41
1980-1989       39      0.00132  0.00132  0.50   96663     127   96599  3813627  39.45
1980-1989       40      0.00149  0.00149  0.50   96536     144   96464  3717027  38.50
1980-1989       41      0.00131  0.00131  0.50   96392     126   96329  3620564  37.56
1980-1989       42      0.00159  0.00159  0.50   96265     153   96189  3524235  36.61
1980-1989       43      0.00211  0.00211  0.50   96112     203   96011  3428046  35.67
1980-1989       44      0.00192  0.00192  0.50   95909     184   95818  3332035  34.74
1980-1989       45      0.00232  0.00232  0.50   95726     222   95615  3236218  33.81
1980-1989       46      0.00274  0.00273  0.50   95504     261   95373  3140603  32.88
1980-1989       47      0.00268  0.00268  0.50   95243     255   95115  3045230  31.97
1980-1989       48      0.00296  0.00296  0.50   94988     281   94847  2950115  31.06
1980-1989       49      0.00338  0.00337  0.50   94707     319   94547  2855267  30.15
1980-1989       50      0.00406  0.00405  0.50   94387     382   94196  2760720  29.25
1980-1989       51      0.00414  0.00413  0.50   94005     389   93811  2666524  28.37
1980-1989       52      0.00494  0.00493  0.50   93616     461   93386  2572714  27.48
1980-1989       53      0.00508  0.00507  0.50   93155     472   92919  2479328  26.62
1980-1989       54      0.00571  0.00570  0.50   92683     528   92419  2386409  25.75
1980-1989       55      0.00670  0.00667  0.50   92155     615   91848  2293990  24.89
1980-1989       56      0.00701  0.00699  0.50   91540     640   91220  2202142  24.06
1980-1989       57      0.00782  0.00779  0.50   90900     708   90546  2110922  23.22
1980-1989       58      0.00857  0.00853  0.50   90192     770   89808  2020376  22.40
1980-1989       59      0.00926  0.00922  0.50   89423     824   89011  1930568  21.59
1980-1989       60      0.01005  0.01000  0.50   88598     886   88155  1841557  20.79
1980-1989       61      0.01095  0.01089  0.50   87712     955   87235  1753402  19.99
1980-1989       62      0.01240  0.01232  0.50   86757    1069   86222  1666167  19.20
1980-1989       63      0.01355  0.01346  0.50   85688    1153   85111  1579945  18.44
1980-1989       64      0.01542  0.01531  0.50   84535    1294   83888  1494834  17.68
1980-1989       65      0.01639  0.01625  0.50   83241    1353   82564  1410946  16.95
1980-1989       66      0.01648  0.01634  0.50   81888    1338   81219  1328382  16.22
1980-1989       67      0.02036  0.02016  0.50   80550    1624   79738  1247163  15.48
1980-1989       68      0.02138  0.02115  0.50   78926    1669   78091  1167425  14.79
1980-1989       69      0.02503  0.02472  0.50   77257    1910   76302  1089334  14.10
1980-1989       70      0.02671  0.02635  0.50   75347    1986   74354  1013033  13.44
1980-1989       71      0.02952  0.02909  0.50   73361    2134   72294   938679  12.80
1980-1989       72      0.03285  0.03232  0.50   71227    2302   70076   866385  12.16
1980-1989       73      0.03492  0.03432  0.50   68925    2365   67742   796309  11.55
1980-1989       74      0.03952  0.03875  0.50   66560    2579   65270   728566  10.95
1980-1989       75      0.04362  0.04269  0.50   63981    2731   62615   663296  10.37
1980-1989       76      0.04825  0.04711  0.50   61249    2886   59806   600681   9.81
1980-1989       77      0.05249  0.05115  0.50   58364    2985   56871   540875   9.27
1980-1989       78      0.05891  0.05722  0.50   55378    3169   53794   484004   8.74
1980-1989       79      0.06921  0.06690  0.50   52210    3493   50463   430210   8.24
1980-1989       80      0.07390  0.07126  0.50   48717    3472   46981   379747   7.79
1980-1989       81      0.07580  0.07303  0.50   45245    3304   43593   332766   7.35
1980-1989       82      0.08936  0.08554  0.50   41941    3588   40147   289173   6.89
1980-1989       83      0.09877  0.09412  0.50   38353    3610   36548   249026   6.49
1980-1989       84      0.10688  0.10145  0.50   34743    3525   32981   212478   6.12
1980-1989       85      0.11404  0.10789  0.50   31219    3368   29534   179497   5.75
1980-1989       86      0.12629  0.11878  0.50   27850    3308   26196   149962   5.38
1980-1989       87      0.13963  0.13052  0.50   24542    3203   22941   123766   5.04
1980-1989       88      0.14160  0.13224  0.50   21339    2822   19928   100825   4.72
1980-1989       89      0.17011  0.15678  0.50   18517    2903   17066    80897   4.37
1980-1989       90      0.18926  0.17290  0.50   15614    2700   14264    63831   4.09
1980-1989       91      0.20502  0.18596  0.50   12914    2402   11714    49567   3.84
1980-1989       92      0.21487  0.19403  0.50   10513    2040    9493    37853   3.60
1980-1989       93      0.24674  0.21964  0.50    8473    1861    7543    28360   3.35
1980-1989       94      0.26795  0.23629  0.50    6612    1562    5831    20818   3.15
1980-1989       95      0.28416  0.24881  0.50    5050    1256    4421    14987   2.97
1980-1989       96      0.30787  0.26680  0.50    3793    1012    3287    10565   2.79
1980-1989       97      0.33277  0.28530  0.50    2781     793    2384     7278   2.62
1980-1989       98      0.35878  0.30421  0.50    1988     605    1685     4894   2.46
1980-1989       99      0.38579  0.32340  0.50    1383     447    1159     3208   2.32
1980-1989      100      0.41364  0.34276  0.50     936     321     775     2049   2.19
1980-1989      101      0.44219  0.36213  0.50     615     223     504     1274   2.07
1980-1989      102      0.47125  0.38139  0.50     392     150     317      770   1.96
1980-1989      103      0.50062  0.40040  0.50     243      97     194      452   1.86
1980-1989      104      0.53009  0.41903  0.50     146      61     115      258   1.78
1980-1989      105      0.55944  0.43716  0.50      85      37      66      143   1.69
1980-1989      106      0.58848  0.45469  0.50      48      22      37       77   1.62
1980-1989      107      0.61699  0.47152  0.50      26      12      20       40   1.56
1980-1989      108      0.64478  0.48759  0.50      14       7      10       21   1.50
1980-1989      109      0.67169  0.50282  0.50       7       4       5       10   1.46
1980-1989      110+     0.69757  1.00000  1.43       3       3       5        5   1.43
1990-1999        0      0.00608  0.00605  0.14  100000     605   99478  7862924  78.63
1990-1999        1      0.00067  0.00067  0.50   99395      67   99361  7763447  78.11
1990-1999        2      0.00034  0.00034  0.50   99328      34   99311  7664085  77.16
1990-1999        3      0.00026  0.00026  0.50   99294      26   99281  7564775  76.19
1990-1999        4      0.00024  0.00024  0.50   99268      24   99256  7465494  75.21
1990-1999        5      0.00017  0.00017  0.50   99244      17   99236  7366237  74.22
1990-1999        6      0.00021  0.00021  0.50   99227      20   99217  7267002  73.24
1990-1999        7      0.00016  0.00016  0.50   99207      15   99199  7167784  72.25
1990-1999        8      0.00015  0.00015  0.50   99191      15   99184  7068585  71.26
1990-1999        9      0.00015  0.00015  0.50   99177      15   99169  6969401  70.27
1990-1999       10      0.00014  0.00014  0.50   99162      14   99155  6870232  69.28
1990-1999       11      0.00015  0.00015  0.50   99148      15   99140  6771078  68.29
1990-1999       12      0.00015  0.00015  0.50   99133      15   99126  6671937  67.30
1990-1999       13      0.00025  0.00025  0.50   99118      25   99106  6572812  66.31
1990-1999       14      0.00023  0.00023  0.50   99093      23   99082  6473706  65.33
1990-1999       15      0.00037  0.00037  0.50   99071      37   99052  6374624  64.34
1990-1999       16      0.00050  0.00050  0.50   99034      50   99009  6275572  63.37
1990-1999       17      0.00066  0.00066  0.50   98984      65   98951  6176563  62.40
1990-1999       18      0.00089  0.00089  0.50   98919      88   98875  6077612  61.44
1990-1999       19      0.00078  0.00078  0.50   98831      77   98793  5978737  60.49
1990-1999       20      0.00089  0.00089  0.50   98754      88   98710  5879945  59.54
1990-1999       21      0.00100  0.00100  0.50   98666      99   98617  5781234  58.59
1990-1999       22      0.00099  0.00099  0.50   98567      98   98518  5682618  57.65
1990-1999       23      0.00089  0.00089  0.50   98469      88   98426  5584099  56.71
1990-1999       24      0.00083  0.00083  0.50   98382      82   98341  5485674  55.76
1990-1999       25      0.00098  0.00098  0.50   98300      97   98252  5387333  54.80
1990-1999       26      0.00084  0.00084  0.50   98204      83   98162  5289080  53.86
1990-1999       27      0.00083  0.00083  0.50   98121      82   98080  5190918  52.90
1990-1999       28      0.00090  0.00090  0.50   98039      88   97995  5092838  51.95
1990-1999       29      0.00099  0.00099  0.50   97951      97   97902  4994843  50.99
1990-1999       30      0.00090  0.00090  0.50   97854      88   97810  4896941  50.04
1990-1999       31      0.00096  0.00096  0.50   97766      94   97719  4799131  49.09
1990-1999       32      0.00093  0.00093  0.50   97672      91   97626  4701412  48.13
1990-1999       33      0.00108  0.00108  0.50   97581     106   97528  4603786  47.18
1990-1999       34      0.00085  0.00085  0.50   97476      83   97434  4506258  46.23
1990-1999       35      0.00101  0.00101  0.50   97393      98   97344  4408823  45.27
1990-1999       36      0.00111  0.00111  0.50   97295     108   97241  4311480  44.31
1990-1999       37      0.00092  0.00092  0.50   97187      89   97142  4214239  43.36
1990-1999       38      0.00115  0.00114  0.50   97097     111   97042  4117097  42.40
1990-1999       39      0.00125  0.00125  0.50   96986     122   96925  4020056  41.45
1990-1999       40      0.00120  0.00120  0.50   96864     116   96806  3923131  40.50
1990-1999       41      0.00143  0.00142  0.50   96749     138   96680  3826324  39.55
1990-1999       42      0.00131  0.00131  0.50   96611     127   96548  3729644  38.60
1990-1999       43      0.00150  0.00150  0.50   96484     145   96412  3633097  37.65
1990-1999       44      0.00164  0.00164  0.50   96340     158   96261  3536685  36.71
1990-1999       45      0.00163  0.00163  0.50   96181     157   96103  3440424  35.77
1990-1999       46      0.00189  0.00189  0.50   96025     182   95934  3344321  34.83
1990-1999       47      0.00200  0.00200  0.50   95843     192   95747  3248388  33.89
1990-1999       48      0.00210  0.00209  0.50   95652     200   95551  3152640  32.96
1990-1999       49      0.00247  0.00247  0.50   95451     236   95333  3057089  32.03
1990-1999       50      0.00271  0.00270  0.50   95215     258   95087  2961756  31.11
1990-1999       51      0.00308  0.00307  0.50   94958     292   94812  2866669  30.19
1990-1999       52      0.00354  0.00353  0.50   94666     335   94499  2771857  29.28
1990-1999       53      0.00378  0.00377  0.50   94332     355   94154  2677358  28.38
1990-1999       54      0.00400  0.00400  0.50   93976     375   93788  2583204  27.49
1990-1999       55      0.00456  0.00455  0.50   93601     425   93388  2489416  26.60
1990-1999       56      0.00495  0.00494  0.50   93175     460   92945  2396028  25.72
1990-1999       57      0.00565  0.00564  0.50   92715     523   92454  2303083  24.84
1990-1999       58      0.00592  0.00591  0.50   92192     545   91920  2210629  23.98
1990-1999       59      0.00692  0.00690  0.50   91648     632   91332  2118709  23.12
1990-1999       60      0.00771  0.00768  0.50   91016     699   90666  2027377  22.28
1990-1999       61      0.00877  0.00873  0.50   90317     789   89923  1936711  21.44
1990-1999       62      0.00961  0.00956  0.50   89528     856   89100  1846788  20.63
1990-1999       63      0.01063  0.01057  0.50   88672     938   88203  1757688  19.82
1990-1999       64      0.01166  0.01159  0.50   87734    1017   87226  1669485  19.03
1990-1999       65      0.01300  0.01291  0.50   86718    1120   86158  1582259  18.25
1990-1999       66      0.01502  0.01491  0.50   85598    1276   84960  1496101  17.48
1990-1999       67      0.01598  0.01585  0.50   84322    1337   83653  1411141  16.74
1990-1999       68      0.01792  0.01776  0.50   82985    1474   82248  1327488  16.00
1990-1999       69      0.01970  0.01951  0.50   81511    1590   80716  1245240  15.28
1990-1999       70      0.02130  0.02107  0.50   79921    1684   79079  1164524  14.57
1990-1999       71      0.02287  0.02261  0.50   78237    1769   77352  1085445  13.87
1990-1999       72      0.02643  0.02609  0.50   76468    1995   75471  1008093  13.18
1990-1999       73      0.02804  0.02765  0.50   74473    2059   73443   932622  12.52
1990-1999       74      0.03266  0.03213  0.50   72414    2327   71250   859179  11.86
1990-1999       75      0.03483  0.03423  0.50   70087    2399   68887   787928  11.24
1990-1999       76      0.03973  0.03895  0.50   67688    2637   66369   719041  10.62
1990-1999       77      0.04313  0.04222  0.50   65051    2746   63678   652671  10.03
1990-1999       78      0.04841  0.04727  0.50   62305    2945   60832   588994   9.45
1990-1999       79      0.05225  0.05092  0.50   59360    3023   57848   528161   8.90
1990-1999       80      0.06171  0.05987  0.50   56337    3373   54651   470313   8.35
1990-1999       81      0.06732  0.06513  0.50   52964    3449   51240   415662   7.85
1990-1999       82      0.07267  0.07012  0.50   49515    3472   47779   364422   7.36
1990-1999       83      0.08171  0.07850  0.50   46043    3614   44236   316644   6.88
1990-1999       84      0.09212  0.08806  0.50   42429    3736   40560   272408   6.42
1990-1999       85      0.10471  0.09950  0.50   38692    3850   36767   231847   5.99
1990-1999       86      0.11216  0.10620  0.50   34843    3700   32992   195080   5.60
1990-1999       87      0.13264  0.12439  0.50   31142    3874   29205   162088   5.20
1990-1999       88      0.13936  0.13029  0.50   27268    3553   25492   132882   4.87
1990-1999       89      0.15868  0.14702  0.50   23716    3487   21972   107390   4.53
1990-1999       90      0.17534  0.16121  0.50   20229    3261   18598    85418   4.22
1990-1999       91      0.18618  0.17032  0.50   16968    2890   15523    66819   3.94
1990-1999       92      0.21468  0.19387  0.50   14078    2729   12713    51297   3.64
1990-1999       93      0.23059  0.20675  0.50   11349    2346   10176    38583   3.40
1990-1999       94      0.26114  0.23098  0.50    9002    2079    7963    28408   3.16
1990-1999       95      0.28115  0.24650  0.50    6923    1706    6070    20445   2.95
1990-1999       96      0.30729  0.26636  0.50    5216    1389    4522    14375   2.76
1990-1999       97      0.33491  0.28687  0.50    3827    1098    3278     9854   2.57
1990-1999       98      0.36390  0.30788  0.50    2729     840    2309     6576   2.41
1990-1999       99      0.39411  0.32923  0.50    1889     622    1578     4267   2.26
1990-1999      100      0.42533  0.35074  0.50    1267     444    1045     2689   2.12
1990-1999      101      0.45734  0.37222  0.50     823     306     670     1644   2.00
1990-1999      102      0.48987  0.39349  0.50     516     203     415      974   1.89
1990-1999      103      0.52265  0.41437  0.50     313     130     248      559   1.79
1990-1999      104      0.55538  0.43468  0.50     183      80     144      311   1.70
1990-1999      105      0.58777  0.45427  0.50     104      47      80      168   1.62
1990-1999      106      0.61952  0.47300  0.50      57      27      43       87   1.54
1990-1999      107      0.65038  0.49078  0.50      30      15      23       44   1.48
1990-1999      108      0.68010  0.50752  0.50      15       8      11       22   1.43
1990-1999      109      0.70850  0.52317  0.50       7       4       6       10   1.39
1990-1999      110+     0.73542  1.00000  1.36       4       4       5        5   1.36
2000-2009        0      0.00397  0.00396  0.14  100000     396   99660  8121026  81.21
2000-2009        1      0.00041  0.00041  0.50   99604      41   99583  8021366  80.53
2000-2009        2      0.00026  0.00026  0.50   99563      26   99550  7921783  79.57
2000-2009        3      0.00015  0.00015  0.50   99537      15   99529  7822233  78.59
2000-2009        4      0.00016  0.00016  0.50   99522      16   99514  7722704  77.60
2000-2009        5      0.00017  0.00017  0.50   99506      17   99497  7623190  76.61
2000-2009        6      0.00016  0.00016  0.50   99488      16   99481  7523693  75.62
2000-2009        7      0.00015  0.00015  0.50   99473      15   99465  7424213  74.64
2000-2009        8      0.00016  0.00016  0.50   99458      16   99450  7324747  73.65
2000-2009        9      0.00013  0.00013  0.50   99442      13   99436  7225297  72.66
2000-2009       10      0.00016  0.00016  0.50   99429      16   99421  7125861  71.67
2000-2009       11      0.00012  0.00012  0.50   99413      12   99408  7026440  70.68
2000-2009       12      0.00014  0.00014  0.50   99402      14   99395  6927033  69.69
2000-2009       13      0.00014  0.00014  0.50   99388      14   99381  6827638  68.70
2000-2009       14      0.00017  0.00017  0.50   99375      17   99366  6728256  67.71
2000-2009       15      0.00026  0.00026  0.50   99357      26   99344  6628890  66.72
2000-2009       16      0.00037  0.00037  0.50   99331      36   99313  6529546  65.74
2000-2009       17      0.00054  0.00054  0.50   99295      54   99268  6430233  64.76
2000-2009       18      0.00060  0.00060  0.50   99241      59   99211  6330965  63.79
2000-2009       19      0.00066  0.00066  0.50   99182      65   99149  6231754  62.83
2000-2009       20      0.00070  0.00070  0.50   99117      70   99082  6132605  61.87
2000-2009       21      0.00066  0.00066  0.50   99047      65   99014  6033523  60.92
2000-2009       22      0.00069  0.00069  0.50   98982      68   98948  5934509  59.96
2000-2009       23      0.00065  0.00065  0.50   98914      65   98881  5835561  59.00
2000-2009       24      0.00071  0.00071  0.50   98849      71   98814  5736679  58.03
2000-2009       25      0.00074  0.00074  0.50   98778      73   98742  5637866  57.08
2000-2009       26      0.00072  0.00072  0.50   98705      71   98670  5539124  56.12
2000-2009       27      0.00070  0.00070  0.50   98634      69   98599  5440454  55.16
2000-2009       28      0.00075  0.00075  0.50   98565      73   98528  5341855  54.20
2000-2009       29      0.00093  0.00093  0.50   98491      91   98446  5243327  53.24
2000-2009       30      0.00079  0.00079  0.50   98400      78   98361  5144881  52.29
2000-2009       31      0.00087  0.00087  0.50   98322      86   98279  5046520  51.33
2000-2009       32      0.00086  0.00086  0.50   98236      85   98194  4948241  50.37
2000-2009       33      0.00080  0.00080  0.50   98151      78   98112  4850047  49.41
2000-2009       34      0.00090  0.00090  0.50   98073      88   98029  4751935  48.45
2000-2009       35      0.00089  0.00089  0.50   97984      88   97941  4653906  47.50
2000-2009       36      0.00091  0.00091  0.50   97897      89   97853  4555966  46.54
2000-2009       37      0.00098  0.00098  0.50   97808      96   97760  4458113  45.58
2000-2009       38      0.00106  0.00106  0.50   97713     103   97661  4360353  44.62
2000-2009       39      0.00114  0.00114  0.50   97610     111   97554  4262692  43.67
2000-2009       40      0.00113  0.00112  0.50   97499     110   97444  4165138  42.72
2000-2009       41      0.00137  0.00137  0.50   97389     133   97322  4067694  41.77
2000-2009       42      0.00126  0.00126  0.50   97256     123   97195  3970371  40.82
2000-2009       43      0.00140  0.00140  0.50   97133     136   97065  3873177  39.87
2000-2009       44      0.00150  0.00150  0.50   96997     145   96924  3776112  38.93
2000-2009       45      0.00156  0.00156  0.50   96852     151   96776  3679187  37.99
2000-2009       46      0.00190  0.00189  0.50   96700     183   96609  3582411  37.05
2000-2009       47      0.00182  0.00182  0.50   96517     176   96429  3485802  36.12
2000-2009       48      0.00210  0.00210  0.50   96341     202   96240  3389373  35.18
2000-2009       49      0.00229  0.00228  0.50   96139     220   96030  3293133  34.25
2000-2009       50      0.00230  0.00230  0.50   95920     220   95810  3197103  33.33
2000-2009       51      0.00245  0.00244  0.50   95700     234   95583  3101293  32.41
2000-2009       52      0.00276  0.00275  0.50   95466     263   95334  3005710  31.48
2000-2009       53      0.00288  0.00288  0.50   95203     274   95066  2910376  30.57
2000-2009       54      0.00306  0.00305  0.50   94929     290   94784  2815310  29.66
2000-2009       55      0.00335  0.00334  0.50   94639     316   94481  2720526  28.75
2000-2009       56      0.00381  0.00380  0.50   94323     359   94143  2626045  27.84
2000-2009       57      0.00433  0.00432  0.50   93964     406   93761  2531902  26.95
2000-2009       58      0.00452  0.00451  0.50   93558     422   93347  2438141  26.06
2000-2009       59      0.00510  0.00508  0.50   93136     473   92900  2344794  25.18
2000-2009       60      0.00554  0.00552  0.50   92663     512   92407  2251894  24.30
2000-2009       61      0.00629  0.00627  0.50   92151     578   91862  2159487  23.43
2000-2009       62      0.00645  0.00643  0.50   91574     589   91279  2067624  22.58
2000-2009       63      0.00721  0.00719  0.50   90984     654   90657  1976345  21.72
2000-2009       64      0.00780  0.00777  0.50   90330     702   89979  1885688  20.88
2000-2009       65      0.00919  0.00915  0.50   89629     820   89219  1795709  20.03
2000-2009       66      0.00991  0.00986  0.50   88809     876   88371  1706490  19.22
2000-2009       67      0.01114  0.01108  0.50   87933     975   87446  1618119  18.40
2000-2009       68      0.01216  0.01209  0.50   86958    1051   86433  1530673  17.60
2000-2009       69      0.01340  0.01331  0.50   85907    1143   85335  1444241  16.81
2000-2009       70      0.01515  0.01503  0.50   84764    1274   84126  1358905  16.03
2000-2009       71      0.01682  0.01668  0.50   83489    1393   82793  1274779  15.27
2000-2009       72      0.01899  0.01881  0.50   82097    1544   81325  1191986  14.52
2000-2009       73      0.02132  0.02110  0.50   80553    1699   79703  1110661  13.79
2000-2009       74      0.02402  0.02374  0.50   78853    1872   77918  1030958  13.07
2000-2009       75      0.02639  0.02605  0.50   76982    2005   75979   953041  12.38
2000-2009       76      0.03036  0.02991  0.50   74977    2242   73855   877061  11.70
2000-2009       77      0.03209  0.03159  0.50   72734    2297   71585   803206  11.04
2000-2009       78      0.03821  0.03750  0.50   70437    2641   69116   731621  10.39
2000-2009       79      0.04085  0.04004  0.50   67796    2714   66439   662504   9.77
2000-2009       80      0.04814  0.04701  0.50   65081    3060   63552   596066   9.16
2000-2009       81      0.05465  0.05319  0.50   62022    3299   60372   532514   8.59
2000-2009       82      0.06044  0.05867  0.50   58723    3445   57000   472142   8.04
2000-2009       83      0.06914  0.06683  0.50   55277    3694   53430   415142   7.51
2000-2009       84      0.07654  0.07372  0.50   51583    3803   49682   361712   7.01
2000-2009       85      0.08513  0.08165  0.50   47781    3901   45830   312030   6.53
2000-2009       86      0.09709  0.09260  0.50   43879    4063   41848   266200   6.07
2000-2009       87      0.10930  0.10364  0.50   39816    4126   37753   224352   5.63
2000-2009       88      0.12377  0.11656  0.50   35690    4160   33610   186599   5.23
2000-2009       89      0.13717  0.12836  0.50   31530    4047   29506   152989   4.85
2000-2009       90      0.15301  0.14213  0.50   27482    3906   25529   123483   4.49
2000-2009       91      0.17402  0.16009  0.50   23576    3774   21689    97954   4.15
2000-2009       92      0.19331  0.17627  0.50   19802    3491   18057    76265   3.85
2000-2009       93      0.21245  0.19205  0.50   16311    3133   14745    58208   3.57
2000-2009       94      0.24463  0.21797  0.50   13179    2873   11742    43463   3.30
2000-2009       95      0.26270  0.23220  0.50   10306    2393    9110    31721   3.08
2000-2009       96      0.28980  0.25312  0.50    7913    2003    6912    22611   2.86
2000-2009       97      0.31862  0.27483  0.50    5910    1624    5098    15699   2.66
2000-2009       98      0.34902  0.29717  0.50    4286    1274    3649    10601   2.47
2000-2009       99      0.38085  0.31993  0.50    3012     964    2530     6952   2.31
2000-2009      100      0.41387  0.34291  0.50    2049     702    1697     4422   2.16
2000-2009      101      0.44780  0.36588  0.50    1346     493    1100     2725   2.02
2000-2009      102      0.48236  0.38863  0.50     854     332     688     1625   1.90
2000-2009      103      0.51719  0.41093  0.50     522     214     415      937   1.80
2000-2009      104      0.55197  0.43258  0.50     307     133     241      523   1.70
2000-2009      105      0.58633  0.45341  0.50     174      79     135      282   1.62
2000-2009      106      0.61996  0.47326  0.50      95      45      73      147   1.54
2000-2009      107      0.65255  0.49202  0.50      50      25      38       74   1.48
2000-2009      108      0.68384  0.50960  0.50      26      13      19       36   1.42
2000-2009      109      0.71360  0.52594  0.50      13       7       9       17   1.38
2000-2009      110+     0.74167  1.00000  1.35       6       6       8        8   1.35
2010-2019        0      0.00271  0.00271  0.14  100000     271   99768  8301288  83.01
2010-2019        1      0.00026  0.00026  0.50   99729      26   99716  8201520  82.24
2010-2019        2      0.00018  0.00018  0.50   99704      18   99695  8101804  81.26
2010-2019        3      0.00014  0.00014  0.50   99686      14   99679  8002109  80.27
2010-2019        4      0.00009  0.00009  0.50   99671       9   99667  7902431  79.28
2010-2019        5      0.00012  0.00012  0.50   99662      12   99656  7802764  78.29
2010-2019        6      0.00012  0.00012  0.50   99650      12   99644  7703107  77.30
2010-2019        7      0.00012  0.00012  0.50   99639      12   99633  7603463  76.31
2010-2019        8      0.00013  0.00013  0.50   99627      13   99621  7503830  75.32
2010-2019        9      0.00009  0.00009  0.50   99614       9   99609  7404210  74.33
2010-2019       10      0.00018  0.00018  0.50   99605      18   99596  7304600  73.34
2010-2019       11      0.00012  0.00012  0.50   99587      12   99581  7205004  72.35
2010-2019       12      0.00012  0.00012  0.50   99575      12   99569  7105424  71.36
2010-2019       13      0.00015  0.00015  0.50   99563      15   99556  7005854  70.37
2010-2019       14      0.00016  0.00016  0.50   99548      16   99541  6906299  69.38
2010-2019       15      0.00020  0.00020  0.50   99533      20   99523  6806758  68.39
2010-2019       16      0.00028  0.00028  0.50   99513      28   99499  6707235  67.40
2010-2019       17      0.00034  0.00034  0.50   99485      34   99468  6607737  66.42
2010-2019       18      0.00050  0.00050  0.50   99451      50   99426  6508269  65.44
2010-2019       19      0.00050  0.00050  0.50   99401      50   99376  6408843  64.47
2010-2019       20      0.00056  0.00056  0.50   99351      56   99323  6309466  63.51
2010-2019       21      0.00043  0.00043  0.50   99295      42   99274  6210143  62.54
2010-2019       22      0.00049  0.00049  0.50   99253      49   99229  6110869  61.57
2010-2019       23      0.00053  0.00053  0.50   99204      53   99177  6011640  60.60
2010-2019       24      0.00054  0.00054  0.50   99151      53   99124  5912463  59.63
2010-2019       25      0.00054  0.00054  0.50   99098      54   99071  5813339  58.66
2010-2019       26      0.00056  0.00056  0.50   99044      56   99016  5714268  57.69
2010-2019       27      0.00056  0.00056  0.50   98988      55   98961  5615251  56.73
2010-2019       28      0.00057  0.00057  0.50   98933      57   98905  5516291  55.76
2010-2019       29      0.00057  0.00057  0.50   98876      56   98848  5417386  54.79
2010-2019       30      0.00068  0.00067  0.50   98820      67   98787  5318538  53.82
2010-2019       31      0.00071  0.00071  0.50   98754      70   98718  5219751  52.86
2010-2019       32      0.00071  0.00071  0.50   98683      70   98648  5121032  51.89
2010-2019       33      0.00073  0.00073  0.50   98613      72   98577  5022384  50.93
2010-2019       34      0.00081  0.00081  0.50   98541      79   98501  4923807  49.97
2010-2019       35      0.00092  0.00092  0.50   98462      91   98416  4825305  49.01
2010-2019       36      0.00088  0.00088  0.50   98371      86   98328  4726889  48.05
2010-2019       37      0.00103  0.00103  0.50   98285     101   98234  4628561  47.09
2010-2019       38      0.00104  0.00104  0.50   98184     102   98133  4530327  46.14
2010-2019       39      0.00104  0.00104  0.50   98082     102   98031  4432194  45.19
2010-2019       40      0.00113  0.00113  0.50   97980     110   97925  4334163  44.24
2010-2019       41      0.00129  0.00129  0.50   97870     126   97807  4236238  43.28
2010-2019       42      0.00141  0.00141  0.50   97744     138   97675  4138431  42.34
2010-2019       43      0.00128  0.00128  0.50   97606     125   97543  4040757  41.40
2010-2019       44      0.00153  0.00153  0.50   97481     149   97406  3943214  40.45
2010-2019       45      0.00165  0.00165  0.50   97332     161   97251  3845808  39.51
2010-2019       46      0.00176  0.00176  0.50   97171     171   97086  3748556  38.58
2010-2019       47      0.00191  0.00191  0.50   97000     185   96908  3651471  37.64
2010-2019       48      0.00201  0.00201  0.50   96815     194   96718  3554563  36.71
2010-2019       49      0.00212  0.00212  0.50   96621     205   96519  3457845  35.79
2010-2019       50      0.00221  0.00221  0.50   96416     213   96310  3361326  34.86
2010-2019       51      0.00249  0.00248  0.50   96203     239   96084  3265016  33.94
2010-2019       52      0.00251  0.00250  0.50   95964     240   95844  3168933  33.02
2010-2019       53      0.00279  0.00279  0.50   95724     267   95591  3073088  32.10
2010-2019       54      0.00279  0.00279  0.50   95457     266   95324  2977497  31.19
2010-2019       55      0.00330  0.00329  0.50   95191     313   95035  2882173  30.28
2010-2019       56      0.00361  0.00361  0.50   94878     342   94707  2787138  29.38
2010-2019       57      0.00382  0.00381  0.50   94536     360   94356  2692431  28.48
2010-2019       58      0.00412  0.00411  0.50   94175     387   93982  2598076  27.59
2010-2019       59      0.00430  0.00429  0.50   93788     402   93587  2504094  26.70
2010-2019       60      0.00489  0.00488  0.50   93386     456   93158  2410507  25.81
2010-2019       61      0.00517  0.00515  0.50   92930     479   92691  2317349  24.94
2010-2019       62      0.00580  0.00579  0.50   92452     535   92184  2224658  24.06
2010-2019       63      0.00618  0.00616  0.50   91916     566   91633  2132474  23.20
2010-2019       64      0.00668  0.00666  0.50   91350     608   91046  2040840  22.34
2010-2019       65      0.00732  0.00730  0.50   90742     662   90411  1949794  21.49
2010-2019       66      0.00805  0.00802  0.50   90080     722   89719  1859383  20.64
2010-2019       67      0.00868  0.00864  0.50   89358     772   88972  1769664  19.80
2010-2019       68      0.00953  0.00948  0.50   88585     840   88165  1680692  18.97
2010-2019       69      0.01063  0.01058  0.50   87745     928   87281  1592527  18.15
2010-2019       70      0.01187  0.01180  0.50   86817    1024   86305  1505246  17.34
2010-2019       71      0.01303  0.01295  0.50   85793    1111   85238  1418941  16.54
2010-2019       72      0.01419  0.01409  0.50   84682    1193   84085  1333703  15.75
2010-2019       73      0.01604  0.01591  0.50   83489    1328   82825  1249617  14.97
2010-2019       74      0.01857  0.01839  0.50   82161    1511   81405  1166793  14.20
2010-2019       75      0.02062  0.02041  0.50   80649    1646   79826  1085388  13.46
2010-2019       76      0.02271  0.02245  0.50   79003    1774   78116  1005562  12.73
2010-2019       77      0.02515  0.02484  0.50   77229    1918   76270   927445  12.01
2010-2019       78      0.02893  0.02852  0.50   75311    2148   74237   851175  11.30
2010-2019       79      0.03383  0.03327  0.50   73164    2434   71947   776938  10.62
2010-2019       80      0.03845  0.03772  0.50   70729    2668   69396   704991   9.97
2010-2019       81      0.04003  0.03924  0.50   68062    2671   66726   635596   9.34
2010-2019       82      0.04899  0.04781  0.50   65391    3127   63827   568870   8.70
2010-2019       83      0.05471  0.05325  0.50   62264    3316   60606   505042   8.11
2010-2019       84      0.06427  0.06227  0.50   58948    3671   57113   444436   7.54
2010-2019       85      0.07292  0.07035  0.50   55277    3889   53333   387324   7.01
2010-2019       86      0.08268  0.07939  0.50   51388    4080   49348   333991   6.50
2010-2019       87      0.09440  0.09014  0.50   47308    4265   45176   284643   6.02
2010-2019       88      0.10336  0.09828  0.50   43044    4230   40929   239467   5.56
2010-2019       89      0.12122  0.11429  0.50   38814    4436   36596   198538   5.12
2010-2019       90      0.13958  0.13048  0.50   34378    4486   32135   161942   4.71
2010-2019       91      0.15922  0.14748  0.50   29892    4408   27688   129808   4.34
2010-2019       92      0.18030  0.16539  0.50   25484    4215   23376   102120   4.01
2010-2019       93      0.19160  0.17485  0.50   21269    3719   19409    78744   3.70
2010-2019       94      0.23236  0.20817  0.50   17550    3653   15723    59334   3.38
2010-2019       95      0.25150  0.22340  0.50   13896    3105   12344    43611   3.14
2010-2019       96      0.28024  0.24580  0.50   10792    2653    9466    31267   2.90
2010-2019       97      0.31101  0.26916  0.50    8139    2191    7044    21801   2.68
2010-2019       98      0.34368  0.29329  0.50    5949    1745    5076    14758   2.48
2010-2019       99      0.37805  0.31795  0.50    4204    1337    3536     9681   2.30
2010-2019      100      0.41383  0.34289  0.50    2867     983    2376     6146   2.14
2010-2019      101      0.45071  0.36782  0.50    1884     693    1538     3770   2.00
2010-2019      102      0.48828  0.39247  0.50    1191     467     957     2232   1.87
2010-2019      103      0.52614  0.41656  0.50     724     301     573     1275   1.76
2010-2019      104      0.56383  0.43984  0.50     422     186     329      702   1.66
2010-2019      105      0.60093  0.46209  0.50     237     109     182      373   1.58
2010-2019      106      0.63702  0.48314  0.50     127      61      96      191   1.50
2010-2019      107      0.67173  0.50284  0.50      66      33      49       94   1.43
2010-2019      108      0.70474  0.52111  0.50      33      17      24       45   1.38
2010-2019      109      0.73580  0.53790  0.50      16       8      11       21   1.34
2010-2019      110+     0.76474  1.00000  1.31       7       7       9        9   1.31
