WA, Life tables (period 1x10), Males	Last modified: 23 May 2023;  Methods Protocol: v6 (2017)

  Year          Age         mx       qx    ax      lx      dx      Lx       Tx     ex
1971-1979        0      0.01678  0.01654  0.12  100000    1654   98538  7007114  70.07
1971-1979        1      0.00151  0.00151  0.50   98346     148   98272  6908577  70.25
1971-1979        2      0.00103  0.00103  0.50   98198     102   98147  6810305  69.35
1971-1979        3      0.00083  0.00083  0.50   98096      82   98056  6712157  68.42
1971-1979        4      0.00054  0.00054  0.50   98015      53   97988  6614102  67.48
1971-1979        5      0.00045  0.00045  0.50   97962      44   97940  6516113  66.52
1971-1979        6      0.00043  0.00043  0.50   97918      43   97897  6418173  65.55
1971-1979        7      0.00040  0.00040  0.50   97876      39   97856  6320276  64.57
1971-1979        8      0.00024  0.00024  0.50   97837      24   97825  6222420  63.60
1971-1979        9      0.00026  0.00026  0.50   97813      26   97801  6124595  62.62
1971-1979       10      0.00036  0.00036  0.50   97788      35   97770  6026794  61.63
1971-1979       11      0.00038  0.00038  0.50   97753      37   97734  5929024  60.65
1971-1979       12      0.00034  0.00034  0.50   97716      33   97699  5831290  59.68
1971-1979       13      0.00039  0.00039  0.50   97682      38   97663  5733591  58.70
1971-1979       14      0.00035  0.00035  0.50   97645      34   97627  5635927  57.72
1971-1979       15      0.00063  0.00063  0.50   97610      61   97580  5538300  56.74
1971-1979       16      0.00098  0.00098  0.50   97549      96   97501  5440720  55.77
1971-1979       17      0.00154  0.00154  0.50   97453     150   97378  5343219  54.83
1971-1979       18      0.00200  0.00200  0.50   97303     195   97206  5245840  53.91
1971-1979       19      0.00182  0.00182  0.50   97109     177   97020  5148634  53.02
1971-1979       20      0.00198  0.00198  0.50   96932     192   96836  5051614  52.12
1971-1979       21      0.00191  0.00191  0.50   96740     184   96648  4954778  51.22
1971-1979       22      0.00173  0.00173  0.50   96556     167   96472  4858130  50.31
1971-1979       23      0.00154  0.00154  0.50   96389     149   96315  4761658  49.40
1971-1979       24      0.00143  0.00143  0.50   96241     138   96172  4665343  48.48
1971-1979       25      0.00133  0.00133  0.50   96103     128   96039  4569171  47.54
1971-1979       26      0.00121  0.00121  0.50   95975     116   95917  4473132  46.61
1971-1979       27      0.00128  0.00128  0.50   95859     123   95798  4377215  45.66
1971-1979       28      0.00106  0.00106  0.50   95736     101   95686  4281417  44.72
1971-1979       29      0.00156  0.00156  0.50   95635     149   95561  4185731  43.77
1971-1979       30      0.00139  0.00139  0.50   95486     133   95420  4090170  42.84
1971-1979       31      0.00119  0.00119  0.50   95353     113   95297  3994751  41.89
1971-1979       32      0.00149  0.00149  0.50   95240     142   95169  3899454  40.94
1971-1979       33      0.00158  0.00158  0.50   95098     150   95023  3804285  40.00
1971-1979       34      0.00175  0.00174  0.50   94948     166   94865  3709262  39.07
1971-1979       35      0.00169  0.00168  0.50   94783     160   94703  3614397  38.13
1971-1979       36      0.00159  0.00159  0.50   94623     150   94548  3519694  37.20
1971-1979       37      0.00186  0.00186  0.50   94473     175   94385  3425146  36.26
1971-1979       38      0.00206  0.00206  0.50   94297     194   94200  3330761  35.32
1971-1979       39      0.00256  0.00256  0.50   94103     241   93983  3236561  34.39
1971-1979       40      0.00219  0.00218  0.50   93863     205   93760  3142577  33.48
1971-1979       41      0.00242  0.00242  0.50   93658     226   93545  3048817  32.55
1971-1979       42      0.00300  0.00300  0.50   93431     280   93291  2955273  31.63
1971-1979       43      0.00304  0.00303  0.50   93152     283   93010  2861981  30.72
1971-1979       44      0.00314  0.00314  0.50   92869     292   92723  2768971  29.82
1971-1979       45      0.00425  0.00424  0.50   92577     393   92381  2676248  28.91
1971-1979       46      0.00455  0.00454  0.50   92185     418   91975  2583867  28.03
1971-1979       47      0.00496  0.00495  0.50   91766     454   91539  2491892  27.15
1971-1979       48      0.00567  0.00565  0.50   91312     516   91054  2400352  26.29
1971-1979       49      0.00609  0.00607  0.50   90796     551   90521  2309298  25.43
1971-1979       50      0.00654  0.00652  0.50   90245     588   89951  2218778  24.59
1971-1979       51      0.00710  0.00707  0.50   89657     634   89340  2128827  23.74
1971-1979       52      0.00825  0.00821  0.50   89023     731   88657  2039487  22.91
1971-1979       53      0.00843  0.00839  0.50   88292     741   87921  1950830  22.10
1971-1979       54      0.00909  0.00905  0.50   87551     792   87154  1862908  21.28
1971-1979       55      0.01031  0.01026  0.50   86758     890   86313  1775754  20.47
1971-1979       56      0.01205  0.01198  0.50   85868    1029   85354  1689441  19.67
1971-1979       57      0.01281  0.01273  0.50   84839    1080   84299  1604087  18.91
1971-1979       58      0.01478  0.01468  0.50   83759    1229   83144  1519788  18.14
1971-1979       59      0.01711  0.01697  0.50   82530    1400   81829  1436644  17.41
1971-1979       60      0.01901  0.01883  0.50   81129    1528   80365  1354815  16.70
1971-1979       61      0.01820  0.01804  0.50   79602    1436   78884  1274450  16.01
1971-1979       62      0.02361  0.02334  0.50   78166    1824   77254  1195566  15.30
1971-1979       63      0.02335  0.02308  0.50   76342    1762   75461  1118312  14.65
1971-1979       64      0.02666  0.02631  0.50   74579    1962   73598  1042851  13.98
1971-1979       65      0.03119  0.03071  0.50   72617    2230   71502   969253  13.35
1971-1979       66      0.02982  0.02938  0.50   70387    2068   69353   897751  12.75
1971-1979       67      0.03557  0.03495  0.50   68319    2388   67125   828398  12.13
1971-1979       68      0.03833  0.03761  0.50   65931    2480   64692   761273  11.55
1971-1979       69      0.04370  0.04276  0.50   63452    2713   62095   696581  10.98
1971-1979       70      0.04677  0.04570  0.50   60738    2776   59351   634486  10.45
1971-1979       71      0.04847  0.04732  0.50   57963    2743   56591   575136   9.92
1971-1979       72      0.05478  0.05332  0.50   55220    2945   53747   518544   9.39
1971-1979       73      0.06277  0.06086  0.50   52275    3181   50684   464797   8.89
1971-1979       74      0.06426  0.06226  0.50   49094    3056   47566   414113   8.44
1971-1979       75      0.07299  0.07042  0.50   46037    3242   44416   366547   7.96
1971-1979       76      0.07875  0.07576  0.50   42796    3242   41174   322131   7.53
1971-1979       77      0.08733  0.08368  0.50   39553    3310   37898   280956   7.10
1971-1979       78      0.09949  0.09477  0.50   36243    3435   34526   243058   6.71
1971-1979       79      0.10432  0.09915  0.50   32809    3253   31182   208532   6.36
1971-1979       80      0.11799  0.11142  0.50   29556    3293   27909   177350   6.00
1971-1979       81      0.12451  0.11721  0.50   26263    3078   24723   149441   5.69
1971-1979       82      0.12423  0.11696  0.50   23184    2712   21828   124718   5.38
1971-1979       83      0.14386  0.13420  0.50   20473    2748   19099   102889   5.03
1971-1979       84      0.15701  0.14558  0.50   17725    2580   16435    83790   4.73
1971-1979       85      0.17934  0.16458  0.50   15145    2493   13898    67356   4.45
1971-1979       86      0.18768  0.17158  0.50   12652    2171   11567    53457   4.23
1971-1979       87      0.19299  0.17601  0.50   10481    1845    9559    41890   4.00
1971-1979       88      0.21261  0.19218  0.50    8636    1660    7807    32332   3.74
1971-1979       89      0.24142  0.21542  0.50    6977    1503    6225    24525   3.52
1971-1979       90      0.25797  0.22850  0.50    5474    1251    4848    18300   3.34
1971-1979       91      0.27659  0.24298  0.50    4223    1026    3710    13451   3.19
1971-1979       92      0.25711  0.22783  0.50    3197     728    2833     9741   3.05
1971-1979       93      0.31565  0.27262  0.50    2469     673    2132     6909   2.80
1971-1979       94      0.33293  0.28542  0.50    1796     512    1539     4777   2.66
1971-1979       95      0.35496  0.30146  0.50    1283     387    1090     3237   2.52
1971-1979       96      0.37763  0.31765  0.50     896     285     754     2148   2.40
1971-1979       97      0.40084  0.33392  0.50     612     204     509     1394   2.28
1971-1979       98      0.42451  0.35018  0.50     407     143     336      884   2.17
1971-1979       99      0.44853  0.36637  0.50     265      97     216      548   2.07
1971-1979      100      0.47279  0.38239  0.50     168      64     136      332   1.98
1971-1979      101      0.49718  0.39819  0.50     104      41      83      196   1.89
1971-1979      102      0.52158  0.41370  0.50      62      26      49      113   1.82
1971-1979      103      0.54589  0.42884  0.50      37      16      29       64   1.75
1971-1979      104      0.56997  0.44356  0.50      21       9      16       35   1.68
1971-1979      105      0.59373  0.45782  0.50      12       5       9       19   1.62
1971-1979      106      0.61706  0.47157  0.50       6       3       5       10   1.57
1971-1979      107      0.63986  0.48477  0.50       3       2       3        5   1.52
1971-1979      108      0.66204  0.49740  0.50       2       1       1        3   1.48
1971-1979      109      0.68354  0.50943  0.50       1       0       1        1   1.44
1971-1979      110+     0.70428  1.00000  1.42       0       0       1        1   1.42
1980-1989        0      0.01016  0.01007  0.13  100000    1007   99123  7317567  73.18
1980-1989        1      0.00078  0.00078  0.50   98993      77   98954  7218444  72.92
1980-1989        2      0.00049  0.00049  0.50   98916      49   98892  7119490  71.98
1980-1989        3      0.00049  0.00049  0.50   98867      49   98843  7020598  71.01
1980-1989        4      0.00032  0.00032  0.50   98818      32   98802  6921755  70.05
1980-1989        5      0.00029  0.00029  0.50   98786      29   98772  6822953  69.07
1980-1989        6      0.00036  0.00036  0.50   98758      35   98740  6724181  68.09
1980-1989        7      0.00031  0.00031  0.50   98722      30   98707  6625441  67.11
1980-1989        8      0.00022  0.00022  0.50   98692      22   98681  6526734  66.13
1980-1989        9      0.00028  0.00028  0.50   98670      28   98657  6428053  65.15
1980-1989       10      0.00019  0.00019  0.50   98643      18   98633  6329396  64.16
1980-1989       11      0.00025  0.00025  0.50   98624      25   98612  6230763  63.18
1980-1989       12      0.00021  0.00021  0.50   98600      21   98589  6132151  62.19
1980-1989       13      0.00028  0.00028  0.50   98578      27   98565  6033562  61.21
1980-1989       14      0.00039  0.00039  0.50   98551      39   98532  5934997  60.22
1980-1989       15      0.00053  0.00053  0.50   98512      52   98486  5836465  59.25
1980-1989       16      0.00067  0.00067  0.50   98460      66   98427  5737979  58.28
1980-1989       17      0.00104  0.00104  0.50   98395     103   98343  5639551  57.32
1980-1989       18      0.00130  0.00130  0.50   98292     127   98228  5541208  56.38
1980-1989       19      0.00155  0.00155  0.50   98164     152   98088  5442980  55.45
1980-1989       20      0.00136  0.00136  0.50   98012     134   97945  5344892  54.53
1980-1989       21      0.00158  0.00158  0.50   97878     155   97801  5246946  53.61
1980-1989       22      0.00142  0.00142  0.50   97724     139   97654  5149145  52.69
1980-1989       23      0.00150  0.00150  0.50   97585     147   97511  5051491  51.77
1980-1989       24      0.00138  0.00138  0.50   97438     134   97371  4953980  50.84
1980-1989       25      0.00127  0.00127  0.50   97304     123   97242  4856609  49.91
1980-1989       26      0.00134  0.00134  0.50   97181     130   97116  4759366  48.97
1980-1989       27      0.00121  0.00121  0.50   97051     117   96992  4662251  48.04
1980-1989       28      0.00133  0.00133  0.50   96933     128   96869  4565259  47.10
1980-1989       29      0.00135  0.00135  0.50   96805     131   96740  4468389  46.16
1980-1989       30      0.00117  0.00117  0.50   96674     113   96618  4371650  45.22
1980-1989       31      0.00116  0.00116  0.50   96561     112   96505  4275032  44.27
1980-1989       32      0.00108  0.00108  0.50   96449     105   96397  4178527  43.32
1980-1989       33      0.00120  0.00120  0.50   96345     116   96287  4082130  42.37
1980-1989       34      0.00125  0.00125  0.50   96229     120   96169  3985842  41.42
1980-1989       35      0.00144  0.00144  0.50   96109     139   96039  3889673  40.47
1980-1989       36      0.00123  0.00123  0.50   95970     118   95911  3793634  39.53
1980-1989       37      0.00128  0.00128  0.50   95852     123   95791  3697723  38.58
1980-1989       38      0.00156  0.00156  0.50   95730     149   95655  3601932  37.63
1980-1989       39      0.00162  0.00162  0.50   95581     155   95503  3506277  36.68
1980-1989       40      0.00179  0.00179  0.50   95426     171   95340  3410773  35.74
1980-1989       41      0.00155  0.00155  0.50   95255     148   95181  3315433  34.81
1980-1989       42      0.00214  0.00214  0.50   95107     203   95006  3220252  33.86
1980-1989       43      0.00272  0.00271  0.50   94904     258   94775  3125246  32.93
1980-1989       44      0.00244  0.00243  0.50   94646     230   94531  3030471  32.02
1980-1989       45      0.00289  0.00288  0.50   94416     272   94280  2935940  31.10
1980-1989       46      0.00356  0.00355  0.50   94144     335   93977  2841660  30.18
1980-1989       47      0.00340  0.00340  0.50   93809     319   93650  2747683  29.29
1980-1989       48      0.00362  0.00362  0.50   93490     338   93321  2654033  28.39
1980-1989       49      0.00409  0.00408  0.50   93152     380   92962  2560712  27.49
1980-1989       50      0.00536  0.00534  0.50   92772     496   92524  2467750  26.60
1980-1989       51      0.00551  0.00549  0.50   92277     507   92023  2375225  25.74
1980-1989       52      0.00637  0.00635  0.50   91770     582   91479  2283202  24.88
1980-1989       53      0.00659  0.00657  0.50   91187     599   90888  2191723  24.04
1980-1989       54      0.00697  0.00694  0.50   90588     629   90274  2100836  23.19
1980-1989       55      0.00889  0.00885  0.50   89959     796   89561  2010562  22.35
1980-1989       56      0.00919  0.00915  0.50   89163     816   88756  1921000  21.54
1980-1989       57      0.01007  0.01002  0.50   88348     885   87905  1832245  20.74
1980-1989       58      0.01093  0.01087  0.50   87463     950   86987  1744340  19.94
1980-1989       59      0.01209  0.01202  0.50   86512    1040   85992  1657352  19.16
1980-1989       60      0.01263  0.01255  0.50   85472    1073   84936  1571360  18.38
1980-1989       61      0.01520  0.01508  0.50   84399    1273   83763  1486424  17.61
1980-1989       62      0.01677  0.01663  0.50   83126    1383   82435  1402662  16.87
1980-1989       63      0.01872  0.01855  0.50   81743    1516   80985  1320227  16.15
1980-1989       64      0.02020  0.02000  0.50   80227    1604   79425  1239241  15.45
1980-1989       65      0.02175  0.02152  0.50   78623    1692   77777  1159816  14.75
1980-1989       66      0.02199  0.02175  0.50   76931    1673   76094  1082039  14.07
1980-1989       67      0.02806  0.02767  0.50   75258    2082   74217  1005945  13.37
1980-1989       68      0.03034  0.02989  0.50   73176    2187   72082   931728  12.73
1980-1989       69      0.03417  0.03360  0.50   70989    2385   69796   859646  12.11
1980-1989       70      0.03667  0.03601  0.50   68604    2471   67368   789850  11.51
1980-1989       71      0.04109  0.04026  0.50   66133    2663   64802   722482  10.92
1980-1989       72      0.04577  0.04474  0.50   63471    2840   62051   657680  10.36
1980-1989       73      0.04737  0.04628  0.50   60631    2806   59228   595629   9.82
1980-1989       74      0.05421  0.05278  0.50   57825    3052   56299   536401   9.28
1980-1989       75      0.05980  0.05807  0.50   54773    3181   53183   480102   8.77
1980-1989       76      0.06582  0.06372  0.50   51592    3287   49949   426920   8.27
1980-1989       77      0.07176  0.06928  0.50   48305    3346   46632   376971   7.80
1980-1989       78      0.08045  0.07734  0.50   44958    3477   43220   330340   7.35
1980-1989       79      0.09393  0.08971  0.50   41481    3721   39621   287120   6.92
1980-1989       80      0.09699  0.09250  0.50   37760    3493   36013   247499   6.55
1980-1989       81      0.10320  0.09813  0.50   34267    3363   32586   211486   6.17
1980-1989       82      0.11964  0.11288  0.50   30904    3489   29160   178900   5.79
1980-1989       83      0.12827  0.12054  0.50   27416    3305   25763   149740   5.46
1980-1989       84      0.13547  0.12688  0.50   24111    3059   22582   123977   5.14
1980-1989       85      0.14741  0.13729  0.50   21052    2890   19607   101395   4.82
1980-1989       86      0.16501  0.15244  0.50   18162    2769   16777    81788   4.50
1980-1989       87      0.18271  0.16741  0.50   15393    2577   14105    65011   4.22
1980-1989       88      0.18413  0.16861  0.50   12816    2161   11736    50906   3.97
1980-1989       89      0.21984  0.19807  0.50   10655    2110    9600    39171   3.68
1980-1989       90      0.22842  0.20501  0.50    8545    1752    7669    29571   3.46
1980-1989       91      0.26673  0.23534  0.50    6793    1599    5994    21902   3.22
1980-1989       92      0.28037  0.24590  0.50    5194    1277    4556    15908   3.06
1980-1989       93      0.31745  0.27396  0.50    3917    1073    3380    11353   2.90
1980-1989       94      0.28798  0.25174  0.50    2844     716    2486     7972   2.80
1980-1989       95      0.34247  0.29240  0.50    2128     622    1817     5486   2.58
1980-1989       96      0.36684  0.30998  0.50    1506     467    1272     3669   2.44
1980-1989       97      0.39191  0.32770  0.50    1039     340     869     2397   2.31
1980-1989       98      0.41757  0.34545  0.50     699     241     578     1528   2.19
1980-1989       99      0.44368  0.36313  0.50     457     166     374      950   2.08
1980-1989      100      0.47011  0.38064  0.50     291     111     236      576   1.98
1980-1989      101      0.49670  0.39789  0.50     180      72     144      340   1.89
1980-1989      102      0.52332  0.41478  0.50     109      45      86      196   1.80
1980-1989      103      0.54980  0.43125  0.50      64      27      50      110   1.73
1980-1989      104      0.57600  0.44721  0.50      36      16      28       60   1.66
1980-1989      105      0.60178  0.46259  0.50      20       9      15       32   1.60
1980-1989      106      0.62701  0.47736  0.50      11       5       8       17   1.54
1980-1989      107      0.65157  0.49146  0.50       6       3       4        8   1.49
1980-1989      108      0.67535  0.50487  0.50       3       1       2        4   1.45
1980-1989      109      0.69825  0.51756  0.50       1       1       1        2   1.41
1980-1989      110+     0.72021  1.00000  1.39       1       1       1        1   1.39
1990-1999        0      0.00685  0.00681  0.14  100000     681   99412  7574694  75.75
1990-1999        1      0.00076  0.00076  0.50   99319      76   99281  7475282  75.27
1990-1999        2      0.00041  0.00041  0.50   99243      40   99223  7376001  74.32
1990-1999        3      0.00027  0.00027  0.50   99203      27   99190  7276778  73.35
1990-1999        4      0.00021  0.00021  0.50   99176      21   99166  7177588  72.37
1990-1999        5      0.00016  0.00016  0.50   99155      16   99147  7078422  71.39
1990-1999        6      0.00022  0.00021  0.50   99139      21   99128  6979275  70.40
1990-1999        7      0.00018  0.00018  0.50   99118      18   99109  6880147  69.41
1990-1999        8      0.00017  0.00017  0.50   99100      17   99092  6781038  68.43
1990-1999        9      0.00015  0.00015  0.50   99083      15   99076  6681947  67.44
1990-1999       10      0.00017  0.00017  0.50   99069      17   99060  6582871  66.45
1990-1999       11      0.00019  0.00019  0.50   99052      18   99043  6483810  65.46
1990-1999       12      0.00019  0.00019  0.50   99034      19   99024  6384768  64.47
1990-1999       13      0.00025  0.00025  0.50   99015      25   99002  6285744  63.48
1990-1999       14      0.00028  0.00028  0.50   98989      28   98975  6186742  62.50
1990-1999       15      0.00049  0.00049  0.50   98961      48   98937  6087766  61.52
1990-1999       16      0.00063  0.00063  0.50   98913      62   98882  5988829  60.55
1990-1999       17      0.00095  0.00095  0.50   98851      94   98804  5889948  59.58
1990-1999       18      0.00123  0.00123  0.50   98757     121   98696  5791144  58.64
1990-1999       19      0.00125  0.00125  0.50   98636     124   98574  5692447  57.71
1990-1999       20      0.00134  0.00134  0.50   98512     132   98446  5593873  56.78
1990-1999       21      0.00150  0.00150  0.50   98380     147   98307  5495427  55.86
1990-1999       22      0.00148  0.00148  0.50   98233     145   98160  5397120  54.94
1990-1999       23      0.00141  0.00141  0.50   98087     138   98018  5298960  54.02
1990-1999       24      0.00125  0.00125  0.50   97949     123   97888  5200942  53.10
1990-1999       25      0.00142  0.00142  0.50   97826     139   97757  5103054  52.16
1990-1999       26      0.00127  0.00127  0.50   97688     124   97626  5005297  51.24
1990-1999       27      0.00120  0.00120  0.50   97564     117   97505  4907672  50.30
1990-1999       28      0.00136  0.00136  0.50   97446     132   97380  4810167  49.36
1990-1999       29      0.00148  0.00148  0.50   97314     144   97242  4712786  48.43
1990-1999       30      0.00134  0.00134  0.50   97170     130   97105  4615544  47.50
1990-1999       31      0.00138  0.00138  0.50   97040     134   96973  4518439  46.56
1990-1999       32      0.00131  0.00131  0.50   96906     127   96842  4421466  45.63
1990-1999       33      0.00144  0.00144  0.50   96779     140   96709  4324624  44.69
1990-1999       34      0.00121  0.00121  0.50   96639     117   96580  4227915  43.75
1990-1999       35      0.00133  0.00133  0.50   96522     129   96458  4131335  42.80
1990-1999       36      0.00155  0.00155  0.50   96393     149   96319  4034877  41.86
1990-1999       37      0.00125  0.00125  0.50   96244     120   96184  3938559  40.92
1990-1999       38      0.00156  0.00156  0.50   96124     150   96049  3842375  39.97
1990-1999       39      0.00166  0.00166  0.50   95974     159   95894  3746326  39.03
1990-1999       40      0.00143  0.00143  0.50   95815     137   95746  3650431  38.10
1990-1999       41      0.00188  0.00188  0.50   95677     179   95588  3554685  37.15
1990-1999       42      0.00169  0.00169  0.50   95498     161   95417  3459097  36.22
1990-1999       43      0.00179  0.00179  0.50   95337     171   95251  3363680  35.28
1990-1999       44      0.00192  0.00192  0.50   95166     183   95075  3268428  34.34
1990-1999       45      0.00195  0.00195  0.50   94983     185   94891  3173354  33.41
1990-1999       46      0.00229  0.00229  0.50   94798     217   94689  3078463  32.47
1990-1999       47      0.00252  0.00252  0.50   94581     238   94462  2983774  31.55
1990-1999       48      0.00246  0.00245  0.50   94343     232   94227  2889312  30.63
1990-1999       49      0.00302  0.00301  0.50   94111     284   93970  2795085  29.70
1990-1999       50      0.00349  0.00348  0.50   93828     327   93665  2701115  28.79
1990-1999       51      0.00371  0.00371  0.50   93501     347   93328  2607450  27.89
1990-1999       52      0.00428  0.00427  0.50   93155     398   92956  2514123  26.99
1990-1999       53      0.00453  0.00452  0.50   92757     419   92547  2421167  26.10
1990-1999       54      0.00502  0.00501  0.50   92337     463   92106  2328620  25.22
1990-1999       55      0.00560  0.00558  0.50   91875     513   91618  2236514  24.34
1990-1999       56      0.00622  0.00620  0.50   91362     566   91079  2144895  23.48
1990-1999       57      0.00725  0.00722  0.50   90796     655   90468  2053816  22.62
1990-1999       58      0.00756  0.00753  0.50   90140     679   89801  1963348  21.78
1990-1999       59      0.00852  0.00848  0.50   89462     759   89082  1873547  20.94
1990-1999       60      0.00971  0.00966  0.50   88703     857   88274  1784465  20.12
1990-1999       61      0.01138  0.01132  0.50   87846     994   87349  1696190  19.31
1990-1999       62      0.01263  0.01255  0.50   86852    1090   86307  1608841  18.52
1990-1999       63      0.01366  0.01356  0.50   85762    1163   85180  1522534  17.75
1990-1999       64      0.01568  0.01556  0.50   84598    1317   83940  1437354  16.99
1990-1999       65      0.01721  0.01707  0.50   83282    1421   82571  1353414  16.25
1990-1999       66      0.02010  0.01990  0.50   81860    1629   81046  1270843  15.52
1990-1999       67      0.02114  0.02092  0.50   80232    1678   79393  1189797  14.83
1990-1999       68      0.02322  0.02296  0.50   78553    1803   77652  1110404  14.14
1990-1999       69      0.02692  0.02656  0.50   76750    2039   75731  1032753  13.46
1990-1999       70      0.02756  0.02719  0.50   74711    2031   73696   957022  12.81
1990-1999       71      0.03011  0.02967  0.50   72680    2156   71602   883326  12.15
1990-1999       72      0.03457  0.03398  0.50   70524    2397   69326   811724  11.51
1990-1999       73      0.03626  0.03561  0.50   68127    2426   66914   742399  10.90
1990-1999       74      0.04330  0.04238  0.50   65701    2784   64309   675484  10.28
1990-1999       75      0.04584  0.04481  0.50   62917    2819   61507   611175   9.71
1990-1999       76      0.05343  0.05204  0.50   60098    3128   58534   549668   9.15
1990-1999       77      0.05665  0.05509  0.50   56970    3139   55401   491134   8.62
1990-1999       78      0.06563  0.06354  0.50   53831    3421   52121   435733   8.09
1990-1999       79      0.06913  0.06682  0.50   50411    3368   48727   383612   7.61
1990-1999       80      0.08250  0.07923  0.50   47042    3727   45179   334886   7.12
1990-1999       81      0.09171  0.08769  0.50   43315    3798   41416   289707   6.69
1990-1999       82      0.09624  0.09182  0.50   39517    3628   37703   248291   6.28
1990-1999       83      0.10936  0.10369  0.50   35889    3721   34028   210588   5.87
1990-1999       84      0.12082  0.11394  0.50   32167    3665   30335   176560   5.49
1990-1999       85      0.13699  0.12821  0.50   28502    3654   26675   146225   5.13
1990-1999       86      0.14731  0.13720  0.50   24848    3409   23143   119551   4.81
1990-1999       87      0.16613  0.15339  0.50   21439    3288   19794    96407   4.50
1990-1999       88      0.18025  0.16535  0.50   18150    3001   16650    76613   4.22
1990-1999       89      0.18826  0.17207  0.50   15149    2607   13846    59963   3.96
1990-1999       90      0.21962  0.19789  0.50   12542    2482   11301    46117   3.68
1990-1999       91      0.23014  0.20639  0.50   10060    2076    9022    34816   3.46
1990-1999       92      0.25397  0.22535  0.50    7984    1799    7084    25794   3.23
1990-1999       93      0.26800  0.23633  0.50    6185    1462    5454    18709   3.03
1990-1999       94      0.31313  0.27074  0.50    4723    1279    4084    13256   2.81
1990-1999       95      0.32641  0.28061  0.50    3444     967    2961     9172   2.66
1990-1999       96      0.35187  0.29923  0.50    2478     741    2107     6211   2.51
1990-1999       97      0.37820  0.31805  0.50    1736     552    1460     4104   2.36
1990-1999       98      0.40526  0.33698  0.50    1184     399     985     2643   2.23
1990-1999       99      0.43292  0.35589  0.50     785     279     645     1659   2.11
1990-1999      100      0.46100  0.37464  0.50     506     189     411     1013   2.00
1990-1999      101      0.48933  0.39314  0.50     316     124     254      602   1.90
1990-1999      102      0.51773  0.41126  0.50     192      79     152      348   1.81
1990-1999      103      0.54601  0.42891  0.50     113      48      89      196   1.73
1990-1999      104      0.57400  0.44600  0.50      65      29      50      107   1.66
1990-1999      105      0.60152  0.46244  0.50      36      17      27       57   1.59
1990-1999      106      0.62842  0.47817  0.50      19       9      15       29   1.53
1990-1999      107      0.65454  0.49315  0.50      10       5       8       15   1.48
1990-1999      108      0.67977  0.50733  0.50       5       3       4        7   1.44
1990-1999      109      0.70398  0.52070  0.50       3       1       2        4   1.40
1990-1999      110+     0.72710  1.00000  1.38       1       1       2        2   1.38
2000-2009        0      0.00423  0.00421  0.14  100000     421   99638  7877921  78.78
2000-2009        1      0.00051  0.00051  0.50   99579      51   99553  7778283  78.11
2000-2009        2      0.00031  0.00031  0.50   99528      31   99512  7678730  77.15
2000-2009        3      0.00017  0.00017  0.50   99497      17   99489  7579218  76.18
2000-2009        4      0.00018  0.00018  0.50   99480      18   99471  7479729  75.19
2000-2009        5      0.00022  0.00022  0.50   99463      22   99452  7380258  74.20
2000-2009        6      0.00014  0.00014  0.50   99441      14   99434  7280806  73.22
2000-2009        7      0.00016  0.00016  0.50   99426      16   99418  7181373  72.23
2000-2009        8      0.00016  0.00016  0.50   99410      16   99402  7081954  71.24
2000-2009        9      0.00015  0.00015  0.50   99394      15   99386  6982552  70.25
2000-2009       10      0.00014  0.00014  0.50   99379      14   99372  6883166  69.26
2000-2009       11      0.00014  0.00014  0.50   99365      14   99358  6783794  68.27
2000-2009       12      0.00016  0.00016  0.50   99351      16   99343  6684436  67.28
2000-2009       13      0.00014  0.00014  0.50   99334      13   99328  6585094  66.29
2000-2009       14      0.00018  0.00018  0.50   99321      17   99312  6485766  65.30
2000-2009       15      0.00033  0.00033  0.50   99304      33   99287  6386454  64.31
2000-2009       16      0.00046  0.00046  0.50   99271      46   99248  6287166  63.33
2000-2009       17      0.00071  0.00071  0.50   99225      70   99190  6187918  62.36
2000-2009       18      0.00089  0.00089  0.50   99154      88   99111  6088729  61.41
2000-2009       19      0.00091  0.00091  0.50   99067      90   99021  5989618  60.46
2000-2009       20      0.00105  0.00104  0.50   98976     103   98925  5890597  59.52
2000-2009       21      0.00093  0.00093  0.50   98873      92   98827  5791672  58.58
2000-2009       22      0.00092  0.00092  0.50   98781      91   98735  5692846  57.63
2000-2009       23      0.00096  0.00096  0.50   98689      95   98642  5594111  56.68
2000-2009       24      0.00104  0.00104  0.50   98594     102   98543  5495469  55.74
2000-2009       25      0.00105  0.00105  0.50   98492     103   98440  5396926  54.80
2000-2009       26      0.00092  0.00092  0.50   98388      91   98343  5298485  53.85
2000-2009       27      0.00099  0.00099  0.50   98298      97   98249  5200142  52.90
2000-2009       28      0.00108  0.00108  0.50   98201     106   98148  5101893  51.95
2000-2009       29      0.00132  0.00132  0.50   98095     129   98030  5003745  51.01
2000-2009       30      0.00104  0.00104  0.50   97966     102   97914  4905715  50.08
2000-2009       31      0.00138  0.00138  0.50   97863     135   97796  4807801  49.13
2000-2009       32      0.00121  0.00121  0.50   97728     119   97669  4710005  48.19
2000-2009       33      0.00104  0.00104  0.50   97610     102   97559  4612336  47.25
2000-2009       34      0.00115  0.00115  0.50   97508     112   97452  4514777  46.30
2000-2009       35      0.00119  0.00119  0.50   97396     116   97338  4417324  45.35
2000-2009       36      0.00122  0.00122  0.50   97280     118   97221  4319987  44.41
2000-2009       37      0.00127  0.00127  0.50   97161     123   97100  4222766  43.46
2000-2009       38      0.00138  0.00138  0.50   97038     134   96971  4125666  42.52
2000-2009       39      0.00142  0.00142  0.50   96904     138   96836  4028695  41.57
2000-2009       40      0.00140  0.00140  0.50   96767     136   96699  3931860  40.63
2000-2009       41      0.00162  0.00161  0.50   96631     156   96553  3835161  39.69
2000-2009       42      0.00158  0.00157  0.50   96475     152   96399  3738608  38.75
2000-2009       43      0.00181  0.00181  0.50   96323     174   96236  3642209  37.81
2000-2009       44      0.00192  0.00192  0.50   96149     185   96056  3545973  36.88
2000-2009       45      0.00196  0.00196  0.50   95964     188   95870  3449917  35.95
2000-2009       46      0.00247  0.00246  0.50   95776     236   95658  3354047  35.02
2000-2009       47      0.00218  0.00218  0.50   95540     208   95436  3258390  34.11
2000-2009       48      0.00239  0.00239  0.50   95332     228   95218  3162954  33.18
2000-2009       49      0.00288  0.00288  0.50   95104     273   94967  3067736  32.26
2000-2009       50      0.00279  0.00279  0.50   94830     265   94698  2972770  31.35
2000-2009       51      0.00298  0.00298  0.50   94566     281   94425  2878072  30.43
2000-2009       52      0.00329  0.00328  0.50   94284     310   94130  2783647  29.52
2000-2009       53      0.00361  0.00361  0.50   93975     339   93805  2689517  28.62
2000-2009       54      0.00378  0.00377  0.50   93636     353   93459  2595712  27.72
2000-2009       55      0.00400  0.00399  0.50   93283     372   93097  2502252  26.82
2000-2009       56      0.00447  0.00446  0.50   92910     414   92703  2409156  25.93
2000-2009       57      0.00541  0.00539  0.50   92496     499   92246  2316453  25.04
2000-2009       58      0.00556  0.00555  0.50   91997     510   91742  2224206  24.18
2000-2009       59      0.00643  0.00641  0.50   91487     586   91194  2132464  23.31
2000-2009       60      0.00679  0.00676  0.50   90901     615   90593  2041271  22.46
2000-2009       61      0.00788  0.00785  0.50   90286     709   89931  1950677  21.61
2000-2009       62      0.00812  0.00809  0.50   89577     725   89215  1860746  20.77
2000-2009       63      0.00927  0.00922  0.50   88852     819   88442  1771532  19.94
2000-2009       64      0.00979  0.00974  0.50   88033     858   87604  1683089  19.12
2000-2009       65      0.01171  0.01164  0.50   87175    1015   86668  1595485  18.30
2000-2009       66      0.01284  0.01276  0.50   86160    1099   85611  1508818  17.51
2000-2009       67      0.01424  0.01414  0.50   85061    1203   84460  1423207  16.73
2000-2009       68      0.01555  0.01543  0.50   83858    1294   83212  1338747  15.96
2000-2009       69      0.01734  0.01719  0.50   82565    1419   81855  1255536  15.21
2000-2009       70      0.01914  0.01896  0.50   81145    1538   80376  1173681  14.46
2000-2009       71      0.02145  0.02122  0.50   79607    1689   78762  1093305  13.73
2000-2009       72      0.02400  0.02372  0.50   77917    1848   76993  1014543  13.02
2000-2009       73      0.02734  0.02697  0.50   76069    2052   75043   937549  12.32
2000-2009       74      0.03105  0.03057  0.50   74017    2263   72886   862506  11.65
2000-2009       75      0.03300  0.03247  0.50   71755    2330   70590   789620  11.00
2000-2009       76      0.03866  0.03793  0.50   69425    2633   68108   719030  10.36
2000-2009       77      0.04205  0.04119  0.50   66792    2751   65416   650921   9.75
2000-2009       78      0.04975  0.04855  0.50   64041    3109   62487   585505   9.14
2000-2009       79      0.05259  0.05124  0.50   60932    3122   59371   523018   8.58
2000-2009       80      0.06237  0.06048  0.50   57810    3496   56062   463648   8.02
2000-2009       81      0.07088  0.06846  0.50   54313    3718   52454   407586   7.50
2000-2009       82      0.07751  0.07462  0.50   50595    3775   48708   355132   7.02
2000-2009       83      0.08675  0.08314  0.50   46820    3893   44874   306424   6.54
2000-2009       84      0.09900  0.09433  0.50   42927    4049   40903   261550   6.09
2000-2009       85      0.10973  0.10402  0.50   38878    4044   36856   220648   5.68
2000-2009       86      0.12371  0.11651  0.50   34834    4058   32805   183792   5.28
2000-2009       87      0.13609  0.12742  0.50   30775    3921   28815   150987   4.91
2000-2009       88      0.15549  0.14428  0.50   26854    3874   24917   122173   4.55
2000-2009       89      0.17166  0.15809  0.50   22980    3633   21163    97256   4.23
2000-2009       90      0.18877  0.17249  0.50   19347    3337   17678    76093   3.93
2000-2009       91      0.20766  0.18812  0.50   16010    3012   14504    58414   3.65
2000-2009       92      0.23212  0.20798  0.50   12998    2703   11646    43911   3.38
2000-2009       93      0.25882  0.22916  0.50   10294    2359    9115    32265   3.13
2000-2009       94      0.29821  0.25952  0.50    7935    2059    6906    23150   2.92
2000-2009       95      0.30646  0.26574  0.50    5876    1561    5095    16244   2.76
2000-2009       96      0.33404  0.28624  0.50    4315    1235    3697    11149   2.58
2000-2009       97      0.36282  0.30711  0.50    3080     946    2607     7452   2.42
2000-2009       98      0.39261  0.32818  0.50    2134     700    1784     4845   2.27
2000-2009       99      0.42322  0.34930  0.50    1434     501    1183     3061   2.14
2000-2009      100      0.45443  0.37029  0.50     933     345     760     1878   2.01
2000-2009      101      0.48600  0.39099  0.50     587     230     473     1118   1.90
2000-2009      102      0.51769  0.41124  0.50     358     147     284      646   1.80
2000-2009      103      0.54924  0.43090  0.50     211      91     165      361   1.72
2000-2009      104      0.58039  0.44985  0.50     120      54      93      196   1.64
2000-2009      105      0.61092  0.46797  0.50      66      31      51      103   1.57
2000-2009      106      0.64060  0.48519  0.50      35      17      27       53   1.50
2000-2009      107      0.66924  0.50145  0.50      18       9      14       26   1.45
2000-2009      108      0.69668  0.51669  0.50       9       5       7       13   1.40
2000-2009      109      0.72279  0.53092  0.50       4       2       3        6   1.36
2000-2009      110+     0.74746  1.00000  1.34       2       2       3        3   1.34
2010-2019        0      0.00309  0.00308  0.14  100000     308   99736  8082966  80.83
2010-2019        1      0.00028  0.00028  0.50   99692      28   99678  7983230  80.08
2010-2019        2      0.00019  0.00019  0.50   99664      19   99655  7883552  79.10
2010-2019        3      0.00018  0.00018  0.50   99645      18   99636  7783897  78.12
2010-2019        4      0.00009  0.00009  0.50   99627       9   99623  7684260  77.13
2010-2019        5      0.00012  0.00012  0.50   99619      12   99613  7584637  76.14
2010-2019        6      0.00013  0.00013  0.50   99607      13   99600  7485025  75.15
2010-2019        7      0.00014  0.00014  0.50   99594      14   99587  7385424  74.16
2010-2019        8      0.00017  0.00017  0.50   99580      17   99571  7285838  73.17
2010-2019        9      0.00010  0.00010  0.50   99562      10   99557  7186267  72.18
2010-2019       10      0.00015  0.00015  0.50   99552      15   99545  7086710  71.19
2010-2019       11      0.00013  0.00013  0.50   99537      13   99531  6987165  70.20
2010-2019       12      0.00013  0.00013  0.50   99524      12   99518  6887635  69.21
2010-2019       13      0.00015  0.00015  0.50   99512      15   99504  6788117  68.21
2010-2019       14      0.00015  0.00015  0.50   99497      15   99489  6688613  67.22
2010-2019       15      0.00024  0.00024  0.50   99481      24   99469  6589124  66.23
2010-2019       16      0.00038  0.00038  0.50   99457      37   99439  6489655  65.25
2010-2019       17      0.00049  0.00049  0.50   99420      49   99395  6390216  64.28
2010-2019       18      0.00072  0.00072  0.50   99371      71   99335  6290821  63.31
2010-2019       19      0.00075  0.00075  0.50   99300      75   99262  6191485  62.35
2010-2019       20      0.00075  0.00075  0.50   99225      74   99188  6092223  61.40
2010-2019       21      0.00061  0.00061  0.50   99151      60   99120  5993035  60.44
2010-2019       22      0.00072  0.00072  0.50   99090      71   99055  5893915  59.48
2010-2019       23      0.00076  0.00076  0.50   99019      75   98981  5794860  58.52
2010-2019       24      0.00075  0.00075  0.50   98944      74   98907  5695879  57.57
2010-2019       25      0.00076  0.00076  0.50   98870      75   98832  5596972  56.61
2010-2019       26      0.00076  0.00076  0.50   98795      75   98757  5498140  55.65
2010-2019       27      0.00083  0.00082  0.50   98720      81   98679  5399383  54.69
2010-2019       28      0.00085  0.00085  0.50   98639      84   98596  5300704  53.74
2010-2019       29      0.00080  0.00080  0.50   98554      79   98515  5202107  52.78
2010-2019       30      0.00101  0.00101  0.50   98476      99   98426  5103592  51.83
2010-2019       31      0.00095  0.00095  0.50   98377      94   98330  5005166  50.88
2010-2019       32      0.00098  0.00098  0.50   98283      97   98235  4906836  49.93
2010-2019       33      0.00105  0.00105  0.50   98186     103   98135  4808602  48.97
2010-2019       34      0.00114  0.00114  0.50   98083     112   98028  4710467  48.03
2010-2019       35      0.00124  0.00124  0.50   97972     122   97911  4612439  47.08
2010-2019       36      0.00127  0.00127  0.50   97850     124   97788  4514528  46.14
2010-2019       37      0.00140  0.00140  0.50   97726     137   97658  4416739  45.19
2010-2019       38      0.00128  0.00128  0.50   97589     125   97527  4319082  44.26
2010-2019       39      0.00126  0.00126  0.50   97464     123   97403  4221555  43.31
2010-2019       40      0.00143  0.00143  0.50   97342     140   97272  4124152  42.37
2010-2019       41      0.00166  0.00166  0.50   97202     161   97121  4026880  41.43
2010-2019       42      0.00170  0.00169  0.50   97041     164   96958  3929759  40.50
2010-2019       43      0.00158  0.00158  0.50   96876     153   96800  3832800  39.56
2010-2019       44      0.00191  0.00191  0.50   96723     185   96631  3736001  38.63
2010-2019       45      0.00217  0.00217  0.50   96538     209   96434  3639370  37.70
2010-2019       46      0.00233  0.00233  0.50   96329     224   96217  3542936  36.78
2010-2019       47      0.00242  0.00241  0.50   96105     232   95989  3446719  35.86
2010-2019       48      0.00254  0.00254  0.50   95873     243   95752  3350730  34.95
2010-2019       49      0.00254  0.00254  0.50   95630     243   95509  3254978  34.04
2010-2019       50      0.00270  0.00269  0.50   95387     257   95259  3159470  33.12
2010-2019       51      0.00298  0.00298  0.50   95130     283   94989  3064211  32.21
2010-2019       52      0.00308  0.00307  0.50   94847     292   94701  2969223  31.31
2010-2019       53      0.00349  0.00349  0.50   94555     330   94391  2874521  30.40
2010-2019       54      0.00331  0.00330  0.50   94226     311   94070  2780131  29.51
2010-2019       55      0.00413  0.00412  0.50   93914     387   93721  2686061  28.60
2010-2019       56      0.00455  0.00454  0.50   93527     424   93315  2592340  27.72
2010-2019       57      0.00448  0.00447  0.50   93102     416   92894  2499026  26.84
2010-2019       58      0.00512  0.00511  0.50   92686     474   92449  2406131  25.96
2010-2019       59      0.00526  0.00525  0.50   92212     484   91970  2313682  25.09
2010-2019       60      0.00620  0.00618  0.50   91728     567   91445  2221712  24.22
2010-2019       61      0.00640  0.00638  0.50   91161     582   90870  2130267  23.37
2010-2019       62      0.00714  0.00712  0.50   90580     645   90257  2039397  22.51
2010-2019       63      0.00793  0.00790  0.50   89935     710   89580  1949139  21.67
2010-2019       64      0.00838  0.00835  0.50   89225     745   88852  1859560  20.84
2010-2019       65      0.00937  0.00933  0.50   88480     825   88067  1770708  20.01
2010-2019       66      0.01008  0.01003  0.50   87654     880   87215  1682641  19.20
2010-2019       67      0.01125  0.01118  0.50   86775     970   86290  1595426  18.39
2010-2019       68      0.01261  0.01253  0.50   85804    1075   85267  1509136  17.59
2010-2019       69      0.01330  0.01321  0.50   84729    1119   84170  1423870  16.80
2010-2019       70      0.01516  0.01504  0.50   83610    1258   82981  1339700  16.02
2010-2019       71      0.01602  0.01589  0.50   82352    1309   81698  1256719  15.26
2010-2019       72      0.01800  0.01784  0.50   81043    1446   80320  1175021  14.50
2010-2019       73      0.02018  0.01998  0.50   79597    1590   78802  1094701  13.75
2010-2019       74      0.02317  0.02290  0.50   78007    1787   77114  1015898  13.02
2010-2019       75      0.02632  0.02597  0.50   76221    1980   75231   938784  12.32
2010-2019       76      0.02860  0.02820  0.50   74241    2093   73194   863553  11.63
2010-2019       77      0.03071  0.03024  0.50   72148    2182   71057   790359  10.95
2010-2019       78      0.03660  0.03595  0.50   69966    2515   68708   719303  10.28
2010-2019       79      0.04257  0.04168  0.50   67451    2811   66045   650594   9.65
2010-2019       80      0.04716  0.04608  0.50   64639    2978   63150   584550   9.04
2010-2019       81      0.04933  0.04814  0.50   61661    2969   60177   521400   8.46
2010-2019       82      0.06053  0.05876  0.50   58692    3449   56968   461223   7.86
2010-2019       83      0.06758  0.06537  0.50   55244    3611   53438   404255   7.32
2010-2019       84      0.07831  0.07536  0.50   51632    3891   49687   350817   6.79
2010-2019       85      0.08790  0.08420  0.50   47741    4020   45732   301130   6.31
2010-2019       86      0.10157  0.09666  0.50   43722    4226   41609   255399   5.84
2010-2019       87      0.11150  0.10561  0.50   39496    4171   37410   213790   5.41
2010-2019       88      0.12360  0.11640  0.50   35324    4112   33268   176380   4.99
2010-2019       89      0.13908  0.13004  0.50   31212    4059   29183   143112   4.59
2010-2019       90      0.16382  0.15142  0.50   27154    4112   25098   113929   4.20
2010-2019       91      0.18973  0.17329  0.50   23042    3993   21046    88831   3.86
2010-2019       92      0.21986  0.19809  0.50   19049    3773   17162    67785   3.56
2010-2019       93      0.22664  0.20357  0.50   15276    3110   13721    50623   3.31
2010-2019       94      0.27492  0.24170  0.50   12166    2940   10696    36902   3.03
2010-2019       95      0.28952  0.25291  0.50    9226    2333    8059    26206   2.84
2010-2019       96      0.32000  0.27587  0.50    6892    1901    5942    18147   2.63
2010-2019       97      0.35211  0.29940  0.50    4991    1494    4244    12206   2.45
2010-2019       98      0.38561  0.32328  0.50    3497    1130    2931     7962   2.28
2010-2019       99      0.42023  0.34727  0.50    2366     822    1955     5030   2.13
2010-2019      100      0.45566  0.37111  0.50    1545     573    1258     3075   1.99
2010-2019      101      0.49153  0.39456  0.50     971     383     780     1817   1.87
2010-2019      102      0.52750  0.41741  0.50     588     245     465     1037   1.76
2010-2019      103      0.56318  0.43944  0.50     343     151     267      572   1.67
2010-2019      104      0.59822  0.46049  0.50     192      88     148      305   1.59
2010-2019      105      0.63229  0.48041  0.50     104      50      79      157   1.51
2010-2019      106      0.66508  0.49911  0.50      54      27      40       78   1.45
2010-2019      107      0.69635  0.51651  0.50      27      14      20       38   1.39
2010-2019      108      0.72591  0.53260  0.50      13       7      10       18   1.34
2010-2019      109      0.75361  0.54736  0.50       6       3       4        8   1.31
2010-2019      110+     0.77936  1.00000  1.28       3       3       4        4   1.28
