SA, Exposure to risk (period 1x5), 	Last modified: 02 Jul 2018;  Methods Protocol: v6 (2017)

  Year          Age             Female            Male           Total
1971-1974        0             40908.22        43135.86        84044.08
1971-1974        1             42302.63        44558.00        86860.64
1971-1974        2             43395.89        45537.46        88933.35
1971-1974        3             43786.50        45903.06        89689.56
1971-1974        4             43688.40        45653.01        89341.41
1971-1974        5             43236.34        45108.69        88345.03
1971-1974        6             43104.46        45168.67        88273.13
1971-1974        7             43182.83        45492.18        88675.01
1971-1974        8             44046.24        46578.99        90625.23
1971-1974        9             45266.86        47870.04        93136.91
1971-1974       10             46440.99        48716.85        95157.84
1971-1974       11             47518.47        49595.44        97113.91
1971-1974       12             47844.02        49745.33        97589.35
1971-1974       13             47976.58        49757.62        97734.19
1971-1974       14             47441.40        49146.88        96588.28
1971-1974       15             46516.48        48012.03        94528.50
1971-1974       16             45391.46        46676.03        92067.49
1971-1974       17             44262.33        45479.56        89741.88
1971-1974       18             43195.29        44192.47        87387.77
1971-1974       19             42576.09        43038.66        85614.75
1971-1974       20             41950.32        42041.36        83991.68
1971-1974       21             41285.44        41160.34        82445.78
1971-1974       22             40512.62        40901.64        81414.26
1971-1974       23             40232.50        40831.65        81064.15
1971-1974       24             39854.92        40595.31        80450.23
1971-1974       25             40540.94        41161.58        81702.52
1971-1974       26             39260.24        39941.80        79202.04
1971-1974       27             37679.82        38578.57        76258.39
1971-1974       28             35111.75        36225.61        71337.36
1971-1974       29             32876.13        33846.11        66722.25
1971-1974       30             31601.22        32626.04        64227.26
1971-1974       31             30288.04        31467.38        61755.41
1971-1974       32             29291.04        30368.31        59659.35
1971-1974       33             28844.57        29486.60        58331.17
1971-1974       34             28365.21        28786.66        57151.86
1971-1974       35             27950.55        28329.18        56279.73
1971-1974       36             27592.62        28151.61        55744.22
1971-1974       37             27095.80        27818.69        54914.49
1971-1974       38             26606.79        27406.15        54012.94
1971-1974       39             26386.16        27212.50        53598.66
1971-1974       40             26265.56        27387.56        53653.12
1971-1974       41             27061.90        28311.49        55373.39
1971-1974       42             27398.37        29158.49        56556.86
1971-1974       43             28194.20        30003.69        58197.88
1971-1974       44             28637.57        30927.23        59564.80
1971-1974       45             28911.35        31184.13        60095.48
1971-1974       46             29430.29        31410.10        60840.38
1971-1974       47             29755.79        31195.77        60951.56
1971-1974       48             29693.69        30822.48        60516.17
1971-1974       49             29549.92        30205.07        59754.98
1971-1974       50             29117.48        29545.79        58663.27
1971-1974       51             28841.77        29143.40        57985.18
1971-1974       52             27893.44        28086.09        55979.53
1971-1974       53             26501.99        26686.56        53188.55
1971-1974       54             25147.36        25110.72        50258.08
1971-1974       55             24100.93        24018.69        48119.61
1971-1974       56             23581.57        23427.45        47009.02
1971-1974       57             23602.17        23367.29        46969.46
1971-1974       58             23581.67        23311.18        46892.85
1971-1974       59             23502.55        22850.03        46352.58
1971-1974       60             22940.78        22185.32        45126.10
1971-1974       61             22424.93        21000.79        43425.72
1971-1974       62             21376.36        19687.23        41063.59
1971-1974       63             20534.58        18600.89        39135.46
1971-1974       64             19564.09        17403.49        36967.57
1971-1974       65             18479.34        16350.88        34830.22
1971-1974       66             17582.43        15591.86        33174.30
1971-1974       67             16594.00        14505.08        31099.08
1971-1974       68             15640.42        13558.69        29199.11
1971-1974       69             14842.40        12515.46        27357.86
1971-1974       70             14043.39        11579.88        25623.27
1971-1974       71             13519.38        10705.85        24225.23
1971-1974       72             13139.61         9781.48        22921.09
1971-1974       73             12629.34         8856.12        21485.46
1971-1974       74             11955.04         7858.56        19813.59
1971-1974       75             11162.28         6979.92        18142.20
1971-1974       76             10585.67         6251.11        16836.78
1971-1974       77             10095.57         5731.15        15826.72
1971-1974       78              9535.39         5272.29        14807.68
1971-1974       79              8848.33         4917.68        13766.02
1971-1974       80              8246.58         4483.54        12730.12
1971-1974       81              7497.68         4023.19        11520.87
1971-1974       82              6676.28         3561.23        10237.51
1971-1974       83              5844.37         3090.34         8934.71
1971-1974       84              5052.99         2616.22         7669.21
1971-1974       85              4323.09         2158.97         6482.06
1971-1974       86              3645.46         1737.61         5383.07
1971-1974       87              3034.82         1366.51         4401.32
1971-1974       88              2475.51         1043.97         3519.48
1971-1974       89              1951.37          780.83         2732.20
1971-1974       90              1512.89          575.54         2088.43
1971-1974       91              1157.05          424.90         1581.95
1971-1974       92               856.83          306.01         1162.84
1971-1974       93               616.30          215.10          831.40
1971-1974       94               435.69          146.67          582.36
1971-1974       95               297.50           92.81          390.31
1971-1974       96               202.68           59.27          261.95
1971-1974       97               137.70           38.54          176.24
1971-1974       98                85.26           22.01          107.26
1971-1974       99                51.42            9.77           61.19
1971-1974      100                31.94            2.96           34.90
1971-1974      101                18.15            1.18           19.33
1971-1974      102                 8.62            0.11            8.73
1971-1974      103                 3.09            0.00            3.09
1971-1974      104                 0.82            0.00            0.82
1971-1974      105                 0.18            0.00            0.18
1971-1974      106                 0.00            0.00            0.00
1971-1974      107                 0.00            0.00            0.00
1971-1974      108                 0.00            0.00            0.00
1971-1974      109                 0.00            0.00            0.00
1971-1974      110+                0.00            0.00            0.00
1975-1979        0             45706.68        48209.75        93916.43
1975-1979        1             46526.34        48831.09        95357.43
1975-1979        2             47755.20        50241.35        97996.55
1975-1979        3             49595.64        52124.78       101720.42
1975-1979        4             51480.22        54347.19       105827.40
1975-1979        5             53278.15        56346.67       109624.81
1975-1979        6             54792.10        57659.62       112451.72
1975-1979        7             55741.10        58450.64       114191.74
1975-1979        8             55753.17        58409.20       114162.36
1975-1979        9             55216.60        57846.15       113062.75
1975-1979       10             54774.53        57763.55       112538.08
1975-1979       11             54757.04        58176.08       112933.12
1975-1979       12             55423.53        59081.55       114505.08
1975-1979       13             56539.04        60212.05       116751.09
1975-1979       14             57851.51        61242.64       119094.15
1975-1979       15             59213.54        61959.08       121172.62
1975-1979       16             59956.12        61877.72       121833.84
1975-1979       17             59930.63        61005.77       120936.40
1975-1979       18             59421.22        60028.97       119450.19
1975-1979       19             58316.16        59014.34       117330.50
1975-1979       20             56600.72        57742.94       114343.66
1975-1979       21             55056.69        56436.88       111493.57
1975-1979       22             54126.13        55213.03       109339.16
1975-1979       23             53402.62        54392.16       107794.78
1975-1979       24             52847.14        53672.56       106519.69
1975-1979       25             52674.61        53184.05       105858.65
1975-1979       26             52563.19        53143.39       105706.57
1975-1979       27             52282.19        52917.75       105199.94
1975-1979       28             52704.70        53376.74       106081.44
1975-1979       29             52296.17        53454.86       105751.04
1975-1979       30             50680.11        51907.62       102587.73
1975-1979       31             49183.23        49931.09        99114.32
1975-1979       32             47072.23        47721.40        94793.63
1975-1979       33             43932.86        44781.52        88714.38
1975-1979       34             41172.94        42136.18        83309.12
1975-1979       35             39416.72        40464.53        79881.26
1975-1979       36             37973.29        38909.58        76882.87
1975-1979       37             36746.26        37688.02        74434.28
1975-1979       38             36203.23        36936.44        73139.67
1975-1979       39             35759.27        36423.08        72182.35
1975-1979       40             35094.30        35658.79        70753.09
1975-1979       41             34179.30        34606.36        68785.66
1975-1979       42             33344.27        34067.39        67411.66
1975-1979       43             32587.77        33800.31        66388.08
1975-1979       44             32513.65        33733.68        66247.33
1975-1979       45             33006.08        34370.00        67376.08
1975-1979       46             33560.63        35414.46        68975.09
1975-1979       47             34218.62        36273.34        70491.96
1975-1979       48             35078.28        37208.92        72287.20
1975-1979       49             35683.95        38105.78        73789.73
1975-1979       50             36052.97        38279.44        74332.42
1975-1979       51             36307.57        37959.13        74266.70
1975-1979       52             36419.15        37579.09        73998.24
1975-1979       53             36384.25        36953.19        73337.44
1975-1979       54             36177.26        36401.67        72578.93
1975-1979       55             35593.03        35659.51        71252.54
1975-1979       56             34576.51        34362.22        68938.73
1975-1979       57             33247.88        32600.88        65848.76
1975-1979       58             31898.41        30917.65        62816.06
1975-1979       59             30494.15        29241.54        59735.69
1975-1979       60             29469.70        27767.71        57237.41
1975-1979       61             29106.00        27251.40        56357.40
1975-1979       62             29001.65        27147.51        56149.16
1975-1979       63             28638.59        26584.69        55223.28
1975-1979       64             28220.80        25880.62        54101.42
1975-1979       65             27452.67        24625.53        52078.20
1975-1979       66             26311.11        22959.92        49271.03
1975-1979       67             25033.18        21318.04        46351.22
1975-1979       68             23743.61        19783.56        43527.18
1975-1979       69             22239.25        18359.67        40598.92
1975-1979       70             20913.42        17021.63        37935.05
1975-1979       71             19690.39        15702.14        35392.54
1975-1979       72             18304.91        14403.71        32708.62
1975-1979       73             17089.42        13161.71        30251.13
1975-1979       74             16086.98        11909.21        27996.19
1975-1979       75             15222.89        10699.04        25921.93
1975-1979       76             14359.40         9562.07        23921.47
1975-1979       77             13424.40         8473.54        21897.93
1975-1979       78             12583.90         7359.50        19943.40
1975-1979       79             11682.40         6301.53        17983.94
1975-1979       80             10559.79         5447.06        16006.85
1975-1979       81              9787.28         4803.98        14591.26
1975-1979       82              9052.47         4237.41        13289.88
1975-1979       83              8228.19         3715.36        11943.56
1975-1979       84              7314.25         3206.71        10520.97
1975-1979       85              6379.34         2716.03         9095.36
1975-1979       86              5418.84         2274.74         7693.58
1975-1979       87              4449.88         1870.28         6320.16
1975-1979       88              3624.01         1501.86         5125.87
1975-1979       89              2947.72         1178.06         4125.78
1975-1979       90              2355.30          909.87         3265.17
1975-1979       91              1850.98          688.11         2539.09
1975-1979       92              1402.48          488.03         1890.50
1975-1979       93              1032.64          332.60         1365.24
1975-1979       94               759.51          227.59          987.09
1975-1979       95               540.93          152.37          693.30
1975-1979       96               373.89           96.56          470.45
1975-1979       97               252.91           61.91          314.81
1975-1979       98               159.40           42.75          202.15
1975-1979       99                91.10           28.44          119.55
1975-1979      100                48.81           14.38           63.19
1975-1979      101                27.10            5.47           32.57
1975-1979      102                13.90            1.47           15.36
1975-1979      103                 5.75            0.34            6.09
1975-1979      104                 1.57            0.00            1.57
1975-1979      105                 0.16            0.00            0.16
1975-1979      106                 0.00            0.00            0.00
1975-1979      107                 0.00            0.00            0.00
1975-1979      108                 0.00            0.00            0.00
1975-1979      109                 0.00            0.00            0.00
1975-1979      110+                0.00            0.00            0.00
1980-1984        0             47220.71        49453.45        96674.16
1980-1984        1             46525.81        48731.46        95257.28
1980-1984        2             46076.32        48169.25        94245.56
1980-1984        3             45847.19        48087.16        93934.35
1980-1984        4             45849.04        48257.63        94106.66
1980-1984        5             46280.13        48831.13        95111.26
1980-1984        6             47060.59        49755.65        96816.24
1980-1984        7             48271.55        51168.10        99439.65
1980-1984        8             49954.04        53028.63       102982.67
1980-1984        9             52068.62        55191.08       107259.70
1980-1984       10             53931.52        57070.57       111002.08
1980-1984       11             55389.04        58358.56       113747.60
1980-1984       12             56312.56        59171.07       115483.63
1980-1984       13             56146.54        59133.18       115279.72
1980-1984       14             55636.54        58616.66       114253.20
1980-1984       15             55267.63        58182.06       113449.69
1980-1984       16             55466.58        58183.08       113649.66
1980-1984       17             55987.58        58350.12       114337.69
1980-1984       18             56972.60        58806.10       115778.69
1980-1984       19             58173.61        59525.20       117698.80
1980-1984       20             58743.71        59921.89       118665.60
1980-1984       21             58782.17        59730.41       118512.58
1980-1984       22             58167.16        59177.17       117344.33
1980-1984       23             57279.21        58601.33       115880.54
1980-1984       24             56300.22        57730.27       114030.49
1980-1984       25             55434.15        56595.30       112029.45
1980-1984       26             54662.14        55833.74       110495.88
1980-1984       27             54217.17        55300.72       109517.90
1980-1984       28             53954.17        54725.80       108679.97
1980-1984       29             53599.67        54163.73       107763.40
1980-1984       30             53419.66        53925.21       107344.87
1980-1984       31             53165.72        53596.21       106761.92
1980-1984       32             52784.13        53142.63       105926.76
1980-1984       33             52941.78        53278.75       106220.53
1980-1984       34             52494.27        52893.14       105387.41
1980-1984       35             50977.68        51302.02       102279.70
1980-1984       36             49325.34        49607.58        98932.91
1980-1984       37             47030.34        47483.92        94514.26
1980-1984       38             43865.90        44430.76        88296.66
1980-1984       39             41029.48        41707.66        82737.14
1980-1984       40             39338.85        40029.64        79368.49
1980-1984       41             37851.95        38588.52        76440.47
1980-1984       42             36866.39        37429.11        74295.50
1980-1984       43             35918.47        36339.55        72258.02
1980-1984       44             35153.47        35396.07        70549.54
1980-1984       45             34332.44        34475.98        68808.42
1980-1984       46             33433.43        33775.93        67209.36
1980-1984       47             32679.50        33362.96        66042.46
1980-1984       48             32143.91        33123.35        65267.26
1980-1984       49             32110.28        33027.61        65137.89
1980-1984       50             32617.27        33523.96        66141.24
1980-1984       51             33149.79        34351.98        67501.76
1980-1984       52             33787.26        35120.93        68908.19
1980-1984       53             34501.95        35972.61        70474.56
1980-1984       54             35035.53        36545.00        71580.53
1980-1984       55             35374.72        36596.24        71970.96
1980-1984       56             35643.85        36427.62        72071.46
1980-1984       57             35577.93        35910.11        71488.03
1980-1984       58             35486.03        35136.39        70622.42
1980-1984       59             35309.15        34222.23        69531.38
1980-1984       60             34933.75        33229.03        68162.78
1980-1984       61             33943.75        31754.66        65698.41
1980-1984       62             32613.83        29933.44        62547.27
1980-1984       63             31207.33        28237.34        59444.67
1980-1984       64             29631.41        26549.78        56181.19
1980-1984       65             28400.20        25316.58        53716.77
1980-1984       66             28033.10        24914.92        52948.02
1980-1984       67             27707.31        24539.31        52246.62
1980-1984       68             27284.43        23841.23        51125.66
1980-1984       69             26773.59        22761.97        49535.56
1980-1984       70             25848.81        21239.46        47088.27
1980-1984       71             24363.19        19495.47        43858.66
1980-1984       72             22881.15        17826.68        40707.83
1980-1984       73             21328.54        16184.54        37513.08
1980-1984       74             19821.56        14700.62        34522.18
1980-1984       75             18442.06        13261.39        31703.46
1980-1984       76             17070.11        11879.37        28949.48
1980-1984       77             15603.12        10596.34        26199.46
1980-1984       78             14236.12         9341.86        23577.99
1980-1984       79             13114.63         8120.31        21234.94
1980-1984       80             11933.46         6830.95        18764.41
1980-1984       81             10880.38         5885.93        16766.32
1980-1984       82              9824.24         5005.27        14829.51
1980-1984       83              8843.23         4176.50        13019.73
1980-1984       84              7912.94         3453.90        11366.84
1980-1984       85              7010.49         2868.30         9878.79
1980-1984       86              6174.08         2403.14         8577.22
1980-1984       87              5370.05         2004.10         7374.14
1980-1984       88              4568.18         1658.11         6226.29
1980-1984       89              3776.24         1333.03         5109.27
1980-1984       90              3041.58         1026.54         4068.12
1980-1984       91              2413.71          776.88         3190.59
1980-1984       92              1881.75          586.73         2468.48
1980-1984       93              1428.79          434.90         1863.68
1980-1984       94              1048.61          316.88         1365.49
1980-1984       95               736.53          226.15          962.68
1980-1984       96               510.89          153.69          664.57
1980-1984       97               353.30           99.38          452.67
1980-1984       98               235.18           59.82          295.00
1980-1984       99               147.52           34.09          181.61
1980-1984      100                85.57           18.28          103.85
1980-1984      101                48.15            7.98           56.13
1980-1984      102                26.07            2.91           28.98
1980-1984      103                13.13            0.55           13.68
1980-1984      104                 5.34            0.00            5.34
1980-1984      105                 1.00            0.00            1.00
1980-1984      106                 0.00            0.00            0.00
1980-1984      107                 0.00            0.00            0.00
1980-1984      108                 0.00            0.00            0.00
1980-1984      109                 0.00            0.00            0.00
1980-1984      110+                0.00            0.00            0.00
1985-1989        0             47434.58        50021.28        97455.85
1985-1989        1             47872.82        50289.94        98162.76
1985-1989        2             48474.85        50706.70        99181.55
1985-1989        3             48696.66        51085.21        99781.87
1985-1989        4             48739.70        51211.71        99951.40
1985-1989        5             48404.09        50715.63        99119.72
1985-1989        6             47697.12        49949.62        97646.75
1985-1989        7             47089.09        49281.64        96370.73
1985-1989        8             46741.61        49099.59        95841.21
1985-1989        9             46453.07        49359.63        95812.70
1985-1989       10             46718.02        49866.06        96584.08
1985-1989       11             47621.54        50862.55        98484.09
1985-1989       12             48958.02        52247.55       101205.58
1985-1989       13             50917.52        54023.04       104940.56
1985-1989       14             52897.51        56137.08       109034.59
1985-1989       15             54580.06        57925.54       112505.60
1985-1989       16             55829.07        59059.10       114888.17
1985-1989       17             56363.65        59395.83       115759.48
1985-1989       18             56444.23        58877.31       115321.54
1985-1989       19             55918.65        58157.84       114076.49
1985-1989       20             55216.73        57669.95       112886.68
1985-1989       21             54967.63        57302.23       112269.86
1985-1989       22             55179.19        57594.19       112773.38
1985-1989       23             55765.63        58226.68       113992.31
1985-1989       24             56820.19        58875.19       115695.38
1985-1989       25             57670.62        59526.36       117196.98
1985-1989       26             58109.74        59768.34       117878.08
1985-1989       27             58210.75        59786.90       117997.65
1985-1989       28             58080.27        59409.00       117489.27
1985-1989       29             57521.78        58291.88       115813.66
1985-1989       30             56512.68        57175.72       113688.40
1985-1989       31             55555.79        56232.68       111788.47
1985-1989       32             55193.80        55550.77       110744.56
1985-1989       33             54782.72        54778.58       109561.30
1985-1989       34             54437.29        54133.70       108570.99
1985-1989       35             54260.73        53919.65       108180.38
1985-1989       36             54037.34        53653.02       107690.36
1985-1989       37             53427.32        53524.46       106951.78
1985-1989       38             53639.79        54045.50       107685.29
1985-1989       39             53093.00        54015.16       107108.17
1985-1989       40             51109.91        52351.05       103460.96
1985-1989       41             49181.93        50317.07        99499.01
1985-1989       42             46929.12        47858.84        94787.96
1985-1989       43             43948.65        44739.80        88688.45
1985-1989       44             41305.49        42051.27        83356.76
1985-1989       45             39280.21        40267.68        79547.89
1985-1989       46             37641.25        38603.81        76245.06
1985-1989       47             36344.70        37171.20        73515.91
1985-1989       48             35421.61        36184.86        71606.47
1985-1989       49             34779.83        35483.74        70263.57
1985-1989       50             33988.30        34613.28        68601.58
1985-1989       51             33102.67        33687.76        66790.43
1985-1989       52             32461.21        33125.19        65586.41
1985-1989       53             31918.57        32630.61        64549.18
1985-1989       54             31684.38        32327.81        64012.19
1985-1989       55             32031.40        32765.57        64796.98
1985-1989       56             32388.94        33345.19        65734.13
1985-1989       57             32911.37        33824.63        66736.00
1985-1989       58             33753.12        34540.40        68293.52
1985-1989       59             34359.38        35083.97        69443.35
1985-1989       60             34775.27        34944.57        69719.84
1985-1989       61             34997.93        34403.05        69400.98
1985-1989       62             34999.19        33685.41        68684.60
1985-1989       63             34817.82        32834.03        67651.85
1985-1989       64             34490.85        32008.57        66499.42
1985-1989       65             33768.95        30883.16        64652.11
1985-1989       66             32481.71        29156.94        61638.65
1985-1989       67             30869.16        27129.69        57998.84
1985-1989       68             29353.47        25372.96        54726.43
1985-1989       69             27781.12        23739.20        51520.32
1985-1989       70             26586.54        22275.49        48862.03
1985-1989       71             26086.01        21403.77        47489.78
1985-1989       72             25709.86        20670.32        46380.18
1985-1989       73             24963.83        19592.41        44556.24
1985-1989       74             24015.20        18332.16        42347.35
1985-1989       75             22749.04        16787.54        39536.58
1985-1989       76             21087.51        15059.60        36147.11
1985-1989       77             19380.28        13282.55        32662.82
1985-1989       78             17848.49        11796.86        29645.34
1985-1989       79             16367.52        10437.82        26805.34
1985-1989       80             14418.72         8735.30        23154.01
1985-1989       81             12975.03         7483.35        20458.38
1985-1989       82             11626.35         6318.30        17944.64
1985-1989       83             10366.15         5299.14        15665.28
1985-1989       84              9184.20         4428.78        13612.98
1985-1989       85              8073.55         3659.59        11733.14
1985-1989       86              7035.53         2983.81        10019.34
1985-1989       87              6046.56         2384.32         8430.88
1985-1989       88              5160.81         1870.60         7031.41
1985-1989       89              4370.62         1480.86         5851.48
1985-1989       90              3606.37         1172.71         4779.09
1985-1989       91              2928.13          916.11         3844.24
1985-1989       92              2364.31          694.62         3058.94
1985-1989       93              1855.96          518.28         2374.24
1985-1989       94              1410.53          370.76         1781.29
1985-1989       95              1041.44          248.76         1290.20
1985-1989       96               734.48          173.63          908.11
1985-1989       97               487.73          117.34          605.07
1985-1989       98               318.35           74.22          392.57
1985-1989       99               214.99           51.18          266.17
1985-1989      100               138.24           33.31          171.54
1985-1989      101                84.58           19.85          104.43
1985-1989      102                48.82           11.00           59.82
1985-1989      103                26.01            5.00           31.01
1985-1989      104                12.50            1.40           13.91
1985-1989      105                 4.66            0.05            4.71
1985-1989      106                 1.02            0.00            1.02
1985-1989      107                 0.00            0.00            0.00
1985-1989      108                 0.00            0.00            0.00
1985-1989      109                 0.00            0.00            0.00
1985-1989      110+                0.00            0.00            0.00
1990-1994        0             47711.53        50465.41        98176.94
1990-1994        1             47997.69        50821.19        98818.88
1990-1994        2             47993.72        51056.69        99050.41
1990-1994        3             48073.65        51130.65        99204.30
1990-1994        4             48422.13        51364.69        99786.82
1990-1994        5             48838.08        51627.12       100465.20
1990-1994        6             49252.64        51915.14       101167.78
1990-1994        7             49659.65        52253.11       101912.76
1990-1994        8             49860.09        52343.10       102203.19
1990-1994        9             49841.62        52114.58       101956.20
1990-1994       10             49392.05        51697.03       101089.08
1990-1994       11             48571.56        51091.56        99663.13
1990-1994       12             48021.56        50520.07        98541.63
1990-1994       13             47691.06        50150.09        97841.15
1990-1994       14             47496.05        50234.59        97730.63
1990-1994       15             47820.06        50824.04        98644.09
1990-1994       16             48743.57        51699.09       100442.67
1990-1994       17             50028.09        52741.07       102769.16
1990-1994       18             51758.56        54339.06       106097.62
1990-1994       19             53786.11        56387.12       110173.23
1990-1994       20             55412.69        57998.80       113411.49
1990-1994       21             56233.70        58634.89       114868.59
1990-1994       22             56283.13        58579.85       114862.98
1990-1994       23             55401.22        57762.50       113163.72
1990-1994       24             54370.22        56755.29       111125.50
1990-1994       25             53852.73        55979.91       109832.64
1990-1994       26             54053.73        55857.05       109910.78
1990-1994       27             54701.23        56224.32       110925.55
1990-1994       28             55933.72        56884.73       112818.45
1990-1994       29             57468.26        58065.34       115533.60
1990-1994       30             58649.76        59101.95       117751.71
1990-1994       31             59339.34        59546.43       118885.77
1990-1994       32             59407.40        59324.42       118731.83
1990-1994       33             59101.90        58907.90       118009.80
1990-1994       34             58458.85        58247.95       116706.80
1990-1994       35             57498.47        57352.17       114850.64
1990-1994       36             56559.28        56577.67       113136.95
1990-1994       37             56067.88        55757.62       111825.50
1990-1994       38             55392.86        55077.70       110470.56
1990-1994       39             54879.42        54577.33       109456.75
1990-1994       40             54778.90        54304.59       109083.49
1990-1994       41             54306.07        54066.69       108372.76
1990-1994       42             53863.57        53780.10       107643.67
1990-1994       43             53562.01        53776.11       107338.11
1990-1994       44             52685.13        53285.83       105970.96
1990-1994       45             51125.15        51658.32       102783.48
1990-1994       46             49220.71        49592.30        98813.01
1990-1994       47             46615.89        47168.20        93784.09
1990-1994       48             43385.87        43894.15        87280.02
1990-1994       49             40685.08        41302.62        81987.70
1990-1994       50             38859.65        39592.74        78452.39
1990-1994       51             37117.74        37951.41        75069.15
1990-1994       52             36051.14        36681.81        72732.95
1990-1994       53             35207.12        35560.00        70767.12
1990-1994       54             34406.04        34576.30        68982.34
1990-1994       55             33686.67        33607.34        67294.01
1990-1994       56             32876.50        32747.07        65623.57
1990-1994       57             32154.62        32092.02        64246.64
1990-1994       58             31437.35        31443.24        62880.59
1990-1994       59             31353.31        31184.72        62538.02
1990-1994       60             31696.06        31492.82        63188.87
1990-1994       61             32061.43        31864.50        63925.94
1990-1994       62             32629.45        32227.26        64856.72
1990-1994       63             33190.93        32643.26        65834.18
1990-1994       64             33649.09        32734.59        66383.67
1990-1994       65             33728.53        32305.72        66034.24
1990-1994       66             33549.10        31552.83        65101.92
1990-1994       67             33303.09        30648.52        63951.61
1990-1994       68             32895.23        29571.82        62467.05
1990-1994       69             32402.26        28407.24        60809.51
1990-1994       70             31670.63        27133.65        58804.28
1990-1994       71             30302.10        25334.27        55636.37
1990-1994       72             28659.87        23293.26        51953.13
1990-1994       73             26973.32        21389.56        48362.89
1990-1994       74             25209.39        19492.23        44701.62
1990-1994       75             23764.65        17917.67        41682.32
1990-1994       76             22879.87        16825.01        39704.88
1990-1994       77             22051.83        15764.23        37816.06
1990-1994       78             20991.37        14455.53        35446.90
1990-1994       79             19755.21        13046.89        32802.10
1990-1994       80             17966.74        11107.00        29073.73
1990-1994       81             16235.08         9642.68        25877.76
1990-1994       82             14582.22         8242.67        22824.89
1990-1994       83             13014.61         6962.04        19976.65
1990-1994       84             11530.13         5834.67        17364.79
1990-1994       85             10065.32         4823.03        14888.35
1990-1994       86              8664.16         3912.89        12577.05
1990-1994       87              7368.56         3116.73        10485.29
1990-1994       88              6198.55         2472.48         8671.03
1990-1994       89              5156.03         1910.44         7066.47
1990-1994       90              4257.66         1440.16         5697.82
1990-1994       91              3489.35         1083.81         4573.17
1990-1994       92              2773.73          800.79         3574.52
1990-1994       93              2166.70          569.64         2736.34
1990-1994       94              1681.12          398.22         2079.33
1990-1994       95              1274.23          286.11         1560.34
1990-1994       96               932.44          208.78         1141.21
1990-1994       97               659.88          144.37          804.25
1990-1994       98               456.49           89.57          546.06
1990-1994       99               305.36           56.15          361.51
1990-1994      100               200.28           35.59          235.87
1990-1994      101               126.72           20.71          147.42
1990-1994      102                77.04           10.30           87.34
1990-1994      103                45.57            4.37           49.93
1990-1994      104                25.37            2.15           27.52
1990-1994      105                12.72            0.68           13.40
1990-1994      106                 5.34            0.05            5.38
1990-1994      107                 1.38            0.00            1.38
1990-1994      108                 0.05            0.00            0.05
1990-1994      109                 0.00            0.00            0.00
1990-1994      110+                0.00            0.00            0.00
1995-1999        0             45447.51        47584.03        93031.54
1995-1999        1             46115.07        48324.61        94439.67
1995-1999        2             46804.68        49241.72        96046.39
1995-1999        3             47398.55        50000.74        97399.29
1995-1999        4             47899.67        50471.19        98370.86
1995-1999        5             48210.05        50766.64        98976.69
1995-1999        6             48333.13        51120.61        99453.74
1995-1999        7             48322.60        51293.61        99616.20
1995-1999        8             48215.10        51322.16        99537.25
1995-1999        9             48463.58        51365.11        99828.69
1995-1999       10             48779.07        51510.05       100289.12
1995-1999       11             49169.05        51801.54       100970.59
1995-1999       12             49691.54        52028.07       101719.60
1995-1999       13             49832.53        52143.11       101975.64
1995-1999       14             49581.65        51910.11       101491.75
1995-1999       15             49032.61        51258.61       100291.22
1995-1999       16             48193.62        50568.69        98762.31
1995-1999       17             47596.59        49943.13        97539.72
1995-1999       18             47391.75        49569.68        96961.43
1995-1999       19             47430.62        49755.68        97186.30
1995-1999       20             47827.69        50321.53        98149.22
1995-1999       21             48328.70        50853.96        99182.67
1995-1999       22             48876.12        51331.16       100207.29
1995-1999       23             49730.59        52084.48       101815.07
1995-1999       24             50869.13        53045.71       103914.84
1995-1999       25             52113.76        53940.29       106054.05
1995-1999       26             52975.33        54679.86       107655.18
1995-1999       27             53427.71        55078.88       108506.59
1995-1999       28             53341.73        54873.00       108214.73
1995-1999       29             53014.63        54278.24       107292.88
1995-1999       30             53059.83        53907.28       106967.11
1995-1999       31             53541.78        54172.21       107713.99
1995-1999       32             54365.81        54826.53       109192.35
1995-1999       33             55664.80        55791.38       111456.18
1995-1999       34             57030.27        56963.84       113994.11
1995-1999       35             58019.92        58111.29       116131.21
1995-1999       36             58659.97        58521.68       117181.65
1995-1999       37             58844.99        58449.19       117294.18
1995-1999       38             58495.46        58088.37       116583.83
1995-1999       39             57841.95        57306.85       115148.80
1995-1999       40             56880.08        56351.64       113231.72
1995-1999       41             55955.60        55497.73       111453.33
1995-1999       42             55422.48        54737.24       110159.72
1995-1999       43             54808.27        54003.74       108812.00
1995-1999       44             54345.59        53353.40       107698.99
1995-1999       45             53884.82        52869.71       106754.53
1995-1999       46             53422.86        52640.37       106063.22
1995-1999       47             52857.83        52174.27       105032.10
1995-1999       48             52744.91        52245.41       104990.32
1995-1999       49             52014.56        51860.59       103875.15
1995-1999       50             50231.96        50138.20       100370.16
1995-1999       51             48447.06        48212.02        96659.08
1995-1999       52             46089.38        45904.28        91993.66
1995-1999       53             43028.60        42936.55        85965.15
1995-1999       54             40255.65        40310.04        80565.69
1995-1999       55             38214.01        38391.79        76605.80
1995-1999       56             36580.32        36772.55        73352.87
1995-1999       57             35399.00        35375.63        70774.63
1995-1999       58             34598.12        34242.59        68840.71
1995-1999       59             33913.25        33339.33        67252.58
1995-1999       60             33118.64        32364.32        65482.95
1995-1999       61             32378.20        31463.93        63842.13
1995-1999       62             31688.99        30792.49        62481.48
1995-1999       63             31055.14        30162.47        61217.61
1995-1999       64             30688.46        29617.61        60306.06
1995-1999       65             30751.62        29505.90        60257.52
1995-1999       66             30907.08        29547.44        60454.52
1995-1999       67             31068.60        29450.84        60519.44
1995-1999       68             31454.07        29475.71        60929.78
1995-1999       69             31588.59        29364.28        60952.87
1995-1999       70             31499.67        28724.94        60224.61
1995-1999       71             31362.96        27750.60        59113.57
1995-1999       72             31058.92        26556.34        57615.27
1995-1999       73             30514.96        25227.53        55742.49
1995-1999       74             29718.76        23817.84        53536.60
1995-1999       75             28612.19        22234.60        50846.79
1995-1999       76             27029.52        20313.70        47343.21
1995-1999       77             25105.79        18234.63        43340.42
1995-1999       78             23153.92        16348.84        39502.77
1995-1999       79             21196.16        14532.44        35728.60
1995-1999       80             19440.43        12626.90        32067.33
1995-1999       81             18478.23        11484.57        29962.81
1995-1999       82             17333.12        10284.57        27617.68
1995-1999       83             15953.33         8990.61        24943.94
1995-1999       84             14443.40         7674.86        22118.25
1995-1999       85             12813.60         6402.69        19216.29
1995-1999       86             11110.41         5225.35        16335.76
1995-1999       87              9469.18         4184.83        13654.00
1995-1999       88              7999.47         3331.26        11330.73
1995-1999       89              6692.19         2606.40         9298.59
1995-1999       90              5506.40         1969.17         7475.57
1995-1999       91              4460.68         1469.12         5929.80
1995-1999       92              3485.68         1078.54         4564.22
1995-1999       93              2655.11          767.20         3422.30
1995-1999       94              2008.54          534.12         2542.66
1995-1999       95              1489.39          368.02         1857.41
1995-1999       96              1095.32          250.08         1345.40
1995-1999       97               780.70          160.30          941.00
1995-1999       98               530.60           98.77          629.37
1995-1999       99               355.26           62.66          417.91
1995-1999      100               228.45           37.67          266.12
1995-1999      101               140.34           20.14          160.49
1995-1999      102                83.95            9.82           93.78
1995-1999      103                47.93            3.71           51.64
1995-1999      104                26.01            0.53           26.54
1995-1999      105                12.99            0.00           12.99
1995-1999      106                 5.21            0.00            5.21
1995-1999      107                 1.28            0.00            1.28
1995-1999      108                 0.10            0.00            0.10
1995-1999      109                 0.00            0.00            0.00
1995-1999      110+                0.00            0.00            0.00
2000-2004        0             42807.03        44846.24        87653.28
2000-2004        1             43455.65        45381.59        88837.24
2000-2004        2             44199.16        46010.67        90209.84
2000-2004        3             44858.59        46691.64        91550.23
2000-2004        4             45547.06        47529.16        93076.22
2000-2004        5             46284.03        48550.60        94834.62
2000-2004        6             47013.13        49283.66        96296.79
2000-2004        7             47573.53        49929.60        97503.13
2000-2004        8             48198.08        50547.09        98745.17
2000-2004        9             48628.56        51043.62        99672.18
2000-2004       10             48698.55        51219.58        99918.13
2000-2004       11             48754.52        51505.05       100259.57
2000-2004       12             48802.06        51735.08       100537.14
2000-2004       13             48797.03        51838.09       100635.12
2000-2004       14             49056.04        51986.60       101042.64
2000-2004       15             49494.07        52198.11       101692.18
2000-2004       16             49979.07        52401.13       102380.20
2000-2004       17             50592.61        52676.13       103268.74
2000-2004       18             50819.10        53004.74       103823.84
2000-2004       19             50717.61        52792.73       103510.34
2000-2004       20             49995.24        52133.68       102128.91
2000-2004       21             48891.24        51150.58       100041.82
2000-2004       22             47560.66        49912.54        97473.20
2000-2004       23             46442.66        49004.62        95447.29
2000-2004       24             45657.13        48478.97        94136.10
2000-2004       25             45696.65        48178.60        93875.26
2000-2004       26             46016.18        48186.62        94202.81
2000-2004       27             46978.16        48850.22        95828.38
2000-2004       28             48314.17        49787.37        98101.54
2000-2004       29             49929.69        51260.63       101190.32
2000-2004       30             51746.72        52793.81       104540.53
2000-2004       31             53050.67        53860.35       106911.02
2000-2004       32             53724.26        54548.18       108272.44
2000-2004       33             53801.35        54797.56       108598.91
2000-2004       34             53503.78        54430.41       107934.19
2000-2004       35             53482.73        54213.14       107695.87
2000-2004       36             53989.82        54594.11       108583.93
2000-2004       37             54984.20        55325.66       110309.85
2000-2004       38             56160.95        56293.60       112454.55
2000-2004       39             57341.91        57302.39       114644.30
2000-2004       40             58340.54        58095.70       116436.24
2000-2004       41             58910.01        58384.73       117294.75
2000-2004       42             58829.67        58248.15       117077.82
2000-2004       43             58336.30        57533.04       115869.34
2000-2004       44             57515.77        56480.95       113996.72
2000-2004       45             56582.37        55607.38       112189.74
2000-2004       46             55693.97        54712.93       110406.90
2000-2004       47             55091.52        54036.43       109127.95
2000-2004       48             54460.45        53312.46       107772.91
2000-2004       49             53881.47        52691.96       106573.42
2000-2004       50             53472.66        52136.78       105609.44
2000-2004       51             53196.50        51698.49       104895.00
2000-2004       52             52733.26        51291.26       104024.53
2000-2004       53             52446.83        51323.97       103770.81
2000-2004       54             51616.95        50800.59       102417.54
2000-2004       55             49885.22        49146.86        99032.08
2000-2004       56             47972.43        47136.63        95109.06
2000-2004       57             45554.32        44854.76        90409.07
2000-2004       58             42405.04        41881.26        84286.30
2000-2004       59             39634.75        39162.57        78797.32
2000-2004       60             37616.25        37291.60        74907.85
2000-2004       61             36142.28        35673.75        71816.03
2000-2004       62             35029.82        34267.08        69296.90
2000-2004       63             34148.23        33062.47        67210.70
2000-2004       64             33457.16        32041.25        65498.41
2000-2004       65             32649.18        31037.91        63687.09
2000-2004       66             31490.57        29875.22        61365.79
2000-2004       67             30431.76        28827.24        59259.00
2000-2004       68             29523.86        27832.94        57356.81
2000-2004       69             29155.94        27042.41        56198.34
2000-2004       70             29146.48        26720.14        55866.63
2000-2004       71             29130.85        26584.52        55715.37
2000-2004       72             29284.83        26322.42        55607.25
2000-2004       73             29392.46        25967.52        55359.98
2000-2004       74             29387.04        25426.74        54813.78
2000-2004       75             29214.47        24503.73        53718.20
2000-2004       76             28588.15        23250.01        51838.16
2000-2004       77             27732.22        21702.80        49435.02
2000-2004       78             26854.38        20041.54        46895.91
2000-2004       79             25746.27        18344.26        44090.53
2000-2004       80             23725.40        16173.88        39899.28
2000-2004       81             21748.37        14323.16        36071.52
2000-2004       82             19718.81        12467.51        32186.32
2000-2004       83             17710.00        10710.99        28420.98
2000-2004       84             15771.10         9132.07        24903.17
2000-2004       85             14214.99         7784.81        21999.80
2000-2004       86             12952.15         6634.74        19586.89
2000-2004       87             11610.73         5538.42        17149.15
2000-2004       88             10162.97         4491.48        14654.45
2000-2004       89              8680.71         3542.77        12223.48
2000-2004       90              7187.37         2733.27         9920.64
2000-2004       91              5806.35         2068.32         7874.66
2000-2004       92              4615.11         1536.15         6151.27
2000-2004       93              3571.79         1127.38         4699.16
2000-2004       94              2690.84          812.39         3503.23
2000-2004       95              1982.94          543.34         2526.28
2000-2004       96              1427.89          345.60         1773.49
2000-2004       97              1000.01          219.56         1219.57
2000-2004       98               685.72          138.42          824.14
2000-2004       99               459.79           88.75          548.54
2000-2004      100               300.07           53.01          353.09
2000-2004      101               186.49           27.91          214.40
2000-2004      102               110.69           13.17          123.87
2000-2004      103                62.47            5.18           67.64
2000-2004      104                33.54            1.60           35.13
2000-2004      105                16.62            0.10           16.72
2000-2004      106                 6.82            0.00            6.82
2000-2004      107                 1.41            0.00            1.41
2000-2004      108                 0.00            0.00            0.00
2000-2004      109                 0.00            0.00            0.00
2000-2004      110+                0.00            0.00            0.00
2005-2009        0             46336.67        48312.19        94648.86
2005-2009        1             45467.14        47412.65        92879.79
2005-2009        2             44949.30        46869.19        91818.49
2005-2009        3             44599.58        46661.16        91260.73
2005-2009        4             44689.59        46608.09        91297.68
2005-2009        5             45036.56        46874.15        91910.71
2005-2009        6             45514.09        47506.11        93020.21
2005-2009        7             46138.56        48046.07        94184.63
2005-2009        8             46692.61        48625.08        95317.68
2005-2009        9             47305.54        49407.06        96712.59
2005-2009       10             47906.55        50191.54        98098.09
2005-2009       11             48402.04        50780.55        99182.59
2005-2009       12             48864.54        51225.57       100090.11
2005-2009       13             49369.52        51873.54       101243.06
2005-2009       14             49722.04        52452.58       102174.62
2005-2009       15             50037.10        52775.09       102812.19
2005-2009       16             50385.03        53305.05       103690.08
2005-2009       17             50941.09        54040.68       104981.76
2005-2009       18             51656.58        54575.69       106232.27
2005-2009       19             52881.06        55415.25       108296.31
2005-2009       20             53770.09        56098.00       109868.08
2005-2009       21             53975.10        56308.44       110283.55
2005-2009       22             53793.63        56441.00       110234.63
2005-2009       23             53464.19        56225.63       109689.82
2005-2009       24             52814.20        55587.53       108401.73
2005-2009       25             51572.18        54334.99       105907.18
2005-2009       26             50167.67        52673.84       102841.52
2005-2009       27             49028.63        50961.82        99990.44
2005-2009       28             48336.67        49776.67        98113.34
2005-2009       29             47939.67        49266.62        97206.29
2005-2009       30             47981.67        49229.64        97211.31
2005-2009       31             48471.61        49531.71        98003.32
2005-2009       32             49381.25        50073.62        99454.87
2005-2009       33             50574.16        51110.19       101684.34
2005-2009       34             52255.18        52588.74       104843.92
2005-2009       35             53866.23        54142.50       108008.73
2005-2009       36             55199.83        55390.62       110590.45
2005-2009       37             55978.81        56276.72       112255.53
2005-2009       38             56023.97        56351.32       112375.28
2005-2009       39             55706.99        55942.26       111649.25
2005-2009       40             55576.93        55699.20       111276.12
2005-2009       41             55836.94        55867.63       111704.58
2005-2009       42             56366.54        56237.25       112603.79
2005-2009       43             57227.57        56806.81       114034.38
2005-2009       44             58181.59        57491.81       115673.40
2005-2009       45             58826.24        58048.20       116874.44
2005-2009       46             59060.82        58095.95       117156.77
2005-2009       47             58803.99        57624.40       116428.39
2005-2009       48             58202.09        57069.85       115271.94
2005-2009       49             57503.64        56232.23       113735.87
2005-2009       50             56522.11        55282.44       111804.55
2005-2009       51             55495.67        54495.20       109990.87
2005-2009       52             54728.20        53527.94       108256.14
2005-2009       53             54072.29        52677.01       106749.31
2005-2009       54             53331.47        51746.92       105078.39
2005-2009       55             52697.40        50947.34       103644.74
2005-2009       56             52074.06        50268.17       102342.24
2005-2009       57             51267.53        49552.92       100820.44
2005-2009       58             50970.63        49310.46       100281.09
2005-2009       59             50239.15        48762.18        99001.33
2005-2009       60             48604.94        47153.18        95758.11
2005-2009       61             46887.74        45213.74        92101.49
2005-2009       62             44695.70        43046.14        87741.84
2005-2009       63             41779.33        40156.87        81936.19
2005-2009       64             39024.62        37412.09        76436.71
2005-2009       65             36995.54        35411.18        72406.71
2005-2009       66             35355.32        33665.22        69020.53
2005-2009       67             34098.80        32184.48        66283.27
2005-2009       68             32960.61        30815.83        63776.44
2005-2009       69             32010.32        29646.61        61656.93
2005-2009       70             30954.94        28469.65        59424.58
2005-2009       71             29791.35        27254.39        57045.74
2005-2009       72             28752.50        26133.68        54886.19
2005-2009       73             27848.47        24994.44        52842.91
2005-2009       74             27297.82        23981.57        51279.39
2005-2009       75             26953.35        23315.38        50268.73
2005-2009       76             26747.59        22769.83        49517.42
2005-2009       77             26564.99        22053.96        48618.95
2005-2009       78             26324.61        21355.54        47680.16
2005-2009       79             25923.50        20465.99        46389.50
2005-2009       80             25131.93        19052.46        44184.39
2005-2009       81             24151.98        17451.66        41603.64
2005-2009       82             22936.85        15769.78        38706.62
2005-2009       83             21509.32        14054.26        35563.58
2005-2009       84             19899.08        12373.63        32272.71
2005-2009       85             18002.77        10671.55        28674.32
2005-2009       86             15906.11         8934.92        24841.03
2005-2009       87             13782.64         7285.29        21067.93
2005-2009       88             11725.04         5844.49        17569.53
2005-2009       89              9813.15         4612.38        14425.53
2005-2009       90              8253.71         3586.84        11840.55
2005-2009       91              7026.36         2793.13         9819.50
2005-2009       92              5869.98         2130.82         8000.80
2005-2009       93              4734.48         1556.96         6291.44
2005-2009       94              3674.37         1109.96         4784.32
2005-2009       95              2738.03          776.23         3514.25
2005-2009       96              1975.00          523.79         2498.79
2005-2009       97              1389.19          334.52         1723.72
2005-2009       98               941.31          205.04         1146.35
2005-2009       99               619.12          121.60          740.72
2005-2009      100               395.94           68.96          464.89
2005-2009      101               244.93           37.35          282.28
2005-2009      102               145.62           18.81          164.43
2005-2009      103                82.79            8.04           90.82
2005-2009      104                44.81            2.62           47.43
2005-2009      105                22.80            0.38           23.18
2005-2009      106                10.43            0.00           10.43
2005-2009      107                 3.67            0.00            3.67
2005-2009      108                 0.46            0.00            0.46
2005-2009      109                 0.00            0.00            0.00
2005-2009      110+                0.00            0.00            0.00
2010-2014        0             48675.73        51402.43       100078.16
2010-2014        1             48718.08        51379.08       100097.16
2010-2014        2             48831.18        51369.68       100200.86
2010-2014        3             48829.60        51203.15       100032.74
2010-2014        4             48760.63        51042.13        99802.77
2010-2014        5             48709.11        50893.67        99602.78
2010-2014        6             48306.58        50375.70        98682.27
2010-2014        7             47692.61        49913.57        97606.18
2010-2014        8             47110.10        49400.65        96510.75
2010-2014        9             46647.64        49091.58        95739.23
2010-2014       10             46690.58        49140.09        95830.66
2010-2014       11             47072.03        49455.55        96527.58
2010-2014       12             47620.06        49886.01        97506.07
2010-2014       13             48264.05        50430.54        98694.59
2010-2014       14             48875.04        51104.59        99979.63
2010-2014       15             49562.05        51940.05       101502.10
2010-2014       16             50289.57        52830.58       103120.15
2010-2014       17             51121.57        53815.62       104937.19
2010-2014       18             52252.09        55152.71       107404.80
2010-2014       19             53757.08        56593.12       110350.21
2010-2014       20             55138.56        57791.39       112929.95
2010-2014       21             56132.66        58865.86       114998.53
2010-2014       22             56299.66        59514.51       115814.17
2010-2014       23             56427.13        59720.29       116147.42
2010-2014       24             56445.16        59524.88       115970.04
2010-2014       25             56332.71        58822.92       115155.62
2010-2014       26             56239.64        58333.96       114573.60
2010-2014       27             56453.19        57938.46       114391.65
2010-2014       28             56366.25        57585.08       113951.33
2010-2014       29             55890.70        56758.29       112648.98
2010-2014       30             55081.90        55775.57       110857.47
2010-2014       31             53813.17        54593.12       108406.29
2010-2014       32             52539.23        53375.08       105914.31
2010-2014       33             51679.32        52380.20       104059.52
2010-2014       34             51095.82        51639.15       102734.97
2010-2014       35             50771.27        51290.48       102061.74
2010-2014       36             50887.78        51340.46       102228.24
2010-2014       37             51570.21        51979.04       103549.25
2010-2014       38             52809.82        53229.01       106038.83
2010-2014       39             54574.88        54797.22       109372.10
2010-2014       40             56293.53        56355.59       112649.13
2010-2014       41             57482.01        57414.81       114896.82
2010-2014       42             58124.60        57992.72       116117.32
2010-2014       43             57912.81        57677.05       115589.86
2010-2014       44             57267.48        56909.91       114177.39
2010-2014       45             56769.73        56237.32       113007.04
2010-2014       46             56670.47        56106.74       112777.21
2010-2014       47             56852.37        56189.90       113042.27
2010-2014       48             57392.67        56615.98       114008.64
2010-2014       49             58199.97        57317.15       115517.12
2010-2014       50             58701.68        57749.82       116451.50
2010-2014       51             58823.81        57653.42       116477.23
2010-2014       52             58533.48        57238.74       115772.22
2010-2014       53             57933.36        56515.38       114448.74
2010-2014       54             57165.52        55436.40       112601.91
2010-2014       55             56088.12        54285.67       110373.80
2010-2014       56             54968.47        53251.69       108220.15
2010-2014       57             54039.30        52145.69       106184.99
2010-2014       58             53101.35        51113.06       104214.41
2010-2014       59             52174.83        50108.55       102283.38
2010-2014       60             51540.99        49286.27       100827.26
2010-2014       61             50812.24        48577.46        99389.69
2010-2014       62             50068.74        47925.56        97994.29
2010-2014       63             49744.88        47821.40        97566.29
2010-2014       64             48994.88        47276.20        96271.08
2010-2014       65             47388.89        45638.09        93026.98
2010-2014       66             45598.64        43676.14        89274.78
2010-2014       67             43329.73        41334.35        84664.08
2010-2014       68             40403.72        38345.27        78748.99
2010-2014       69             37594.84        35509.30        73104.14
2010-2014       70             35503.79        33365.43        68869.22
2010-2014       71             33769.77        31553.92        65323.69
2010-2014       72             32384.94        29927.60        62312.54
2010-2014       73             31121.74        28388.60        59510.34
2010-2014       74             29973.91        26943.07        56916.98
2010-2014       75             28809.97        25528.37        54338.34
2010-2014       76             27459.92        24055.09        51515.01
2010-2014       77             26216.77        22686.10        48902.87
2010-2014       78             25085.91        21233.77        46319.67
2010-2014       79             24247.19        19990.49        44237.69
2010-2014       80             23693.01        19070.66        42763.67
2010-2014       81             23104.17        18152.82        41256.99
2010-2014       82             22489.60        17057.34        39546.94
2010-2014       83             21764.63        15958.44        37723.08
2010-2014       84             20748.09        14650.26        35398.35
2010-2014       85             19451.40        13114.24        32565.64
2010-2014       86             17984.16        11453.19        29437.35
2010-2014       87             16429.20         9792.31        26221.50
2010-2014       88             14712.36         8214.25        22926.61
2010-2014       89             12815.21         6715.95        19531.15
2010-2014       90             10837.97         5327.68        16165.64
2010-2014       91              8882.10         4096.88        12978.98
2010-2014       92              7082.89         3051.00        10133.89
2010-2014       93              5524.31         2222.12         7746.43
2010-2014       94              4214.02         1582.68         5796.70
2010-2014       95              3190.78         1089.98         4280.76
2010-2014       96              2405.13          740.28         3145.41
2010-2014       97              1763.84          489.80         2253.64
2010-2014       98              1241.65          306.96         1548.62
2010-2014       99               826.15          181.19         1007.34
2010-2014      100               521.14          104.22          625.36
2010-2014      101               310.97           57.42          368.39
2010-2014      102               178.36           29.84          208.20
2010-2014      103                98.51           14.48          112.98
2010-2014      104                51.55            5.75           57.29
2010-2014      105                25.21            1.32           26.53
2010-2014      106                11.20            0.05           11.25
2010-2014      107                 3.77            0.00            3.77
2010-2014      108                 0.49            0.00            0.49
2010-2014      109                 0.04            0.00            0.04
2010-2014      110+                0.00            0.00            0.00
2015-2016        0             19879.30        20805.35        40684.65
2015-2016        1             19785.74        20721.67        40507.41
2015-2016        2             19906.90        21044.53        40951.43
2015-2016        3             20168.69        21469.43        41638.12
2015-2016        4             20284.50        21445.45        41729.94
2015-2016        5             20141.91        21342.53        41484.44
2015-2016        6             20210.00        21528.41        41738.41
2015-2016        7             20333.45        21273.65        41607.11
2015-2016        8             20449.72        21063.74        41513.47
2015-2016        9             20162.76        20812.41        40975.17
2015-2016       10             19365.28        20373.01        39738.29
2015-2016       11             18941.42        20027.27        38968.69
2015-2016       12             18819.56        19820.97        38640.52
2015-2016       13             18744.25        19690.60        38434.85
2015-2016       14             18947.67        19885.44        38833.10
2015-2016       15             19408.86        20261.15        39670.01
2015-2016       16             19823.03        20923.70        40746.73
2015-2016       17             20251.41        21232.74        41484.15
2015-2016       18             20682.41        21474.02        42156.44
2015-2016       19             21252.38        22368.15        43620.53
2015-2016       20             21894.78        23448.95        45343.73
2015-2016       21             22442.38        23967.28        46409.66
2015-2016       22             22560.10        23627.53        46187.63
2015-2016       23             22863.93        23831.18        46695.12
2015-2016       24             22918.71        23917.45        46836.16
2015-2016       25             22966.50        23958.90        46925.40
2015-2016       26             23064.11        23658.19        46722.29
2015-2016       27             22882.37        23276.00        46158.37
2015-2016       28             23068.14        22924.75        45992.88
2015-2016       29             23241.88        22893.58        46135.45
2015-2016       30             23363.49        23187.67        46551.16
2015-2016       31             23339.53        23190.32        46529.85
2015-2016       32             23289.16        23187.01        46476.17
2015-2016       33             22794.52        22711.13        45505.65
2015-2016       34             22374.85        22182.11        44556.97
2015-2016       35             21699.44        21694.98        43394.42
2015-2016       36             21031.61        21044.34        42075.94
2015-2016       37             20569.01        20671.37        41240.38
2015-2016       38             20488.96        20466.83        40955.79
2015-2016       39             20593.34        20712.28        41305.63
2015-2016       40             20539.25        20945.26        41484.52
2015-2016       41             20847.10        21221.03        42068.13
2015-2016       42             21461.54        21557.17        43018.71
2015-2016       43             22417.09        22223.52        44640.61
2015-2016       44             23430.63        23237.78        46668.41
2015-2016       45             23929.08        23488.57        47417.65
2015-2016       46             23499.43        22953.19        46452.62
2015-2016       47             23084.20        22571.51        45655.71
2015-2016       48             22663.52        22169.22        44832.73
2015-2016       49             22280.73        21753.17        44033.90
2015-2016       50             22536.16        21958.14        44494.30
2015-2016       51             22745.83        22289.53        45035.36
2015-2016       52             23175.51        22722.01        45897.52
2015-2016       53             23417.63        22938.49        46356.12
2015-2016       54             23560.05        22899.62        46459.68
2015-2016       55             23636.07        22986.63        46622.70
2015-2016       56             23337.34        22421.14        45758.48
2015-2016       57             22867.69        21944.46        44812.15
2015-2016       58             22296.88        21457.54        43754.41
2015-2016       59             22039.68        20906.64        42946.32
2015-2016       60             21448.80        20557.95        42006.75
2015-2016       61             20836.61        20108.27        40944.88
2015-2016       62             20763.22        19527.36        40290.58
2015-2016       63             20581.98        19263.31        39845.29
2015-2016       64             20261.08        19057.13        39318.20
2015-2016       65             20090.55        18956.07        39046.62
2015-2016       66             19537.64        18774.24        38311.88
2015-2016       67             19073.17        18406.96        37480.13
2015-2016       68             19194.00        18501.15        37695.14
2015-2016       69             18949.04        18072.04        37021.09
2015-2016       70             16887.11        15900.26        32787.38
2015-2016       71             15801.72        14740.59        30542.31
2015-2016       72             14798.63        13706.61        28505.24
2015-2016       73             13802.47        12752.81        26555.29
2015-2016       74             13046.77        11971.27        25018.03
2015-2016       75             12385.34        11012.03        23397.37
2015-2016       76             11984.76        10390.57        22375.32
2015-2016       77             11514.86         9964.05        21478.91
2015-2016       78             10814.03         9363.70        20177.73
2015-2016       79             10165.14         8764.71        18929.86
2015-2016       80              9581.42         7985.42        17566.84
2015-2016       81              8974.23         7338.26        16312.49
2015-2016       82              8514.46         6891.72        15406.18
2015-2016       83              8123.32         6339.03        14462.35
2015-2016       84              7900.05         5790.61        13690.66
2015-2016       85              7699.14         5385.71        13084.85
2015-2016       86              7133.05         4995.07        12128.12
2015-2016       87              6535.29         4372.88        10908.18
2015-2016       88              5999.19         3832.88         9832.07
2015-2016       89              5488.56         3235.92         8724.47
2015-2016       90              4836.59         2657.23         7493.82
2015-2016       91              4104.37         2085.30         6189.67
2015-2016       92              3397.23         1601.46         4998.69
2015-2016       93              2740.44         1215.11         3955.55
2015-2016       94              2168.78          906.31         3075.08
2015-2016       95              1627.95          627.62         2255.56
2015-2016       96              1129.50          402.05         1531.55
2015-2016       97               769.71          247.13         1016.83
2015-2016       98               538.05          156.26          694.31
2015-2016       99               371.27          102.84          474.11
2015-2016      100               245.18           60.12          305.30
2015-2016      101               154.03           31.98          186.02
2015-2016      102                92.17           16.16          108.33
2015-2016      103                50.74            7.09           57.82
2015-2016      104                25.86            2.47           28.33
2015-2016      105                12.23            0.54           12.77
2015-2016      106                 5.14            0.00            5.14
2015-2016      107                 1.86            0.00            1.86
2015-2016      108                 0.34            0.00            0.34
2015-2016      109                 0.00            0.00            0.00
2015-2016      110+                0.00            0.00            0.00
