SA, Life tables (period 1x5), Females	Last modified: 02 Jul 2018;  Methods Protocol: v6 (2017)

  Year          Age         mx       qx    ax      lx      dx      Lx       Tx     ex
1971-1974        0      0.01313  0.01298  0.12  100000    1298   98861  7663519  76.64
1971-1974        1      0.00111  0.00111  0.50   98702     110   98647  7564659  76.64
1971-1974        2      0.00044  0.00044  0.50   98593      43   98571  7466011  75.73
1971-1974        3      0.00046  0.00046  0.50   98550      45   98527  7367440  74.76
1971-1974        4      0.00039  0.00039  0.50   98504      38   98485  7268913  73.79
1971-1974        5      0.00019  0.00019  0.50   98466      18   98457  7170428  72.82
1971-1974        6      0.00028  0.00028  0.50   98448      27   98434  7071971  71.83
1971-1974        7      0.00037  0.00037  0.50   98421      36   98402  6973537  70.85
1971-1974        8      0.00018  0.00018  0.50   98384      18   98375  6875134  69.88
1971-1974        9      0.00024  0.00024  0.50   98366      24   98354  6776759  68.89
1971-1974       10      0.00011  0.00011  0.50   98342      11   98337  6678405  67.91
1971-1974       11      0.00011  0.00011  0.50   98332      10   98327  6580068  66.92
1971-1974       12      0.00025  0.00025  0.50   98321      25   98309  6481741  65.92
1971-1974       13      0.00025  0.00025  0.50   98297      25   98284  6383432  64.94
1971-1974       14      0.00015  0.00015  0.50   98272      14   98265  6285148  63.96
1971-1974       15      0.00052  0.00052  0.50   98258      51   98232  6186883  62.97
1971-1974       16      0.00048  0.00048  0.50   98207      48   98183  6088650  62.00
1971-1974       17      0.00056  0.00056  0.50   98159      55   98132  5990467  61.03
1971-1974       18      0.00053  0.00053  0.50   98104      52   98078  5892336  60.06
1971-1974       19      0.00042  0.00042  0.50   98052      41   98031  5794258  59.09
1971-1974       20      0.00074  0.00074  0.50   98010      72   97974  5696227  58.12
1971-1974       21      0.00056  0.00056  0.50   97938      55   97911  5598253  57.16
1971-1974       22      0.00037  0.00037  0.50   97883      36   97865  5500342  56.19
1971-1974       23      0.00040  0.00040  0.50   97847      39   97828  5402477  55.21
1971-1974       24      0.00050  0.00050  0.50   97808      49   97784  5304649  54.24
1971-1974       25      0.00030  0.00030  0.50   97759      29   97745  5206865  53.26
1971-1974       26      0.00059  0.00059  0.50   97730      57   97702  5109121  52.28
1971-1974       27      0.00061  0.00061  0.50   97673      60   97643  5011419  51.31
1971-1974       28      0.00051  0.00051  0.50   97613      50   97588  4913776  50.34
1971-1974       29      0.00067  0.00067  0.50   97563      65   97531  4816188  49.36
1971-1974       30      0.00060  0.00060  0.50   97498      59   97469  4718657  48.40
1971-1974       31      0.00076  0.00076  0.50   97439      74   97402  4621188  47.43
1971-1974       32      0.00085  0.00085  0.50   97366      83   97324  4523786  46.46
1971-1974       33      0.00073  0.00073  0.50   97282      71   97247  4426462  45.50
1971-1974       34      0.00102  0.00102  0.50   97212      99   97162  4329215  44.53
1971-1974       35      0.00068  0.00068  0.50   97112      66   97079  4232053  43.58
1971-1974       36      0.00054  0.00054  0.50   97046      53   97020  4134973  42.61
1971-1974       37      0.00114  0.00114  0.50   96994     111   96938  4037954  41.63
1971-1974       38      0.00132  0.00131  0.50   96883     127   96819  3941015  40.68
1971-1974       39      0.00099  0.00098  0.50   96755      95   96708  3844196  39.73
1971-1974       40      0.00141  0.00141  0.50   96660     136   96592  3747489  38.77
1971-1974       41      0.00148  0.00148  0.50   96524     143   96453  3650897  37.82
1971-1974       42      0.00190  0.00190  0.50   96381     183   96290  3554444  36.88
1971-1974       43      0.00188  0.00188  0.50   96199     181   96108  3458154  35.95
1971-1974       44      0.00196  0.00195  0.50   96018     188   95924  3362046  35.01
1971-1974       45      0.00176  0.00176  0.50   95830     169   95746  3266122  34.08
1971-1974       46      0.00258  0.00258  0.50   95661     247   95538  3170376  33.14
1971-1974       47      0.00242  0.00242  0.50   95415     231   95299  3074838  32.23
1971-1974       48      0.00381  0.00380  0.50   95184     362   95003  2979538  31.30
1971-1974       49      0.00369  0.00368  0.50   94823     349   94648  2884535  30.42
1971-1974       50      0.00343  0.00343  0.50   94474     324   94312  2789887  29.53
1971-1974       51      0.00426  0.00426  0.50   94150     401   93949  2695575  28.63
1971-1974       52      0.00498  0.00497  0.50   93749     466   93516  2601626  27.75
1971-1974       53      0.00472  0.00471  0.50   93283     439   93063  2508110  26.89
1971-1974       54      0.00493  0.00492  0.50   92844     457   92616  2415046  26.01
1971-1974       55      0.00539  0.00538  0.50   92387     497   92139  2322431  25.14
1971-1974       56      0.00645  0.00643  0.50   91890     590   91595  2230292  24.27
1971-1974       57      0.00623  0.00621  0.50   91300     567   91016  2138697  23.42
1971-1974       58      0.00746  0.00744  0.50   90733     675   90396  2047680  22.57
1971-1974       59      0.00838  0.00835  0.50   90058     752   89683  1957285  21.73
1971-1974       60      0.00828  0.00825  0.50   89307     737   88938  1867602  20.91
1971-1974       61      0.00977  0.00972  0.50   88570     861   88140  1778664  20.08
1971-1974       62      0.01160  0.01153  0.50   87709    1012   87203  1690524  19.27
1971-1974       63      0.01110  0.01104  0.50   86698     957   86219  1603321  18.49
1971-1974       64      0.01314  0.01305  0.50   85740    1119   85181  1517102  17.69
1971-1974       65      0.01358  0.01349  0.50   84621    1142   84051  1431921  16.92
1971-1974       66      0.01473  0.01462  0.50   83480    1221   82869  1347870  16.15
1971-1974       67      0.01814  0.01798  0.50   82259    1479   81520  1265001  15.38
1971-1974       68      0.01937  0.01919  0.50   80780    1550   80005  1183482  14.65
1971-1974       69      0.02331  0.02304  0.50   79230    1826   78317  1103476  13.93
1971-1974       70      0.02592  0.02559  0.50   77405    1981   76414  1025159  13.24
1971-1974       71      0.02981  0.02937  0.50   75424    2215   74316   948744  12.58
1971-1974       72      0.02999  0.02954  0.50   73209    2163   72127   874428  11.94
1971-1974       73      0.03349  0.03294  0.50   71046    2340   69876   802301  11.29
1971-1974       74      0.03890  0.03815  0.50   68706    2621   67395   732425  10.66
1971-1974       75      0.04148  0.04064  0.50   66084    2685   64741   665030  10.06
1971-1974       76      0.05082  0.04956  0.50   63399    3142   61828   600289   9.47
1971-1974       77      0.05180  0.05050  0.50   60256    3043   58735   538461   8.94
1971-1974       78      0.06083  0.05903  0.50   57214    3377   55525   479726   8.38
1971-1974       79      0.06837  0.06611  0.50   53836    3559   52057   424201   7.88
1971-1974       80      0.06791  0.06568  0.50   50277    3302   48626   372144   7.40
1971-1974       81      0.08083  0.07769  0.50   46975    3649   45150   323518   6.89
1971-1974       82      0.09511  0.09079  0.50   43326    3934   41359   278368   6.43
1971-1974       83      0.09821  0.09362  0.50   39392    3688   37548   237009   6.02
1971-1974       84      0.11399  0.10785  0.50   35704    3851   33779   199461   5.59
1971-1974       85      0.12769  0.12002  0.50   31854    3823   29942   165682   5.20
1971-1974       86      0.14923  0.13887  0.50   28030    3892   26084   135740   4.84
1971-1974       87      0.15190  0.14118  0.50   24138    3408   22434   109656   4.54
1971-1974       88      0.17895  0.16426  0.50   20730    3405   19028    87222   4.21
1971-1974       89      0.20242  0.18382  0.50   17325    3185   15733    68194   3.94
1971-1974       90      0.21086  0.19075  0.50   14140    2697   12792    52462   3.71
1971-1974       91      0.21520  0.19430  0.50   11443    2223   10332    39670   3.47
1971-1974       92      0.25601  0.22696  0.50    9220    2093    8174    29338   3.18
1971-1974       93      0.28034  0.24588  0.50    7127    1752    6251    21165   2.97
1971-1974       94      0.30603  0.26542  0.50    5375    1427    4662    14914   2.77
1971-1974       95      0.33299  0.28546  0.50    3948    1127    3385    10252   2.60
1971-1974       96      0.36109  0.30587  0.50    2821     863    2390     6867   2.43
1971-1974       97      0.39017  0.32648  0.50    1958     639    1639     4477   2.29
1971-1974       98      0.42005  0.34714  0.50    1319     458    1090     2839   2.15
1971-1974       99      0.45054  0.36770  0.50     861     317     703     1749   2.03
1971-1974      100      0.48139  0.38800  0.50     544     211     439     1046   1.92
1971-1974      101      0.51239  0.40789  0.50     333     136     265      607   1.82
1971-1974      102      0.54330  0.42724  0.50     197      84     155      342   1.73
1971-1974      103      0.57387  0.44592  0.50     113      50      88      187   1.65
1971-1974      104      0.60389  0.46384  0.50      63      29      48       99   1.58
1971-1974      105      0.63315  0.48091  0.50      34      16      25       51   1.52
1971-1974      106      0.66146  0.49706  0.50      17       9      13       25   1.46
1971-1974      107      0.68865  0.51227  0.50       9       4       7       12   1.41
1971-1974      108      0.71461  0.52649  0.50       4       2       3        6   1.37
1971-1974      109      0.73922  0.53973  0.50       2       1       1        3   1.33
1971-1974      110+     0.76241  1.00000  1.31       1       1       1        1   1.31
1975-1979        0      0.01022  0.01013  0.13  100000    1013   99117  7788548  77.89
1975-1979        1      0.00064  0.00064  0.50   98987      64   98955  7689431  77.68
1975-1979        2      0.00042  0.00042  0.50   98923      41   98903  7590475  76.73
1975-1979        3      0.00034  0.00034  0.50   98882      34   98865  7491573  75.76
1975-1979        4      0.00039  0.00039  0.50   98848      38   98829  7392707  74.79
1975-1979        5      0.00036  0.00036  0.50   98810      35   98792  7293878  73.82
1975-1979        6      0.00027  0.00027  0.50   98775      27   98761  7195086  72.84
1975-1979        7      0.00018  0.00018  0.50   98748      18   98739  7096325  71.86
1975-1979        8      0.00030  0.00030  0.50   98730      30   98715  6997587  70.88
1975-1979        9      0.00020  0.00020  0.50   98700      20   98690  6898872  69.90
1975-1979       10      0.00015  0.00015  0.50   98680      14   98673  6800182  68.91
1975-1979       11      0.00024  0.00024  0.50   98666      23   98654  6701509  67.92
1975-1979       12      0.00022  0.00022  0.50   98642      21   98632  6602855  66.94
1975-1979       13      0.00035  0.00035  0.50   98621      35   98603  6504224  65.95
1975-1979       14      0.00024  0.00024  0.50   98586      24   98574  6405620  64.97
1975-1979       15      0.00034  0.00034  0.50   98562      33   98545  6307046  63.99
1975-1979       16      0.00043  0.00043  0.50   98529      43   98507  6208501  63.01
1975-1979       17      0.00045  0.00045  0.50   98486      44   98464  6109993  62.04
1975-1979       18      0.00071  0.00071  0.50   98442      70   98407  6011529  61.07
1975-1979       19      0.00060  0.00060  0.50   98372      59   98343  5913122  60.11
1975-1979       20      0.00057  0.00057  0.50   98313      56   98285  5814780  59.15
1975-1979       21      0.00049  0.00049  0.50   98258      48   98234  5716494  58.18
1975-1979       22      0.00035  0.00035  0.50   98209      34   98192  5618261  57.21
1975-1979       23      0.00036  0.00036  0.50   98175      35   98158  5520069  56.23
1975-1979       24      0.00042  0.00042  0.50   98140      41   98120  5421911  55.25
1975-1979       25      0.00030  0.00030  0.50   98099      30   98084  5323792  54.27
1975-1979       26      0.00049  0.00049  0.50   98069      48   98045  5225707  53.29
1975-1979       27      0.00050  0.00050  0.50   98021      49   97997  5127662  52.31
1975-1979       28      0.00044  0.00044  0.50   97972      43   97951  5029666  51.34
1975-1979       29      0.00036  0.00036  0.50   97929      36   97912  4931715  50.36
1975-1979       30      0.00024  0.00024  0.50   97894      23   97882  4833803  49.38
1975-1979       31      0.00057  0.00057  0.50   97871      56   97843  4735921  48.39
1975-1979       32      0.00045  0.00045  0.50   97815      44   97793  4638078  47.42
1975-1979       33      0.00071  0.00071  0.50   97771      69   97737  4540285  46.44
1975-1979       34      0.00095  0.00095  0.50   97702      93   97656  4442548  45.47
1975-1979       35      0.00066  0.00066  0.50   97610      64   97578  4344892  44.51
1975-1979       36      0.00079  0.00079  0.50   97546      77   97507  4247314  43.54
1975-1979       37      0.00090  0.00090  0.50   97468      87   97425  4149807  42.58
1975-1979       38      0.00094  0.00094  0.50   97381      91   97335  4052382  41.61
1975-1979       39      0.00101  0.00101  0.50   97290      98   97241  3955047  40.65
1975-1979       40      0.00134  0.00134  0.50   97192     130   97127  3857807  39.69
1975-1979       41      0.00138  0.00137  0.50   97062     133   96995  3760680  38.75
1975-1979       42      0.00150  0.00150  0.50   96928     145   96856  3663685  37.80
1975-1979       43      0.00157  0.00156  0.50   96783     151   96707  3566829  36.85
1975-1979       44      0.00221  0.00221  0.50   96632     214   96525  3470122  35.91
1975-1979       45      0.00155  0.00154  0.50   96418     149   96343  3373597  34.99
1975-1979       46      0.00215  0.00214  0.50   96269     206   96166  3277254  34.04
1975-1979       47      0.00243  0.00242  0.50   96063     233   95946  3181088  33.11
1975-1979       48      0.00296  0.00296  0.50   95830     284   95688  3085142  32.19
1975-1979       49      0.00319  0.00319  0.50   95546     305   95394  2989453  31.29
1975-1979       50      0.00358  0.00357  0.50   95242     340   95071  2894060  30.39
1975-1979       51      0.00364  0.00363  0.50   94901     344   94729  2798988  29.49
1975-1979       52      0.00426  0.00425  0.50   94557     402   94356  2704259  28.60
1975-1979       53      0.00497  0.00496  0.50   94155     467   93922  2609903  27.72
1975-1979       54      0.00498  0.00496  0.50   93688     465   93456  2515981  26.85
1975-1979       55      0.00545  0.00544  0.50   93223     507   92970  2422525  25.99
1975-1979       56      0.00567  0.00565  0.50   92716     524   92454  2329555  25.13
1975-1979       57      0.00535  0.00534  0.50   92192     492   91946  2237101  24.27
1975-1979       58      0.00574  0.00572  0.50   91700     525   91438  2145155  23.39
1975-1979       59      0.00771  0.00768  0.50   91176     700   90826  2053717  22.52
1975-1979       60      0.00780  0.00777  0.50   90476     703   90124  1962892  21.70
1975-1979       61      0.00931  0.00927  0.50   89772     832   89356  1872768  20.86
1975-1979       62      0.00952  0.00947  0.50   88940     842   88519  1783411  20.05
1975-1979       63      0.01027  0.01021  0.50   88098     900   87648  1694892  19.24
1975-1979       64      0.01304  0.01296  0.50   87198    1130   86633  1607244  18.43
1975-1979       65      0.01242  0.01234  0.50   86068    1062   85537  1520611  17.67
1975-1979       66      0.01345  0.01336  0.50   85006    1136   84438  1435074  16.88
1975-1979       67      0.01654  0.01640  0.50   83870    1376   83182  1350636  16.10
1975-1979       68      0.01550  0.01538  0.50   82494    1269   81860  1267454  15.36
1975-1979       69      0.01996  0.01977  0.50   81225    1606   80423  1185595  14.60
1975-1979       70      0.02415  0.02386  0.50   79620    1900   78670  1105172  13.88
1975-1979       71      0.02377  0.02349  0.50   77720    1826   76807  1026502  13.21
1975-1979       72      0.02666  0.02631  0.50   75895    1997   74896   949695  12.51
1975-1979       73      0.03019  0.02975  0.50   73898    2198   72799   874799  11.84
1975-1979       74      0.03562  0.03500  0.50   71700    2509   70445   802000  11.19
1975-1979       75      0.03941  0.03865  0.50   69191    2674   67853   731555  10.57
1975-1979       76      0.04534  0.04433  0.50   66516    2949   65042   663701   9.98
1975-1979       77      0.04864  0.04749  0.50   63567    3019   62058   598659   9.42
1975-1979       78      0.05308  0.05171  0.50   60549    3131   58983   536601   8.86
1975-1979       79      0.06009  0.05834  0.50   57418    3350   55743   477618   8.32
1975-1979       80      0.06761  0.06540  0.50   54068    3536   52300   421875   7.80
1975-1979       81      0.07173  0.06924  0.50   50532    3499   48782   369575   7.31
1975-1979       82      0.08119  0.07803  0.50   47033    3670   45198   320793   6.82
1975-1979       83      0.09079  0.08684  0.50   43363    3766   41480   275595   6.36
1975-1979       84      0.10691  0.10149  0.50   39597    4019   37588   234115   5.91
1975-1979       85      0.11725  0.11076  0.50   35579    3941   33608   196527   5.52
1975-1979       86      0.14173  0.13235  0.50   31638    4187   29544   162918   5.15
1975-1979       87      0.15955  0.14777  0.50   27451    4056   25423   133374   4.86
1975-1979       88      0.15011  0.13963  0.50   23394    3267   21761   107952   4.61
1975-1979       89      0.17166  0.15809  0.50   20128    3182   18537    86190   4.28
1975-1979       90      0.18511  0.16943  0.50   16946    2871   15510    67654   3.99
1975-1979       91      0.19881  0.18084  0.50   14075    2545   12802    52143   3.70
1975-1979       92      0.24599  0.21905  0.50   11529    2526   10267    39341   3.41
1975-1979       93      0.25372  0.22516  0.50    9004    2027    7990    29075   3.23
1975-1979       94      0.27610  0.24260  0.50    6977    1693    6130    21084   3.02
1975-1979       95      0.30043  0.26119  0.50    5284    1380    4594    14954   2.83
1975-1979       96      0.32594  0.28026  0.50    3904    1094    3357    10360   2.65
1975-1979       97      0.35252  0.29969  0.50    2810     842    2389     7003   2.49
1975-1979       98      0.38005  0.31936  0.50    1968     628    1654     4614   2.35
1975-1979       99      0.40837  0.33913  0.50    1339     454    1112     2961   2.21
1975-1979      100      0.43732  0.35885  0.50     885     318     726     1849   2.09
1975-1979      101      0.46670  0.37840  0.50     567     215     460     1122   1.98
1975-1979      102      0.49631  0.39763  0.50     353     140     283      662   1.88
1975-1979      103      0.52594  0.41643  0.50     212      88     168      380   1.79
1975-1979      104      0.55540  0.43469  0.50     124      54      97      211   1.70
1975-1979      105      0.58447  0.45229  0.50      70      32      54      114   1.63
1975-1979      106      0.61297  0.46917  0.50      38      18      29       60   1.57
1975-1979      107      0.64071  0.48525  0.50      20      10      15       31   1.51
1975-1979      108      0.66754  0.50049  0.50      10       5       8       15   1.46
1975-1979      109      0.69333  0.51485  0.50       5       3       4        7   1.42
1975-1979      110+     0.71796  1.00000  1.39       3       3       4        4   1.39
1980-1984        0      0.00750  0.00745  0.13  100000     745   99355  7949112  79.49
1980-1984        1      0.00060  0.00060  0.50   99255      60   99225  7849757  79.09
1980-1984        2      0.00052  0.00052  0.50   99195      52   99170  7750532  78.13
1980-1984        3      0.00031  0.00031  0.50   99144      30   99129  7651362  77.17
1980-1984        4      0.00009  0.00009  0.50   99114       9   99109  7552234  76.20
1980-1984        5      0.00032  0.00032  0.50   99105      32   99089  7453125  75.20
1980-1984        6      0.00019  0.00019  0.50   99073      19   99063  7354036  74.23
1980-1984        7      0.00015  0.00015  0.50   99054      14   99047  7254973  73.24
1980-1984        8      0.00014  0.00014  0.50   99039      14   99033  7155926  72.25
1980-1984        9      0.00031  0.00031  0.50   99026      30   99010  7056893  71.26
1980-1984       10      0.00013  0.00013  0.50   98995      13   98989  6957883  70.29
1980-1984       11      0.00020  0.00020  0.50   98982      20   98972  6858894  69.29
1980-1984       12      0.00025  0.00025  0.50   98963      25   98950  6759922  68.31
1980-1984       13      0.00012  0.00012  0.50   98938      12   98932  6660971  67.32
1980-1984       14      0.00018  0.00018  0.50   98926      18   98917  6562040  66.33
1980-1984       15      0.00049  0.00049  0.50   98908      48   98884  6463123  65.34
1980-1984       16      0.00038  0.00038  0.50   98860      37   98841  6364239  64.38
1980-1984       17      0.00039  0.00039  0.50   98822      39   98803  6265398  63.40
1980-1984       18      0.00061  0.00061  0.50   98783      61   98753  6166595  62.43
1980-1984       19      0.00040  0.00040  0.50   98723      39   98703  6067842  61.46
1980-1984       20      0.00056  0.00056  0.50   98684      55   98656  5969139  60.49
1980-1984       21      0.00036  0.00036  0.50   98628      35   98611  5870483  59.52
1980-1984       22      0.00034  0.00034  0.50   98593      34   98576  5771872  58.54
1980-1984       23      0.00042  0.00042  0.50   98559      41   98539  5673296  57.56
1980-1984       24      0.00048  0.00048  0.50   98518      47   98494  5574758  56.59
1980-1984       25      0.00032  0.00032  0.50   98471      32   98455  5476264  55.61
1980-1984       26      0.00033  0.00033  0.50   98439      32   98422  5377809  54.63
1980-1984       27      0.00039  0.00039  0.50   98406      38   98387  5279386  53.65
1980-1984       28      0.00041  0.00041  0.50   98368      40   98348  5180999  52.67
1980-1984       29      0.00039  0.00039  0.50   98328      39   98309  5082651  51.69
1980-1984       30      0.00034  0.00034  0.50   98290      33   98273  4984342  50.71
1980-1984       31      0.00049  0.00049  0.50   98256      48   98232  4886069  49.73
1980-1984       32      0.00030  0.00030  0.50   98208      30   98193  4787837  48.75
1980-1984       33      0.00060  0.00060  0.50   98179      59   98149  4689644  47.77
1980-1984       34      0.00050  0.00050  0.50   98119      49   98095  4591495  46.80
1980-1984       35      0.00049  0.00049  0.50   98071      48   98047  4493400  45.82
1980-1984       36      0.00083  0.00083  0.50   98023      81   97982  4395353  44.84
1980-1984       37      0.00066  0.00066  0.50   97941      65   97909  4297371  43.88
1980-1984       38      0.00084  0.00084  0.50   97877      83   97835  4199462  42.91
1980-1984       39      0.00115  0.00114  0.50   97794     112   97738  4101627  41.94
1980-1984       40      0.00092  0.00091  0.50   97682      89   97637  4003889  40.99
1980-1984       41      0.00111  0.00111  0.50   97593     108   97539  3906251  40.03
1980-1984       42      0.00119  0.00119  0.50   97485     116   97426  3808713  39.07
1980-1984       43      0.00161  0.00161  0.50   97368     157   97290  3711286  38.12
1980-1984       44      0.00145  0.00145  0.50   97211     141   97141  3613996  37.18
1980-1984       45      0.00163  0.00163  0.50   97070     158   96991  3516856  36.23
1980-1984       46      0.00197  0.00197  0.50   96912     191   96816  3419865  35.29
1980-1984       47      0.00220  0.00220  0.50   96721     213   96614  3323048  34.36
1980-1984       48      0.00221  0.00221  0.50   96508     213   96402  3226434  33.43
1980-1984       49      0.00255  0.00255  0.50   96295     246   96172  3130032  32.50
1980-1984       50      0.00294  0.00294  0.50   96050     282   95908  3033860  31.59
1980-1984       51      0.00350  0.00349  0.50   95767     335   95600  2937951  30.68
1980-1984       52      0.00326  0.00325  0.50   95433     310   95278  2842351  29.78
1980-1984       53      0.00412  0.00411  0.50   95123     391   94927  2747074  28.88
1980-1984       54      0.00385  0.00385  0.50   94732     364   94550  2652146  28.00
1980-1984       55      0.00444  0.00443  0.50   94368     418   94159  2557597  27.10
1980-1984       56      0.00460  0.00459  0.50   93950     431   93734  2463438  26.22
1980-1984       57      0.00500  0.00499  0.50   93518     467   93285  2369704  25.34
1980-1984       58      0.00589  0.00587  0.50   93052     546   92778  2276419  24.46
1980-1984       59      0.00632  0.00630  0.50   92505     582   92214  2183641  23.61
1980-1984       60      0.00678  0.00676  0.50   91923     622   91612  2091427  22.75
1980-1984       61      0.00781  0.00778  0.50   91301     710   90946  1999815  21.90
1980-1984       62      0.00779  0.00776  0.50   90591     703   90240  1908868  21.07
1980-1984       63      0.00875  0.00871  0.50   89888     783   89497  1818628  20.23
1980-1984       64      0.01053  0.01047  0.50   89106     933   88639  1729131  19.41
1980-1984       65      0.01162  0.01155  0.50   88172    1019   87663  1640493  18.61
1980-1984       66      0.01277  0.01269  0.50   87154    1106   86601  1552830  17.82
1980-1984       67      0.01444  0.01433  0.50   86048    1233   85431  1466229  17.04
1980-1984       68      0.01605  0.01593  0.50   84814    1351   84139  1380798  16.28
1980-1984       69      0.01714  0.01700  0.50   83464    1419   82754  1296659  15.54
1980-1984       70      0.01992  0.01973  0.50   82045    1619   81236  1213905  14.80
1980-1984       71      0.02089  0.02068  0.50   80426    1663   79595  1132669  14.08
1980-1984       72      0.02421  0.02392  0.50   78764    1884   77821  1053074  13.37
1980-1984       73      0.02546  0.02514  0.50   76879    1933   75913   975252  12.69
1980-1984       74      0.02815  0.02776  0.50   74947    2081   73906   899340  12.00
1980-1984       75      0.03270  0.03217  0.50   72866    2344   71694   825433  11.33
1980-1984       76      0.03738  0.03669  0.50   70522    2587   69228   753739  10.69
1980-1984       77      0.04076  0.03995  0.50   67935    2714   66578   684511  10.08
1980-1984       78      0.04460  0.04363  0.50   65221    2846   63798   617933   9.47
1980-1984       79      0.05147  0.05018  0.50   62375    3130   60810   554135   8.88
1980-1984       80      0.05824  0.05659  0.50   59245    3353   57569   493325   8.33
1980-1984       81      0.06902  0.06672  0.50   55892    3729   54028   435757   7.80
1980-1984       82      0.07604  0.07325  0.50   52163    3821   50253   381729   7.32
1980-1984       83      0.08006  0.07698  0.50   48342    3721   46482   331476   6.86
1980-1984       84      0.09592  0.09153  0.50   44621    4084   42579   284995   6.39
1980-1984       85      0.09885  0.09420  0.50   40537    3818   38628   242416   5.98
1980-1984       86      0.11921  0.11250  0.50   36718    4131   34653   203788   5.55
1980-1984       87      0.13613  0.12745  0.50   32587    4153   30511   169135   5.19
1980-1984       88      0.14207  0.13265  0.50   28434    3772   26548   138625   4.88
1980-1984       89      0.16498  0.15241  0.50   24662    3759   22783   112076   4.54
1980-1984       90      0.18181  0.16666  0.50   20904    3484   19162    89293   4.27
1980-1984       91      0.17898  0.16428  0.50   17420    2862   15989    70132   4.03
1980-1984       92      0.19397  0.17682  0.50   14558    2574   13271    54143   3.72
1980-1984       93      0.22677  0.20367  0.50   11984    2441   10764    40871   3.41
1980-1984       94      0.25956  0.22975  0.50    9543    2193    8447    30108   3.15
1980-1984       95      0.28378  0.24852  0.50    7351    1827    6437    21661   2.95
1980-1984       96      0.30931  0.26788  0.50    5524    1480    4784    15224   2.76
1980-1984       97      0.33605  0.28771  0.50    4044    1164    3462    10440   2.58
1980-1984       98      0.36389  0.30788  0.50    2881     887    2437     6977   2.42
1980-1984       99      0.39268  0.32823  0.50    1994     654    1667     4540   2.28
1980-1984      100      0.42223  0.34863  0.50    1339     467    1106     2874   2.15
1980-1984      101      0.45234  0.36891  0.50     872     322     711     1768   2.03
1980-1984      102      0.48281  0.38893  0.50     551     214     444     1056   1.92
1980-1984      103      0.51341  0.40854  0.50     336     137     268      613   1.82
1980-1984      104      0.54391  0.42762  0.50     199      85     156      345   1.73
1980-1984      105      0.57408  0.44605  0.50     114      51      88      189   1.66
1980-1984      106      0.60371  0.46373  0.50      63      29      48      100   1.59
1980-1984      107      0.63260  0.48059  0.50      34      16      26       52   1.52
1980-1984      108      0.66057  0.49656  0.50      18       9      13       26   1.47
1980-1984      109      0.68746  0.51160  0.50       9       5       7       13   1.43
1980-1984      110+     0.71314  1.00000  1.40       4       4       6        6   1.40
1985-1989        0      0.00708  0.00704  0.13  100000     704   99391  7986639  79.87
1985-1989        1      0.00067  0.00067  0.50   99296      66   99263  7887248  79.43
1985-1989        2      0.00058  0.00058  0.50   99230      57   99201  7787985  78.48
1985-1989        3      0.00025  0.00025  0.50   99172      24   99160  7688784  77.53
1985-1989        4      0.00029  0.00029  0.50   99148      28   99134  7589624  76.55
1985-1989        5      0.00017  0.00017  0.50   99119      16   99111  7490491  75.57
1985-1989        6      0.00025  0.00025  0.50   99103      25   99091  7391379  74.58
1985-1989        7      0.00019  0.00019  0.50   99078      19   99069  7292289  73.60
1985-1989        8      0.00024  0.00024  0.50   99059      23   99048  7193220  72.62
1985-1989        9      0.00019  0.00019  0.50   99036      19   99026  7094173  71.63
1985-1989       10      0.00024  0.00024  0.50   99017      23   99005  6995146  70.65
1985-1989       11      0.00025  0.00025  0.50   98993      25   98981  6896141  69.66
1985-1989       12      0.00010  0.00010  0.50   98968      10   98963  6797160  68.68
1985-1989       13      0.00026  0.00026  0.50   98958      25   98946  6698197  67.69
1985-1989       14      0.00015  0.00015  0.50   98933      15   98926  6599251  66.70
1985-1989       15      0.00029  0.00029  0.50   98918      29   98904  6500326  65.71
1985-1989       16      0.00025  0.00025  0.50   98889      25   98877  6401422  64.73
1985-1989       17      0.00046  0.00046  0.50   98864      46   98842  6302546  63.75
1985-1989       18      0.00069  0.00069  0.50   98819      68   98785  6203704  62.78
1985-1989       19      0.00046  0.00046  0.50   98750      46   98727  6104919  61.82
1985-1989       20      0.00056  0.00056  0.50   98705      55   98677  6006192  60.85
1985-1989       21      0.00044  0.00044  0.50   98649      43   98628  5907515  59.88
1985-1989       22      0.00051  0.00051  0.50   98606      50   98581  5808888  58.91
1985-1989       23      0.00048  0.00048  0.50   98556      48   98532  5710306  57.94
1985-1989       24      0.00048  0.00048  0.50   98508      47   98485  5611774  56.97
1985-1989       25      0.00029  0.00029  0.50   98462      29   98447  5513289  55.99
1985-1989       26      0.00052  0.00052  0.50   98433      51   98407  5414842  55.01
1985-1989       27      0.00052  0.00052  0.50   98382      51   98356  5316435  54.04
1985-1989       28      0.00048  0.00048  0.50   98331      47   98307  5218079  53.07
1985-1989       29      0.00056  0.00056  0.50   98284      55   98256  5119771  52.09
1985-1989       30      0.00035  0.00035  0.50   98229      35   98212  5021515  51.12
1985-1989       31      0.00059  0.00059  0.50   98194      58   98165  4923303  50.14
1985-1989       32      0.00063  0.00063  0.50   98136      62   98105  4825138  49.17
1985-1989       33      0.00047  0.00047  0.50   98074      47   98050  4727034  48.20
1985-1989       34      0.00064  0.00064  0.50   98027      63   97996  4628983  47.22
1985-1989       35      0.00053  0.00053  0.50   97964      52   97938  4530987  46.25
1985-1989       36      0.00074  0.00074  0.50   97912      72   97876  4433049  45.28
1985-1989       37      0.00077  0.00077  0.50   97839      75   97802  4335174  44.31
1985-1989       38      0.00063  0.00063  0.50   97764      62   97733  4237372  43.34
1985-1989       39      0.00109  0.00109  0.50   97702     107   97649  4139639  42.37
1985-1989       40      0.00086  0.00086  0.50   97596      84   97554  4041990  41.42
1985-1989       41      0.00098  0.00098  0.50   97512      95   97464  3944436  40.45
1985-1989       42      0.00121  0.00121  0.50   97417     118   97357  3846972  39.49
1985-1989       43      0.00130  0.00130  0.50   97298     126   97235  3749614  38.54
1985-1989       44      0.00111  0.00111  0.50   97172     108   97118  3652379  37.59
1985-1989       45      0.00168  0.00168  0.50   97064     163   96983  3555261  36.63
1985-1989       46      0.00191  0.00191  0.50   96901     185   96809  3458278  35.69
1985-1989       47      0.00209  0.00209  0.50   96716     202   96615  3361470  34.76
1985-1989       48      0.00203  0.00203  0.50   96514     196   96416  3264855  33.83
1985-1989       49      0.00253  0.00253  0.50   96318     243   96196  3168439  32.90
1985-1989       50      0.00318  0.00317  0.50   96075     305   95922  3072243  31.98
1985-1989       51      0.00308  0.00308  0.50   95770     295   95622  2976321  31.08
1985-1989       52      0.00348  0.00348  0.50   95475     332   95309  2880698  30.17
1985-1989       53      0.00285  0.00285  0.50   95143     271   95008  2785389  29.28
1985-1989       54      0.00350  0.00350  0.50   94872     332   94707  2690381  28.36
1985-1989       55      0.00381  0.00380  0.50   94541     359   94361  2595674  27.46
1985-1989       56      0.00513  0.00511  0.50   94181     481   93941  2501313  26.56
1985-1989       57      0.00501  0.00500  0.50   93700     469   93466  2407373  25.69
1985-1989       58      0.00560  0.00558  0.50   93231     521   92971  2313907  24.82
1985-1989       59      0.00623  0.00621  0.50   92711     576   92423  2220937  23.96
1985-1989       60      0.00659  0.00656  0.50   92135     605   91833  2128514  23.10
1985-1989       61      0.00646  0.00644  0.50   91530     589   91236  2036681  22.25
1985-1989       62      0.00851  0.00848  0.50   90941     771   90556  1945445  21.39
1985-1989       63      0.00982  0.00977  0.50   90170     881   89729  1854890  20.57
1985-1989       64      0.00980  0.00975  0.50   89289     871   88853  1765160  19.77
1985-1989       65      0.01146  0.01139  0.50   88418    1008   87914  1676307  18.96
1985-1989       66      0.01114  0.01108  0.50   87410     969   86926  1588393  18.17
1985-1989       67      0.01364  0.01355  0.50   86442    1171   85856  1501467  17.37
1985-1989       68      0.01342  0.01333  0.50   85271    1137   84702  1415611  16.60
1985-1989       69      0.01677  0.01663  0.50   84134    1400   83434  1330908  15.82
1985-1989       70      0.01847  0.01830  0.50   82734    1514   81977  1247474  15.08
1985-1989       71      0.02051  0.02030  0.50   81220    1649   80396  1165497  14.35
1985-1989       72      0.02384  0.02356  0.50   79572    1875   78634  1085101  13.64
1985-1989       73      0.02644  0.02609  0.50   77697    2027   76683  1006467  12.95
1985-1989       74      0.02894  0.02853  0.50   75669    2159   74590   929784  12.29
1985-1989       75      0.03125  0.03077  0.50   73511    2262   72380   855194  11.63
1985-1989       76      0.03414  0.03357  0.50   71248    2392   70053   782814  10.99
1985-1989       77      0.03844  0.03772  0.50   68857    2597   67558   712762  10.35
1985-1989       78      0.04409  0.04314  0.50   66260    2859   64830   645204   9.74
1985-1989       79      0.05114  0.04986  0.50   63401    3161   61820   580373   9.15
1985-1989       80      0.05736  0.05576  0.50   60240    3359   58560   518553   8.61
1985-1989       81      0.05642  0.05487  0.50   56881    3121   55320   459993   8.09
1985-1989       82      0.06933  0.06700  0.50   53760    3602   51959   404672   7.53
1985-1989       83      0.08161  0.07841  0.50   50158    3933   48191   352713   7.03
1985-1989       84      0.08645  0.08287  0.50   46225    3831   44310   304522   6.59
1985-1989       85      0.10095  0.09610  0.50   42394    4074   40357   260213   6.14
1985-1989       86      0.11399  0.10785  0.50   38320    4133   36254   219855   5.74
1985-1989       87      0.12486  0.11753  0.50   34188    4018   32179   183601   5.37
1985-1989       88      0.12963  0.12174  0.50   30170    3673   28333   151423   5.02
1985-1989       89      0.15261  0.14179  0.50   26497    3757   24618   123090   4.65
1985-1989       90      0.16720  0.15430  0.50   22740    3509   20985    98471   4.33
1985-1989       91      0.18100  0.16598  0.50   19231    3192   17635    77486   4.03
1985-1989       92      0.20725  0.18779  0.50   16039    3012   14533    59851   3.73
1985-1989       93      0.23330  0.20893  0.50   13027    2722   11666    45318   3.48
1985-1989       94      0.24388  0.21737  0.50   10305    2240    9185    33652   3.27
1985-1989       95      0.27274  0.24001  0.50    8065    1936    7097    24467   3.03
1985-1989       96      0.29797  0.25933  0.50    6129    1590    5335    17369   2.83
1985-1989       97      0.32449  0.27919  0.50    4540    1267    3906    12035   2.65
1985-1989       98      0.35218  0.29945  0.50    3272     980    2782     8129   2.48
1985-1989       99      0.38090  0.31997  0.50    2292     734    1926     5346   2.33
1985-1989      100      0.41049  0.34058  0.50    1559     531    1293     3420   2.19
1985-1989      101      0.44073  0.36115  0.50    1028     371     842     2127   2.07
1985-1989      102      0.47142  0.38150  0.50     657     251     531     1285   1.96
1985-1989      103      0.50233  0.40149  0.50     406     163     325      753   1.85
1985-1989      104      0.53322  0.42098  0.50     243     102     192      428   1.76
1985-1989      105      0.56386  0.43985  0.50     141      62     110      237   1.68
1985-1989      106      0.59402  0.45799  0.50      79      36      61      127   1.61
1985-1989      107      0.62348  0.47531  0.50      43      20      33       66   1.54
1985-1989      108      0.65206  0.49174  0.50      22      11      17       33   1.49
1985-1989      109      0.67958  0.50723  0.50      11       6       9       16   1.44
1985-1989      110+     0.70591  1.00000  1.42       6       6       8        8   1.42
1990-1994        0      0.00526  0.00524  0.14  100000     524   99549  8072185  80.72
1990-1994        1      0.00044  0.00044  0.50   99476      44   99455  7972637  80.15
1990-1994        2      0.00031  0.00031  0.50   99433      31   99417  7873182  79.18
1990-1994        3      0.00023  0.00023  0.50   99402      23   99390  7773765  78.21
1990-1994        4      0.00019  0.00019  0.50   99379      18   99370  7674374  77.22
1990-1994        5      0.00018  0.00018  0.50   99360      18   99351  7575005  76.24
1990-1994        6      0.00028  0.00028  0.50   99342      28   99328  7475653  75.25
1990-1994        7      0.00028  0.00028  0.50   99314      28   99300  7376325  74.27
1990-1994        8      0.00016  0.00016  0.50   99286      16   99278  7277025  73.29
1990-1994        9      0.00022  0.00022  0.50   99270      22   99259  7177747  72.31
1990-1994       10      0.00012  0.00012  0.50   99248      12   99242  7078488  71.32
1990-1994       11      0.00021  0.00021  0.50   99236      20   99226  6979246  70.33
1990-1994       12      0.00027  0.00027  0.50   99216      27   99202  6880020  69.34
1990-1994       13      0.00019  0.00019  0.50   99189      19   99179  6780818  68.36
1990-1994       14      0.00032  0.00032  0.50   99170      31   99154  6681639  67.38
1990-1994       15      0.00027  0.00027  0.50   99139      27   99125  6582484  66.40
1990-1994       16      0.00031  0.00031  0.50   99112      30   99097  6483359  65.41
1990-1994       17      0.00050  0.00050  0.50   99081      50   99057  6384262  64.43
1990-1994       18      0.00044  0.00044  0.50   99032      44   99010  6285206  63.47
1990-1994       19      0.00054  0.00054  0.50   98988      53   98961  6186196  62.49
1990-1994       20      0.00047  0.00047  0.50   98934      46   98911  6087235  61.53
1990-1994       21      0.00044  0.00044  0.50   98888      44   98866  5988324  60.56
1990-1994       22      0.00027  0.00027  0.50   98844      26   98831  5889458  59.58
1990-1994       23      0.00042  0.00042  0.50   98818      41   98797  5790627  58.60
1990-1994       24      0.00044  0.00044  0.50   98777      44   98755  5691829  57.62
1990-1994       25      0.00045  0.00045  0.50   98733      44   98711  5593074  56.65
1990-1994       26      0.00048  0.00048  0.50   98689      47   98665  5494363  55.67
1990-1994       27      0.00051  0.00051  0.50   98642      50   98616  5395698  54.70
1990-1994       28      0.00054  0.00054  0.50   98591      53   98565  5297081  53.73
1990-1994       29      0.00057  0.00057  0.50   98538      57   98510  5198517  52.76
1990-1994       30      0.00048  0.00048  0.50   98482      47   98458  5100007  51.79
1990-1994       31      0.00062  0.00062  0.50   98435      61   98404  5001548  50.81
1990-1994       32      0.00069  0.00069  0.50   98373      68   98339  4903144  49.84
1990-1994       33      0.00061  0.00061  0.50   98306      60   98276  4804805  48.88
1990-1994       34      0.00058  0.00058  0.50   98246      57   98217  4706529  47.91
1990-1994       35      0.00089  0.00089  0.50   98189      87   98145  4608312  46.93
1990-1994       36      0.00055  0.00055  0.50   98102      54   98075  4510167  45.97
1990-1994       37      0.00077  0.00077  0.50   98048      75   98010  4412092  45.00
1990-1994       38      0.00074  0.00074  0.50   97973      72   97936  4314082  44.03
1990-1994       39      0.00091  0.00091  0.50   97900      89   97856  4216146  43.07
1990-1994       40      0.00077  0.00077  0.50   97811      75   97773  4118290  42.10
1990-1994       41      0.00105  0.00105  0.50   97736     103   97685  4020517  41.14
1990-1994       42      0.00119  0.00119  0.50   97633     116   97575  3922832  40.18
1990-1994       43      0.00110  0.00110  0.50   97518     107   97464  3825257  39.23
1990-1994       44      0.00121  0.00121  0.50   97410     118   97351  3727793  38.27
1990-1994       45      0.00135  0.00135  0.50   97292     131   97226  3630442  37.31
1990-1994       46      0.00142  0.00142  0.50   97161     138   97092  3533215  36.36
1990-1994       47      0.00154  0.00154  0.50   97023     150   96948  3436124  35.42
1990-1994       48      0.00161  0.00161  0.50   96873     156   96795  3339176  34.47
1990-1994       49      0.00216  0.00216  0.50   96717     209   96612  3242381  33.52
1990-1994       50      0.00255  0.00254  0.50   96508     246   96385  3145769  32.60
1990-1994       51      0.00288  0.00288  0.50   96262     277   96124  3049384  31.68
1990-1994       52      0.00308  0.00307  0.50   95985     295   95838  2953260  30.77
1990-1994       53      0.00341  0.00340  0.50   95690     326   95527  2857423  29.86
1990-1994       54      0.00314  0.00313  0.50   95364     299   95215  2761896  28.96
1990-1994       55      0.00430  0.00430  0.50   95066     408   94861  2666681  28.05
1990-1994       56      0.00392  0.00392  0.50   94657     371   94472  2571819  27.17
1990-1994       57      0.00454  0.00453  0.50   94287     427   94073  2477348  26.27
1990-1994       58      0.00442  0.00441  0.50   93859     414   93652  2383275  25.39
1990-1994       59      0.00568  0.00566  0.50   93445     529   93181  2289622  24.50
1990-1994       60      0.00663  0.00660  0.50   92916     614   92609  2196442  23.64
1990-1994       61      0.00624  0.00622  0.50   92303     574   92016  2103832  22.79
1990-1994       62      0.00720  0.00718  0.50   91729     658   91400  2011816  21.93
1990-1994       63      0.00919  0.00915  0.50   91070     833   90654  1920417  21.09
1990-1994       64      0.00868  0.00864  0.50   90237     780   89848  1829763  20.28
1990-1994       65      0.01029  0.01024  0.50   89458     916   89000  1739915  19.45
1990-1994       66      0.01261  0.01253  0.50   88542    1109   87987  1650915  18.65
1990-1994       67      0.01267  0.01259  0.50   87433    1101   86882  1562928  17.88
1990-1994       68      0.01441  0.01431  0.50   86332    1235   85714  1476046  17.10
1990-1994       69      0.01444  0.01434  0.50   85097    1220   84487  1390332  16.34
1990-1994       70      0.01588  0.01576  0.50   83876    1322   83216  1305845  15.57
1990-1994       71      0.01841  0.01825  0.50   82555    1506   81802  1222629  14.81
1990-1994       72      0.02010  0.01990  0.50   81048    1613   80242  1140828  14.08
1990-1994       73      0.02247  0.02222  0.50   79436    1765   78553  1060586  13.35
1990-1994       74      0.02606  0.02573  0.50   77671    1998   76672   982032  12.64
1990-1994       75      0.02920  0.02878  0.50   75673    2178   74584   905361  11.96
1990-1994       76      0.03322  0.03267  0.50   73495    2401   72294   830777  11.30
1990-1994       77      0.03619  0.03554  0.50   71093    2527   69830   758483  10.67
1990-1994       78      0.04021  0.03941  0.50   68566    2703   67215   688653  10.04
1990-1994       79      0.04632  0.04527  0.50   65864    2982   64373   621438   9.44
1990-1994       80      0.05488  0.05341  0.50   62882    3359   61203   557065   8.86
1990-1994       81      0.05728  0.05569  0.50   59523    3315   57866   495862   8.33
1990-1994       82      0.06570  0.06361  0.50   56209    3575   54421   437996   7.79
1990-1994       83      0.07561  0.07285  0.50   52633    3835   50716   383575   7.29
1990-1994       84      0.08335  0.08001  0.50   48799    3905   46847   332859   6.82
1990-1994       85      0.09488  0.09058  0.50   44894    4067   42861   286012   6.37
1990-1994       86      0.09984  0.09509  0.50   40828    3882   38887   243151   5.96
1990-1994       87      0.11997  0.11318  0.50   36945    4181   34855   204265   5.53
1990-1994       88      0.12761  0.11996  0.50   32764    3930   30799   169410   5.17
1990-1994       89      0.14236  0.13290  0.50   28834    3832   26918   138611   4.81
1990-1994       90      0.15525  0.14407  0.50   25002    3602   23201   111694   4.47
1990-1994       91      0.18112  0.16608  0.50   21400    3554   19623    88493   4.14
1990-1994       92      0.20334  0.18457  0.50   17846    3294   16199    68870   3.86
1990-1994       93      0.21092  0.19080  0.50   14552    2776   13164    52671   3.62
1990-1994       94      0.23853  0.21311  0.50   11775    2510   10521    39508   3.36
1990-1994       95      0.26197  0.23163  0.50    9266    2146    8193    28987   3.13
1990-1994       96      0.28658  0.25066  0.50    7120    1785    6227    20794   2.92
1990-1994       97      0.31253  0.27029  0.50    5335    1442    4614    14567   2.73
1990-1994       98      0.33970  0.29038  0.50    3893    1130    3328     9953   2.56
1990-1994       99      0.36798  0.31080  0.50    2763     859    2333     6625   2.40
1990-1994      100      0.39719  0.33138  0.50    1904     631    1589     4292   2.25
1990-1994      101      0.42716  0.35198  0.50    1273     448    1049     2703   2.12
1990-1994      102      0.45767  0.37244  0.50     825     307     671     1654   2.01
1990-1994      103      0.48850  0.39260  0.50     518     203     416      983   1.90
1990-1994      104      0.51942  0.41233  0.50     314     130     250      567   1.80
1990-1994      105      0.55019  0.43149  0.50     185      80     145      317   1.72
1990-1994      106      0.58058  0.44996  0.50     105      47      81      172   1.64
1990-1994      107      0.61037  0.46765  0.50      58      27      44       91   1.57
1990-1994      108      0.63936  0.48448  0.50      31      15      23       47   1.52
1990-1994      109      0.66737  0.50039  0.50      16       8      12       23   1.47
1990-1994      110+     0.69424  1.00000  1.44       8       8      11       11   1.44
1995-1999        0      0.00370  0.00369  0.14  100000     369   99684  8187930  81.88
1995-1999        1      0.00026  0.00026  0.50   99631      26   99619  8088247  81.18
1995-1999        2      0.00026  0.00026  0.50   99606      26   99593  7988628  80.20
1995-1999        3      0.00006  0.00006  0.50   99580       6   99577  7889035  79.22
1995-1999        4      0.00023  0.00023  0.50   99574      23   99562  7789458  78.23
1995-1999        5      0.00008  0.00008  0.50   99551       8   99547  7689896  77.25
1995-1999        6      0.00021  0.00021  0.50   99543      21   99532  7590349  76.25
1995-1999        7      0.00017  0.00017  0.50   99522      16   99514  7490817  75.27
1995-1999        8      0.00017  0.00017  0.50   99506      17   99497  7391303  74.28
1995-1999        9      0.00012  0.00012  0.50   99489      12   99483  7291806  73.29
1995-1999       10      0.00018  0.00018  0.50   99477      18   99467  7192323  72.30
1995-1999       11      0.00016  0.00016  0.50   99458      16   99450  7092856  71.31
1995-1999       12      0.00014  0.00014  0.50   99442      14   99435  6993406  70.33
1995-1999       13      0.00008  0.00008  0.50   99428       8   99424  6893970  69.34
1995-1999       14      0.00038  0.00038  0.50   99420      38   99401  6794546  68.34
1995-1999       15      0.00027  0.00027  0.50   99382      26   99369  6695145  67.37
1995-1999       16      0.00037  0.00037  0.50   99356      37   99337  6595776  66.39
1995-1999       17      0.00023  0.00023  0.50   99319      23   99307  6496439  65.41
1995-1999       18      0.00065  0.00065  0.50   99296      65   99263  6397132  64.43
1995-1999       19      0.00036  0.00036  0.50   99231      36   99213  6297869  63.47
1995-1999       20      0.00044  0.00044  0.50   99195      44   99173  6198656  62.49
1995-1999       21      0.00052  0.00052  0.50   99152      51   99126  6099483  61.52
1995-1999       22      0.00031  0.00031  0.50   99100      30   99085  6000357  60.55
1995-1999       23      0.00026  0.00026  0.50   99070      26   99057  5901272  59.57
1995-1999       24      0.00033  0.00033  0.50   99044      33   99027  5802215  58.58
1995-1999       25      0.00061  0.00061  0.50   99011      61   98980  5703187  57.60
1995-1999       26      0.00068  0.00068  0.50   98950      67   98916  5604207  56.64
1995-1999       27      0.00037  0.00037  0.50   98883      37   98864  5505290  55.67
1995-1999       28      0.00037  0.00037  0.50   98846      37   98827  5406426  54.70
1995-1999       29      0.00025  0.00025  0.50   98809      24   98797  5307599  53.72
1995-1999       30      0.00055  0.00055  0.50   98785      54   98758  5208802  52.73
1995-1999       31      0.00054  0.00054  0.50   98731      53   98704  5110044  51.76
1995-1999       32      0.00059  0.00059  0.50   98677      58   98648  5011341  50.79
1995-1999       33      0.00068  0.00068  0.50   98619      67   98585  4912693  49.81
1995-1999       34      0.00051  0.00051  0.50   98552      50   98527  4814107  48.85
1995-1999       35      0.00078  0.00078  0.50   98502      76   98463  4715581  47.87
1995-1999       36      0.00085  0.00085  0.50   98425      84   98383  4617117  46.91
1995-1999       37      0.00080  0.00080  0.50   98341      79   98302  4518734  45.95
1995-1999       38      0.00074  0.00074  0.50   98263      72   98227  4420432  44.99
1995-1999       39      0.00074  0.00074  0.50   98191      73   98154  4322205  44.02
1995-1999       40      0.00097  0.00097  0.50   98118      95   98070  4224051  43.05
1995-1999       41      0.00105  0.00105  0.50   98023     103   97971  4125981  42.09
1995-1999       42      0.00087  0.00087  0.50   97920      85   97877  4028009  41.14
1995-1999       43      0.00139  0.00139  0.50   97835     136   97767  3930132  40.17
1995-1999       44      0.00110  0.00110  0.50   97699     108   97645  3832365  39.23
1995-1999       45      0.00148  0.00148  0.50   97591     145   97519  3734720  38.27
1995-1999       46      0.00150  0.00150  0.50   97447     146   97374  3637201  37.33
1995-1999       47      0.00157  0.00157  0.50   97301     153   97224  3539827  36.38
1995-1999       48      0.00174  0.00174  0.50   97148     169   97063  3442603  35.44
1995-1999       49      0.00179  0.00179  0.50   96979     173   96892  3345540  34.50
1995-1999       50      0.00185  0.00185  0.50   96806     179   96716  3248647  33.56
1995-1999       51      0.00215  0.00214  0.50   96626     207   96523  3151931  32.62
1995-1999       52      0.00237  0.00236  0.50   96419     228   96305  3055409  31.69
1995-1999       53      0.00277  0.00276  0.50   96191     266   96059  2959103  30.76
1995-1999       54      0.00330  0.00330  0.50   95926     316   95768  2863045  29.85
1995-1999       55      0.00322  0.00321  0.50   95609     307   95456  2767277  28.94
1995-1999       56      0.00399  0.00398  0.50   95302     380   95112  2671821  28.04
1995-1999       57      0.00390  0.00389  0.50   94922     369   94738  2576709  27.15
1995-1999       58      0.00448  0.00447  0.50   94553     423   94342  2481971  26.25
1995-1999       59      0.00484  0.00482  0.50   94130     454   93903  2387630  25.37
1995-1999       60      0.00589  0.00587  0.50   93676     550   93401  2293726  24.49
1995-1999       61      0.00494  0.00493  0.50   93126     459   92897  2200325  23.63
1995-1999       62      0.00656  0.00654  0.50   92667     606   92364  2107428  22.74
1995-1999       63      0.00779  0.00776  0.50   92061     715   91704  2015064  21.89
1995-1999       64      0.00743  0.00740  0.50   91346     676   91008  1923361  21.06
1995-1999       65      0.00829  0.00826  0.50   90670     749   90296  1832353  20.21
1995-1999       66      0.01032  0.01027  0.50   89921     923   89460  1742057  19.37
1995-1999       67      0.01078  0.01073  0.50   88998     955   88521  1652598  18.57
1995-1999       68      0.01215  0.01207  0.50   88043    1063   87512  1564077  17.76
1995-1999       69      0.01314  0.01305  0.50   86980    1135   86413  1476565  16.98
1995-1999       70      0.01502  0.01491  0.50   85845    1280   85205  1390153  16.19
1995-1999       71      0.01502  0.01491  0.50   84565    1261   83935  1304947  15.43
1995-1999       72      0.01900  0.01882  0.50   83305    1568   82521  1221012  14.66
1995-1999       73      0.02022  0.02002  0.50   81737    1636   80919  1138491  13.93
1995-1999       74      0.02258  0.02233  0.50   80101    1788   79207  1057572  13.20
1995-1999       75      0.02461  0.02431  0.50   78312    1904   77361   978365  12.49
1995-1999       76      0.02745  0.02708  0.50   76409    2069   75374   901005  11.79
1995-1999       77      0.03151  0.03102  0.50   74340    2306   73187   825630  11.11
1995-1999       78      0.03620  0.03555  0.50   72034    2561   70753   752444  10.45
1995-1999       79      0.03968  0.03891  0.50   69473    2703   68121   681691   9.81
1995-1999       80      0.04686  0.04579  0.50   66770    3057   65241   613570   9.19
1995-1999       81      0.05309  0.05172  0.50   63712    3295   62065   548329   8.61
1995-1999       82      0.05960  0.05788  0.50   60417    3497   58669   486264   8.05
1995-1999       83      0.06864  0.06637  0.50   56920    3778   55031   427596   7.51
1995-1999       84      0.07637  0.07356  0.50   53143    3909   51188   372564   7.01
1995-1999       85      0.08616  0.08261  0.50   49233    4067   47200   321376   6.53
1995-1999       86      0.09640  0.09197  0.50   45166    4154   43089   274176   6.07
1995-1999       87      0.11290  0.10687  0.50   41012    4383   38821   231087   5.63
1995-1999       88      0.12427  0.11700  0.50   36629    4286   34487   192266   5.25
1995-1999       89      0.14406  0.13438  0.50   32344    4346   30171   157779   4.88
1995-1999       90      0.14203  0.13261  0.50   27997    3713   26141   127609   4.56
1995-1999       91      0.16523  0.15262  0.50   24285    3706   22432   101467   4.18
1995-1999       92      0.21203  0.19170  0.50   20578    3945   18606    79036   3.84
1995-1999       93      0.20980  0.18988  0.50   16633    3158   15054    60430   3.63
1995-1999       94      0.22505  0.20229  0.50   13475    2726   12112    45376   3.37
1995-1999       95      0.26243  0.23199  0.50   10749    2494    9502    33264   3.09
1995-1999       96      0.28882  0.25238  0.50    8255    2083    7214    23761   2.88
1995-1999       97      0.31673  0.27343  0.50    6172    1688    5328    16548   2.68
1995-1999       98      0.34602  0.29498  0.50    4484    1323    3823    11220   2.50
1995-1999       99      0.37652  0.31687  0.50    3162    1002    2661     7397   2.34
1995-1999      100      0.40804  0.33890  0.50    2160     732    1794     4736   2.19
1995-1999      101      0.44033  0.36088  0.50    1428     515    1170     2942   2.06
1995-1999      102      0.47313  0.38262  0.50     913     349     738     1772   1.94
1995-1999      103      0.50617  0.40394  0.50     563     228     450     1034   1.84
1995-1999      104      0.53915  0.42467  0.50     336     143     265      584   1.74
1995-1999      105      0.57179  0.44467  0.50     193      86     150      320   1.66
1995-1999      106      0.60383  0.46380  0.50     107      50      82      170   1.58
1995-1999      107      0.63499  0.48197  0.50      58      28      44       87   1.51
1995-1999      108      0.66506  0.49910  0.50      30      15      22       43   1.46
1995-1999      109      0.69385  0.51514  0.50      15       8      11       21   1.41
1995-1999      110+     0.72120  1.00000  1.39       7       7      10       10   1.39
2000-2004        0      0.00395  0.00393  0.14  100000     393   99662  8273514  82.74
2000-2004        1      0.00053  0.00053  0.50   99607      53   99580  8173852  82.06
2000-2004        2      0.00025  0.00025  0.50   99554      25   99541  8074272  81.10
2000-2004        3      0.00013  0.00013  0.50   99529      13   99522  7974730  80.12
2000-2004        4      0.00009  0.00009  0.50   99516       9   99511  7875208  79.14
2000-2004        5      0.00006  0.00006  0.50   99507       6   99504  7775697  78.14
2000-2004        6      0.00026  0.00026  0.50   99501      25   99488  7676193  77.15
2000-2004        7      0.00006  0.00006  0.50   99475       6   99472  7576705  76.17
2000-2004        8      0.00015  0.00015  0.50   99469      14   99462  7477233  75.17
2000-2004        9      0.00012  0.00012  0.50   99454      12   99448  7377771  74.18
2000-2004       10      0.00018  0.00018  0.50   99442      18   99433  7278323  73.19
2000-2004       11      0.00006  0.00006  0.50   99424       6   99421  7178890  72.20
2000-2004       12      0.00020  0.00020  0.50   99418      20   99407  7079469  71.21
2000-2004       13      0.00012  0.00012  0.50   99397      12   99391  6980062  70.22
2000-2004       14      0.00012  0.00012  0.50   99385      12   99379  6880671  69.23
2000-2004       15      0.00020  0.00020  0.50   99373      20   99363  6781292  68.24
2000-2004       16      0.00022  0.00022  0.50   99353      22   99342  6681929  67.25
2000-2004       17      0.00030  0.00030  0.50   99331      29   99316  6582587  66.27
2000-2004       18      0.00028  0.00028  0.50   99302      27   99288  6483270  65.29
2000-2004       19      0.00026  0.00026  0.50   99274      25   99261  6383983  64.31
2000-2004       20      0.00044  0.00044  0.50   99249      44   99227  6284721  63.32
2000-2004       21      0.00049  0.00049  0.50   99205      49   99181  6185494  62.35
2000-2004       22      0.00034  0.00034  0.50   99156      33   99140  6086313  61.38
2000-2004       23      0.00030  0.00030  0.50   99123      30   99108  5987174  60.40
2000-2004       24      0.00035  0.00035  0.50   99093      35   99076  5888066  59.42
2000-2004       25      0.00042  0.00042  0.50   99058      41   99038  5788990  58.44
2000-2004       26      0.00043  0.00043  0.50   99017      43   98996  5689952  57.46
2000-2004       27      0.00045  0.00045  0.50   98974      44   98952  5590956  56.49
2000-2004       28      0.00050  0.00050  0.50   98930      49   98905  5492004  55.51
2000-2004       29      0.00046  0.00046  0.50   98881      46   98858  5393099  54.54
2000-2004       30      0.00048  0.00048  0.50   98835      48   98811  5294240  53.57
2000-2004       31      0.00030  0.00030  0.50   98788      30   98773  5195429  52.59
2000-2004       32      0.00045  0.00045  0.50   98758      44   98736  5096656  51.61
2000-2004       33      0.00058  0.00058  0.50   98714      57   98685  4997920  50.63
2000-2004       34      0.00049  0.00049  0.50   98657      48   98633  4899235  49.66
2000-2004       35      0.00047  0.00047  0.50   98609      46   98586  4800602  48.68
2000-2004       36      0.00076  0.00076  0.50   98563      75   98525  4702016  47.71
2000-2004       37      0.00051  0.00051  0.50   98488      50   98463  4603491  46.74
2000-2004       38      0.00109  0.00109  0.50   98438     107   98384  4505028  45.77
2000-2004       39      0.00085  0.00085  0.50   98331      84   98289  4406644  44.81
2000-2004       40      0.00108  0.00108  0.50   98247     106   98194  4308355  43.85
2000-2004       41      0.00090  0.00090  0.50   98141      88   98097  4210161  42.90
2000-2004       42      0.00112  0.00112  0.50   98053     110   97998  4112064  41.94
2000-2004       43      0.00130  0.00130  0.50   97943     128   97879  4014066  40.98
2000-2004       44      0.00129  0.00129  0.50   97815     126   97752  3916187  40.04
2000-2004       45      0.00148  0.00148  0.50   97690     145   97617  3818434  39.09
2000-2004       46      0.00169  0.00169  0.50   97545     164   97462  3720817  38.14
2000-2004       47      0.00192  0.00192  0.50   97380     187   97287  3623355  37.21
2000-2004       48      0.00176  0.00176  0.50   97193     171   97107  3526069  36.28
2000-2004       49      0.00187  0.00187  0.50   97022     182   96931  3428961  35.34
2000-2004       50      0.00219  0.00219  0.50   96840     212   96734  3332030  34.41
2000-2004       51      0.00190  0.00190  0.50   96628     183   96537  3235296  33.48
2000-2004       52      0.00243  0.00242  0.50   96445     234   96328  3138759  32.54
2000-2004       53      0.00273  0.00272  0.50   96211     262   96080  3042431  31.62
2000-2004       54      0.00260  0.00259  0.50   95949     249   95825  2946351  30.71
2000-2004       55      0.00353  0.00352  0.50   95701     337   95532  2850526  29.79
2000-2004       56      0.00292  0.00291  0.50   95363     278   95225  2754994  28.89
2000-2004       57      0.00402  0.00401  0.50   95086     381   94895  2659769  27.97
2000-2004       58      0.00373  0.00372  0.50   94704     352   94528  2564874  27.08
2000-2004       59      0.00464  0.00463  0.50   94352     437   94134  2470346  26.18
2000-2004       60      0.00428  0.00427  0.50   93915     401   93715  2376213  25.30
2000-2004       61      0.00584  0.00582  0.50   93514     544   93242  2282498  24.41
2000-2004       62      0.00554  0.00552  0.50   92970     513   92713  2189256  23.55
2000-2004       63      0.00586  0.00584  0.50   92456     540   92186  2096543  22.68
2000-2004       64      0.00574  0.00572  0.50   91916     526   91653  2004357  21.81
2000-2004       65      0.00741  0.00738  0.50   91390     675   91053  1912703  20.93
2000-2004       66      0.00826  0.00822  0.50   90715     746   90343  1821650  20.08
2000-2004       67      0.01002  0.00997  0.50   89970     897   89521  1731308  19.24
2000-2004       68      0.00965  0.00961  0.50   89072     856   88644  1641787  18.43
2000-2004       69      0.01200  0.01193  0.50   88217    1053   87690  1553143  17.61
2000-2004       70      0.01215  0.01207  0.50   87164    1052   86638  1465452  16.81
2000-2004       71      0.01425  0.01415  0.50   86112    1218   85503  1378814  16.01
2000-2004       72      0.01465  0.01454  0.50   84894    1235   84276  1293312  15.23
2000-2004       73      0.01732  0.01717  0.50   83659    1436   82941  1209035  14.45
2000-2004       74      0.01885  0.01868  0.50   82223    1536   81455  1126094  13.70
2000-2004       75      0.02156  0.02133  0.50   80687    1721   79826  1044640  12.95
2000-2004       76      0.02466  0.02436  0.50   78966    1924   78004   964813  12.22
2000-2004       77      0.02708  0.02672  0.50   77042    2058   76013   886809  11.51
2000-2004       78      0.03184  0.03134  0.50   74984    2350   73809   810796  10.81
2000-2004       79      0.03643  0.03578  0.50   72634    2599   71334   736988  10.15
2000-2004       80      0.04324  0.04233  0.50   70035    2965   68553   665653   9.50
2000-2004       81      0.04975  0.04854  0.50   67070    3256   65442   597101   8.90
2000-2004       82      0.05325  0.05187  0.50   63814    3310   62160   531658   8.33
2000-2004       83      0.06053  0.05875  0.50   60505    3555   58727   469499   7.76
2000-2004       84      0.07108  0.06864  0.50   56950    3909   54995   410772   7.21
2000-2004       85      0.07914  0.07613  0.50   53041    4038   51022   355777   6.71
2000-2004       86      0.09134  0.08735  0.50   49003    4280   46863   304755   6.22
2000-2004       87      0.10370  0.09859  0.50   44723    4409   42518   257892   5.77
2000-2004       88      0.11709  0.11062  0.50   40314    4459   38084   215374   5.34
2000-2004       89      0.13006  0.12212  0.50   35854    4378   33665   177290   4.94
2000-2004       90      0.15583  0.14457  0.50   31476    4550   29201   143625   4.56
2000-2004       91      0.15793  0.14637  0.50   26925    3941   24955   114425   4.25
2000-2004       92      0.18916  0.17282  0.50   22984    3972   20998    89470   3.89
2000-2004       93      0.21558  0.19460  0.50   19012    3700   17162    68471   3.60
2000-2004       94      0.23970  0.21405  0.50   15312    3278   13674    51309   3.35
2000-2004       95      0.25687  0.22764  0.50   12035    2740   10665    37635   3.13
2000-2004       96      0.28393  0.24863  0.50    9295    2311    8140    26970   2.90
2000-2004       97      0.31264  0.27037  0.50    6984    1888    6040    18831   2.70
2000-2004       98      0.34286  0.29268  0.50    5096    1491    4350    12791   2.51
2000-2004       99      0.37441  0.31537  0.50    3604    1137    3036     8441   2.34
2000-2004      100      0.40706  0.33822  0.50    2468     835    2050     5405   2.19
2000-2004      101      0.44056  0.36103  0.50    1633     590    1338     3354   2.05
2000-2004      102      0.47460  0.38358  0.50    1043     400     843     2016   1.93
2000-2004      103      0.50889  0.40567  0.50     643     261     513     1173   1.82
2000-2004      104      0.54309  0.42711  0.50     382     163     301      660   1.73
2000-2004      105      0.57689  0.44774  0.50     219      98     170      359   1.64
2000-2004      106      0.60999  0.46742  0.50     121      57      93      189   1.56
2000-2004      107      0.64210  0.48605  0.50      64      31      49       96   1.50
2000-2004      108      0.67298  0.50355  0.50      33      17      25       48   1.44
2000-2004      109      0.70244  0.51986  0.50      16       9      12       23   1.40
2000-2004      110+     0.73031  1.00000  1.37       8       8      11       11   1.37
2005-2009        0      0.00367  0.00366  0.14  100000     366   99686  8368515  83.69
2005-2009        1      0.00033  0.00033  0.50   99634      33   99618  8268829  82.99
2005-2009        2      0.00038  0.00038  0.50   99601      38   99583  8169212  82.02
2005-2009        3      0.00011  0.00011  0.50   99564      11   99558  8069629  81.05
2005-2009        4      0.00013  0.00013  0.50   99552      13   99546  7970071  80.06
2005-2009        5      0.00011  0.00011  0.50   99539      11   99534  7870525  79.07
2005-2009        6      0.00020  0.00020  0.50   99528      20   99518  7770992  78.08
2005-2009        7      0.00013  0.00013  0.50   99508      13   99502  7671473  77.09
2005-2009        8      0.00021  0.00021  0.50   99495      21   99485  7571971  76.10
2005-2009        9      0.00008  0.00008  0.50   99474       8   99470  7472487  75.12
2005-2009       10      0.00017  0.00017  0.50   99466      17   99457  7373017  74.13
2005-2009       11      0.00017  0.00017  0.50   99449      16   99441  7273559  73.14
2005-2009       12      0.00016  0.00016  0.50   99433      16   99425  7174118  72.15
2005-2009       13      0.00008  0.00008  0.50   99416       8   99412  7074694  71.16
2005-2009       14      0.00014  0.00014  0.50   99408      14   99401  6975281  70.17
2005-2009       15      0.00026  0.00026  0.50   99394      26   99381  6875880  69.18
2005-2009       16      0.00008  0.00008  0.50   99368       8   99365  6776499  68.20
2005-2009       17      0.00024  0.00024  0.50   99361      23   99349  6677134  67.20
2005-2009       18      0.00021  0.00021  0.50   99337      21   99327  6577785  66.22
2005-2009       19      0.00017  0.00017  0.50   99316      17   99308  6478459  65.23
2005-2009       20      0.00020  0.00020  0.50   99299      20   99289  6379151  64.24
2005-2009       21      0.00022  0.00022  0.50   99279      22   99268  6279862  63.25
2005-2009       22      0.00026  0.00026  0.50   99257      26   99244  6180594  62.27
2005-2009       23      0.00036  0.00036  0.50   99231      35   99213  6081350  61.28
2005-2009       24      0.00034  0.00034  0.50   99196      34   99179  5982137  60.31
2005-2009       25      0.00031  0.00031  0.50   99162      31   99146  5882958  59.33
2005-2009       26      0.00030  0.00030  0.50   99131      30   99116  5783812  58.35
2005-2009       27      0.00029  0.00029  0.50   99101      28   99087  5684696  57.36
2005-2009       28      0.00033  0.00033  0.50   99073      33   99057  5585608  56.38
2005-2009       29      0.00038  0.00038  0.50   99040      37   99022  5486552  55.40
2005-2009       30      0.00035  0.00035  0.50   99003      35   98986  5387530  54.42
2005-2009       31      0.00025  0.00025  0.50   98968      24   98956  5288544  53.44
2005-2009       32      0.00057  0.00057  0.50   98944      56   98916  5189588  52.45
2005-2009       33      0.00044  0.00044  0.50   98887      43   98866  5090673  51.48
2005-2009       34      0.00044  0.00044  0.50   98844      43   98823  4991807  50.50
2005-2009       35      0.00054  0.00054  0.50   98801      53   98774  4892984  49.52
2005-2009       36      0.00071  0.00071  0.50   98748      70   98713  4794210  48.55
2005-2009       37      0.00063  0.00063  0.50   98678      62   98647  4695497  47.58
2005-2009       38      0.00077  0.00077  0.50   98616      76   98578  4596850  46.61
2005-2009       39      0.00086  0.00086  0.50   98541      85   98498  4498271  45.65
2005-2009       40      0.00081  0.00081  0.50   98456      80   98416  4399773  44.69
2005-2009       41      0.00091  0.00091  0.50   98376      90   98331  4301357  43.72
2005-2009       42      0.00110  0.00110  0.50   98286     108   98232  4203026  42.76
2005-2009       43      0.00129  0.00129  0.50   98178     127   98115  4104794  41.81
2005-2009       44      0.00115  0.00115  0.50   98051     113   97995  4006679  40.86
2005-2009       45      0.00138  0.00138  0.50   97938     135   97871  3908684  39.91
2005-2009       46      0.00152  0.00152  0.50   97804     149   97729  3810813  38.96
2005-2009       47      0.00175  0.00175  0.50   97655     171   97569  3713084  38.02
2005-2009       48      0.00170  0.00170  0.50   97484     166   97401  3615515  37.09
2005-2009       49      0.00190  0.00189  0.50   97318     184   97226  3518114  36.15
2005-2009       50      0.00193  0.00193  0.50   97134     187   97040  3420888  35.22
2005-2009       51      0.00209  0.00209  0.50   96947     202   96845  3323848  34.29
2005-2009       52      0.00228  0.00228  0.50   96744     221   96634  3227003  33.36
2005-2009       53      0.00250  0.00249  0.50   96523     241   96403  3130369  32.43
2005-2009       54      0.00300  0.00300  0.50   96283     288   96138  3033966  31.51
2005-2009       55      0.00271  0.00271  0.50   95994     260   95864  2937828  30.60
2005-2009       56      0.00302  0.00301  0.50   95734     288   95590  2841964  29.69
2005-2009       57      0.00316  0.00316  0.50   95446     301   95295  2746374  28.77
2005-2009       58      0.00339  0.00339  0.50   95145     322   94983  2651079  27.86
2005-2009       59      0.00392  0.00391  0.50   94822     371   94637  2556096  26.96
2005-2009       60      0.00461  0.00460  0.50   94451     434   94234  2461459  26.06
2005-2009       61      0.00527  0.00526  0.50   94017     494   93770  2367225  25.18
2005-2009       62      0.00535  0.00533  0.50   93523     499   93273  2273456  24.31
2005-2009       63      0.00587  0.00585  0.50   93024     544   92752  2180183  23.44
2005-2009       64      0.00605  0.00603  0.50   92480     558   92201  2087431  22.57
2005-2009       65      0.00584  0.00582  0.50   91922     535   91654  1995230  21.71
2005-2009       66      0.00826  0.00823  0.50   91387     752   91011  1903576  20.83
2005-2009       67      0.00804  0.00800  0.50   90635     725   90272  1812565  20.00
2005-2009       68      0.00847  0.00843  0.50   89910     758   89531  1722292  19.16
2005-2009       69      0.00928  0.00924  0.50   89152     823   88740  1632762  18.31
2005-2009       70      0.01024  0.01019  0.50   88328     900   87878  1544022  17.48
2005-2009       71      0.01125  0.01118  0.50   87428     978   86939  1456144  16.66
2005-2009       72      0.01388  0.01378  0.50   86450    1192   85854  1369205  15.84
2005-2009       73      0.01569  0.01557  0.50   85259    1328   84595  1283350  15.05
2005-2009       74      0.01601  0.01588  0.50   83931    1333   83264  1198755  14.28
2005-2009       75      0.01989  0.01969  0.50   82598    1627   81785  1115491  13.51
2005-2009       76      0.02094  0.02072  0.50   80971    1678   80132  1033706  12.77
2005-2009       77      0.02466  0.02436  0.50   79293    1932   78328   953574  12.03
2005-2009       78      0.02770  0.02732  0.50   77362    2113   76305   875247  11.31
2005-2009       79      0.03156  0.03107  0.50   75248    2338   74079   798942  10.62
2005-2009       80      0.03478  0.03419  0.50   72910    2493   71664   724862   9.94
2005-2009       81      0.04298  0.04208  0.50   70418    2963   68936   653198   9.28
2005-2009       82      0.05067  0.04942  0.50   67455    3333   65788   584262   8.66
2005-2009       83      0.05496  0.05349  0.50   64121    3430   62406   518474   8.09
2005-2009       84      0.06293  0.06101  0.50   60691    3703   58840   456068   7.51
2005-2009       85      0.07167  0.06919  0.50   56989    3943   55017   397228   6.97
2005-2009       86      0.08407  0.08068  0.50   53046    4280   50906   342211   6.45
2005-2009       87      0.09680  0.09233  0.50   48766    4503   46515   291305   5.97
2005-2009       88      0.10876  0.10315  0.50   44263    4566   41980   244791   5.53
2005-2009       89      0.12924  0.12139  0.50   39697    4819   37288   202810   5.11
2005-2009       90      0.13960  0.13049  0.50   34878    4551   32603   165522   4.75
2005-2009       91      0.15402  0.14300  0.50   30327    4337   28159   132920   4.38
2005-2009       92      0.17175  0.15817  0.50   25990    4111   23935   104761   4.03
2005-2009       93      0.20238  0.18378  0.50   21880    4021   19869    80826   3.69
2005-2009       94      0.22647  0.20344  0.50   17858    3633   16042    60957   3.41
2005-2009       95      0.25073  0.22280  0.50   14225    3169   12641    44915   3.16
2005-2009       96      0.27888  0.24475  0.50   11056    2706    9703    32274   2.92
2005-2009       97      0.30890  0.26757  0.50    8350    2234    7233    22571   2.70
2005-2009       98      0.34061  0.29105  0.50    6116    1780    5226    15338   2.51
2005-2009       99      0.37383  0.31496  0.50    4336    1366    3653    10113   2.33
2005-2009      100      0.40827  0.33906  0.50    2970    1007    2467     6459   2.17
2005-2009      101      0.44365  0.36310  0.50    1963     713    1607     3993   2.03
2005-2009      102      0.47960  0.38684  0.50    1250     484    1008     2386   1.91
2005-2009      103      0.51576  0.41003  0.50     767     314     609     1378   1.80
2005-2009      104      0.55176  0.43246  0.50     452     196     355      768   1.70
2005-2009      105      0.58723  0.45395  0.50     257     117     198      414   1.61
2005-2009      106      0.62181  0.47434  0.50     140      66     107      215   1.54
2005-2009      107      0.65520  0.49352  0.50      74      36      56      108   1.47
2005-2009      108      0.68713  0.51142  0.50      37      19      28       53   1.41
2005-2009      109      0.71737  0.52799  0.50      18      10      13       25   1.37
2005-2009      110+     0.74577  1.00000  1.34       9       9      12       12   1.34
2010-2014        0      0.00273  0.00273  0.14  100000     273   99766  8423218  84.23
2010-2014        1      0.00037  0.00037  0.50   99727      37   99709  8323452  83.46
2010-2014        2      0.00023  0.00023  0.50   99691      22   99679  8223743  82.49
2010-2014        3      0.00012  0.00012  0.50   99668      12   99662  8124063  81.51
2010-2014        4      0.00014  0.00014  0.50   99656      14   99649  8024401  80.52
2010-2014        5      0.00014  0.00014  0.50   99642      14   99634  7924753  79.53
2010-2014        6      0.00012  0.00012  0.50   99627      12   99621  7825118  78.54
2010-2014        7      0.00017  0.00017  0.50   99615      17   99607  7725497  77.55
2010-2014        8      0.00017  0.00017  0.50   99598      17   99590  7625891  76.57
2010-2014        9      0.00024  0.00024  0.50   99581      23   99570  7526301  75.58
2010-2014       10      0.00024  0.00024  0.50   99558      23   99546  7426732  74.60
2010-2014       11      0.00008  0.00008  0.50   99534       8   99530  7327186  73.61
2010-2014       12      0.00017  0.00017  0.50   99526      17   99517  7227655  72.62
2010-2014       13      0.00015  0.00015  0.50   99509      14   99502  7128138  71.63
2010-2014       14      0.00010  0.00010  0.50   99495      10   99490  7028636  70.64
2010-2014       15      0.00016  0.00016  0.50   99485      16   99476  6929146  69.65
2010-2014       16      0.00022  0.00022  0.50   99468      22   99458  6829670  68.66
2010-2014       17      0.00018  0.00018  0.50   99447      18   99438  6730212  67.68
2010-2014       18      0.00021  0.00021  0.50   99429      21   99419  6630774  66.69
2010-2014       19      0.00020  0.00020  0.50   99408      20   99398  6531356  65.70
2010-2014       20      0.00011  0.00011  0.50   99388      11   99383  6431958  64.72
2010-2014       21      0.00027  0.00027  0.50   99377      27   99364  6332575  63.72
2010-2014       22      0.00028  0.00028  0.50   99351      28   99336  6233211  62.74
2010-2014       23      0.00023  0.00023  0.50   99322      23   99311  6133875  61.76
2010-2014       24      0.00025  0.00025  0.50   99299      25   99287  6034564  60.77
2010-2014       25      0.00034  0.00034  0.50   99275      33   99258  5935277  59.79
2010-2014       26      0.00023  0.00023  0.50   99241      23   99230  5836019  58.81
2010-2014       27      0.00030  0.00030  0.50   99218      30   99203  5736789  57.82
2010-2014       28      0.00039  0.00039  0.50   99189      39   99169  5637585  56.84
2010-2014       29      0.00030  0.00030  0.50   99150      30   99135  5538416  55.86
2010-2014       30      0.00062  0.00062  0.50   99120      61   99089  5439281  54.88
2010-2014       31      0.00026  0.00026  0.50   99059      26   99046  5340192  53.91
2010-2014       32      0.00036  0.00036  0.50   99033      36   99015  5241146  52.92
2010-2014       33      0.00050  0.00050  0.50   98997      50   98972  5142132  51.94
2010-2014       34      0.00059  0.00059  0.50   98947      58   98918  5043160  50.97
2010-2014       35      0.00057  0.00057  0.50   98889      56   98861  4944241  50.00
2010-2014       36      0.00065  0.00065  0.50   98833      64   98801  4845381  49.03
2010-2014       37      0.00047  0.00047  0.50   98769      46   98746  4746580  48.06
2010-2014       38      0.00080  0.00079  0.50   98723      78   98683  4647834  47.08
2010-2014       39      0.00082  0.00082  0.50   98644      81   98603  4549151  46.12
2010-2014       40      0.00103  0.00103  0.50   98563     101   98512  4450548  45.15
2010-2014       41      0.00094  0.00094  0.50   98461      92   98415  4352036  44.20
2010-2014       42      0.00102  0.00101  0.50   98369     100   98319  4253621  43.24
2010-2014       43      0.00119  0.00119  0.50   98269     117   98211  4155302  42.28
2010-2014       44      0.00155  0.00155  0.50   98152     152   98076  4057091  41.33
2010-2014       45      0.00118  0.00118  0.50   98000     116   97942  3959015  40.40
2010-2014       46      0.00175  0.00175  0.50   97884     171   97799  3861073  39.45
2010-2014       47      0.00158  0.00158  0.50   97713     155   97636  3763275  38.51
2010-2014       48      0.00139  0.00139  0.50   97559     136   97491  3665639  37.57
2010-2014       49      0.00160  0.00160  0.50   97423     156   97345  3568148  36.63
2010-2014       50      0.00215  0.00214  0.50   97267     209   97163  3470803  35.68
2010-2014       51      0.00212  0.00212  0.50   97059     206   96956  3373640  34.76
2010-2014       52      0.00237  0.00237  0.50   96853     230   96738  3276685  33.83
2010-2014       53      0.00199  0.00198  0.50   96623     192   96527  3179947  32.91
2010-2014       54      0.00238  0.00238  0.50   96431     229   96317  3083420  31.98
2010-2014       55      0.00264  0.00264  0.50   96202     254   96075  2987103  31.05
2010-2014       56      0.00331  0.00331  0.50   95949     317   95790  2891028  30.13
2010-2014       57      0.00316  0.00316  0.50   95631     302   95480  2795238  29.23
2010-2014       58      0.00333  0.00333  0.50   95329     317   95171  2699758  28.32
2010-2014       59      0.00345  0.00344  0.50   95012     327   94848  2604587  27.41
2010-2014       60      0.00404  0.00403  0.50   94685     381   94494  2509739  26.51
2010-2014       61      0.00455  0.00454  0.50   94304     428   94090  2415244  25.61
2010-2014       62      0.00481  0.00480  0.50   93876     451   93650  2321155  24.73
2010-2014       63      0.00513  0.00511  0.50   93425     478   93186  2227504  23.84
2010-2014       64      0.00561  0.00560  0.50   92947     520   92687  2134318  22.96
2010-2014       65      0.00601  0.00600  0.50   92427     554   92150  2041631  22.09
2010-2014       66      0.00643  0.00641  0.50   91873     588   91579  1949481  21.22
2010-2014       67      0.00662  0.00660  0.50   91284     603   90983  1857902  20.35
2010-2014       68      0.00710  0.00708  0.50   90682     642   90361  1766919  19.48
2010-2014       69      0.00944  0.00940  0.50   90040     846   89617  1676559  18.62
2010-2014       70      0.00935  0.00931  0.50   89194     830   88779  1586942  17.79
2010-2014       71      0.01107  0.01101  0.50   88364     973   87877  1498163  16.95
2010-2014       72      0.01272  0.01264  0.50   87390    1105   86838  1410286  16.14
2010-2014       73      0.01501  0.01489  0.50   86286    1285   85643  1323448  15.34
2010-2014       74      0.01608  0.01595  0.50   85000    1356   84322  1237805  14.56
2010-2014       75      0.01711  0.01697  0.50   83644    1419   82935  1153483  13.79
2010-2014       76      0.02152  0.02129  0.50   82225    1751   81350  1070548  13.02
2010-2014       77      0.02411  0.02382  0.50   80474    1917   79516   989198  12.29
2010-2014       78      0.02607  0.02573  0.50   78558    2022   77547   909682  11.58
2010-2014       79      0.02974  0.02930  0.50   76536    2242   75415   832136  10.87
2010-2014       80      0.03364  0.03308  0.50   74293    2458   73064   756721  10.19
2010-2014       81      0.03813  0.03742  0.50   71836    2688   70492   683657   9.52
2010-2014       82      0.04673  0.04567  0.50   69148    3158   67569   613165   8.87
2010-2014       83      0.05215  0.05082  0.50   65990    3354   64313   545596   8.27
2010-2014       84      0.05764  0.05603  0.50   62636    3509   60881   481283   7.68
2010-2014       85      0.06843  0.06616  0.50   59127    3912   57171   420402   7.11
2010-2014       86      0.07690  0.07405  0.50   55215    4089   53170   363231   6.58
2010-2014       87      0.08874  0.08497  0.50   51126    4344   48954   310061   6.06
2010-2014       88      0.10671  0.10131  0.50   46781    4739   44412   261107   5.58
2010-2014       89      0.12321  0.11606  0.50   42042    4880   39602   216695   5.15
2010-2014       90      0.13434  0.12589  0.50   37163    4678   34823   177093   4.77
2010-2014       91      0.15323  0.14233  0.50   32484    4623   30173   142270   4.38
2010-2014       92      0.17493  0.16086  0.50   27861    4482   25620   112097   4.02
2010-2014       93      0.19840  0.18049  0.50   23379    4220   21269    86477   3.70
2010-2014       94      0.22235  0.20011  0.50   19160    3834   17243    65207   3.40
2010-2014       95      0.25119  0.22316  0.50   15326    3420   13616    47965   3.13
2010-2014       96      0.28078  0.24621  0.50   11905    2931   10440    34349   2.89
2010-2014       97      0.31239  0.27019  0.50    8974    2425    7762    23909   2.66
2010-2014       98      0.34586  0.29487  0.50    6549    1931    5584    16148   2.47
2010-2014       99      0.38092  0.31998  0.50    4618    1478    3879    10564   2.29
2010-2014      100      0.41727  0.34524  0.50    3141    1084    2598     6684   2.13
2010-2014      101      0.45454  0.37037  0.50    2056     762    1675     4086   1.99
2010-2014      102      0.49233  0.39507  0.50    1295     512    1039     2410   1.86
2010-2014      103      0.53020  0.41910  0.50     783     328     619     1372   1.75
2010-2014      104      0.56773  0.44220  0.50     455     201     354      752   1.65
2010-2014      105      0.60450  0.46420  0.50     254     118     195      398   1.57
2010-2014      106      0.64012  0.48492  0.50     136      66     103      203   1.49
2010-2014      107      0.67427  0.50426  0.50      70      35      52      100   1.43
2010-2014      108      0.70666  0.52216  0.50      35      18      26       48   1.38
2010-2014      109      0.73708  0.53859  0.50      17       9      12       22   1.33
2010-2014      110+     0.76540  1.00000  1.31       8       8      10       10   1.31
2015-2016        0      0.00262  0.00261  0.14  100000     261   99776  8470518  84.71
2015-2016        1      0.00040  0.00040  0.50   99739      40   99719  8370741  83.93
2015-2016        2      0.00015  0.00015  0.50   99699      15   99691  8271023  82.96
2015-2016        3      0.00010  0.00010  0.50   99684      10   99679  8171331  81.97
2015-2016        4      0.00000  0.00000  0.50   99674       0   99674  8071653  80.98
2015-2016        5      0.00005  0.00005  0.50   99674       5   99671  7971979  79.98
2015-2016        6      0.00015  0.00015  0.50   99669      15   99661  7872308  78.98
2015-2016        7      0.00005  0.00005  0.50   99654       5   99652  7772646  78.00
2015-2016        8      0.00020  0.00020  0.50   99649      19   99639  7672995  77.00
2015-2016        9      0.00005  0.00005  0.50   99630       5   99627  7573355  76.02
2015-2016       10      0.00031  0.00031  0.50   99625      31   99609  7473728  75.02
2015-2016       11      0.00016  0.00016  0.50   99594      16   99586  7374119  74.04
2015-2016       12      0.00005  0.00005  0.50   99578       5   99575  7274533  73.05
2015-2016       13      0.00027  0.00027  0.50   99573      27   99559  7174957  72.06
2015-2016       14      0.00000  0.00000  0.50   99546       0   99546  7075398  71.08
2015-2016       15      0.00021  0.00021  0.50   99546      21   99536  6975852  70.08
2015-2016       16      0.00020  0.00020  0.50   99526      20   99516  6876316  69.09
2015-2016       17      0.00005  0.00005  0.50   99506       5   99503  6776800  68.10
2015-2016       18      0.00010  0.00010  0.50   99501      10   99496  6677297  67.11
2015-2016       19      0.00024  0.00024  0.50   99491      23   99479  6577801  66.11
2015-2016       20      0.00014  0.00014  0.50   99468      14   99461  6478322  65.13
2015-2016       21      0.00009  0.00009  0.50   99454       9   99450  6378861  64.14
2015-2016       22      0.00031  0.00031  0.50   99445      31   99430  6279411  63.14
2015-2016       23      0.00013  0.00013  0.50   99414      13   99408  6179981  62.16
2015-2016       24      0.00031  0.00031  0.50   99401      30   99386  6080573  61.17
2015-2016       25      0.00013  0.00013  0.50   99371      13   99364  5981187  60.19
2015-2016       26      0.00022  0.00022  0.50   99358      22   99347  5881823  59.20
2015-2016       27      0.00044  0.00044  0.50   99336      43   99315  5782476  58.21
2015-2016       28      0.00013  0.00013  0.50   99293      13   99287  5683161  57.24
2015-2016       29      0.00047  0.00047  0.50   99280      47   99257  5583874  56.24
2015-2016       30      0.00039  0.00039  0.50   99233      38   99214  5484618  55.27
2015-2016       31      0.00026  0.00026  0.50   99195      25   99182  5385404  54.29
2015-2016       32      0.00034  0.00034  0.50   99169      34   99152  5286222  53.30
2015-2016       33      0.00048  0.00048  0.50   99135      48   99111  5187069  52.32
2015-2016       34      0.00089  0.00089  0.50   99088      89   99043  5087958  51.35
2015-2016       35      0.00074  0.00074  0.50   98999      73   98963  4988914  50.39
2015-2016       36      0.00033  0.00033  0.50   98926      33   98910  4889952  49.43
2015-2016       37      0.00078  0.00078  0.50   98893      77   98855  4791042  48.45
2015-2016       38      0.00068  0.00068  0.50   98816      67   98782  4692188  47.48
2015-2016       39      0.00073  0.00073  0.50   98749      72   98713  4593405  46.52
2015-2016       40      0.00063  0.00063  0.50   98677      62   98646  4494692  45.55
2015-2016       41      0.00115  0.00115  0.50   98614     113   98558  4396047  44.58
2015-2016       42      0.00130  0.00130  0.50   98501     128   98437  4297489  43.63
2015-2016       43      0.00112  0.00111  0.50   98372     110   98318  4199052  42.69
2015-2016       44      0.00128  0.00128  0.50   98263     126   98200  4100735  41.73
2015-2016       45      0.00159  0.00159  0.50   98137     156   98059  4002535  40.79
2015-2016       46      0.00123  0.00123  0.50   97981     121   97921  3904476  39.85
2015-2016       47      0.00178  0.00177  0.50   97861     174   97774  3806555  38.90
2015-2016       48      0.00150  0.00150  0.50   97687     146   97614  3708781  37.97
2015-2016       49      0.00166  0.00166  0.50   97540     162   97460  3611167  37.02
2015-2016       50      0.00240  0.00239  0.50   97379     233   97262  3513708  36.08
2015-2016       51      0.00180  0.00180  0.50   97146     175   97058  3416446  35.17
2015-2016       52      0.00255  0.00254  0.50   96971     247   96847  3319387  34.23
2015-2016       53      0.00269  0.00269  0.50   96724     260   96594  3222540  33.32
2015-2016       54      0.00259  0.00259  0.50   96464     249   96339  3125946  32.41
2015-2016       55      0.00283  0.00283  0.50   96215     272   96079  3029607  31.49
2015-2016       56      0.00283  0.00282  0.50   95942     271   95807  2933528  30.58
2015-2016       57      0.00293  0.00293  0.50   95671     280   95532  2837721  29.66
2015-2016       58      0.00363  0.00363  0.50   95392     346   95219  2742190  28.75
2015-2016       59      0.00372  0.00371  0.50   95046     353   94869  2646971  27.85
2015-2016       60      0.00429  0.00428  0.50   94693     405   94490  2552102  26.95
2015-2016       61      0.00432  0.00431  0.50   94287     406   94084  2457612  26.07
2015-2016       62      0.00472  0.00471  0.50   93881     442   93660  2363528  25.18
2015-2016       63      0.00471  0.00470  0.50   93439     439   93219  2269868  24.29
2015-2016       64      0.00469  0.00468  0.50   93000     435   92782  2176648  23.40
2015-2016       65      0.00513  0.00511  0.50   92565     473   92328  2083866  22.51
2015-2016       66      0.00706  0.00704  0.50   92091     648   91767  1991538  21.63
2015-2016       67      0.00729  0.00726  0.50   91443     664   91111  1899771  20.78
2015-2016       68      0.00745  0.00742  0.50   90779     674   90442  1808660  19.92
2015-2016       69      0.00707  0.00705  0.50   90105     635   89788  1718218  19.07
2015-2016       70      0.00971  0.00966  0.50   89470     865   89038  1628430  18.20
2015-2016       71      0.00987  0.00982  0.50   88606     870   88170  1539392  17.37
2015-2016       72      0.01047  0.01042  0.50   87735     914   87278  1451222  16.54
2015-2016       73      0.01297  0.01289  0.50   86821    1119   86262  1363944  15.71
2015-2016       74      0.01349  0.01340  0.50   85702    1148   85128  1277682  14.91
2015-2016       75      0.01631  0.01618  0.50   84554    1368   83870  1192554  14.10
2015-2016       76      0.01827  0.01811  0.50   83186    1506   82433  1108684  13.33
2015-2016       77      0.02275  0.02250  0.50   81680    1838   80761  1026251  12.56
2015-2016       78      0.02441  0.02412  0.50   79842    1926   78879   945490  11.84
2015-2016       79      0.02764  0.02727  0.50   77917    2125   76854   866611  11.12
2015-2016       80      0.02964  0.02921  0.50   75792    2214   74685   789757  10.42
2015-2016       81      0.03655  0.03589  0.50   73578    2641   72258   715071   9.72
2015-2016       82      0.04580  0.04478  0.50   70937    3176   69349   642814   9.06
2015-2016       83      0.05072  0.04946  0.50   67761    3352   66085   573465   8.46
2015-2016       84      0.05658  0.05503  0.50   64409    3544   62637   507380   7.88
2015-2016       85      0.06494  0.06290  0.50   60865    3828   58951   444743   7.31
2015-2016       86      0.07318  0.07060  0.50   57037    4027   55023   385792   6.76
2015-2016       87      0.08615  0.08259  0.50   53010    4378   50821   330769   6.24
2015-2016       88      0.10551  0.10023  0.50   48632    4874   46195   279948   5.76
2015-2016       89      0.11169  0.10578  0.50   43758    4629   41443   233753   5.34
2015-2016       90      0.12716  0.11955  0.50   39129    4678   36790   192310   4.91
2015-2016       91      0.13741  0.12858  0.50   34451    4430   32236   155520   4.51
2015-2016       92      0.18338  0.16798  0.50   30021    5043   27500   123284   4.11
2015-2016       93      0.19085  0.17422  0.50   24978    4352   22802    95784   3.83
2015-2016       94      0.20657  0.18723  0.50   20626    3862   18696    72981   3.54
2015-2016       95      0.23997  0.21426  0.50   16765    3592   14969    54286   3.24
2015-2016       96      0.26850  0.23672  0.50   13173    3118   11613    39317   2.98
2015-2016       97      0.29909  0.26018  0.50   10054    2616    8746    27704   2.76
2015-2016       98      0.33158  0.28442  0.50    7438    2116    6381    18958   2.55
2015-2016       99      0.36575  0.30921  0.50    5323    1646    4500    12577   2.36
2015-2016      100      0.40134  0.33426  0.50    3677    1229    3062     8077   2.20
2015-2016      101      0.43799  0.35931  0.50    2448     880    2008     5015   2.05
2015-2016      102      0.47534  0.38406  0.50    1568     602    1267     3007   1.92
2015-2016      103      0.51296  0.40825  0.50     966     394     769     1739   1.80
2015-2016      104      0.55044  0.43164  0.50     572     247     448      971   1.70
2015-2016      105      0.58736  0.45402  0.50     325     148     251      522   1.61
2015-2016      106      0.62331  0.47521  0.50     177      84     135      271   1.53
2015-2016      107      0.65796  0.49509  0.50      93      46      70      136   1.46
2015-2016      108      0.69100  0.51356  0.50      47      24      35       66   1.40
2015-2016      109      0.72220  0.53060  0.50      23      12      17       31   1.36
2015-2016      110+     0.75138  1.00000  1.33      11      11      14       14   1.33
