SA, Life tables (period 5x1), Females	Last modified: 02 Jul 2018;  Methods Protocol: v6 (2017)

  Year          Age         mx       qx    ax      lx      dx      Lx       Tx     ex
  1971           0      0.01490  0.01470  0.12  100000    1470   98704  7601706  76.02
  1971         1-4      0.00055  0.00221  1.22   98530     218  393511  7503002  76.15
  1971         5-9      0.00034  0.00168  2.82   98312     165  491198  7109491  72.32
  1971        10-14     0.00008  0.00042  3.11   98146      42  490652  6618293  67.43
  1971        15-19     0.00076  0.00378  2.60   98105     371  489631  6127641  62.46
  1971        20-24     0.00071  0.00356  2.10   97734     348  487658  5638010  57.69
  1971        25-29     0.00065  0.00327  2.64   97386     318  486177  5150352  52.89
  1971        30-34     0.00102  0.00507  2.42   97068     492  484067  4664176  48.05
  1971        35-39     0.00108  0.00541  2.59   96576     522  481619  4180109  43.28
  1971        40-44     0.00184  0.00918  2.59   96054     882  478145  3698490  38.50
  1971        45-49     0.00271  0.01347  2.76   95172    1282  472988  3220345  33.84
  1971        50-54     0.00473  0.02339  2.62   93890    2196  464229  2747357  29.26
  1971        55-59     0.00653  0.03219  2.76   91694    2951  451857  2283127  24.90
  1971        60-64     0.01055  0.05152  2.77   88742    4572  433519  1831271  20.64
  1971        65-69     0.01967  0.09425  2.80   84171    7933  403364  1397752  16.61
  1971        70-74     0.03405  0.15780  2.69   76237   12030  353343   994388  13.04
  1971        75-79     0.05421  0.24024  2.63   64207   15425  284519   641045   9.98
  1971        80-84     0.09095  0.37300  2.59   48782   18196  200059   356526   7.31
  1971        85-89     0.15688  0.55686  2.40   30586   17032  108569   156466   5.12
  1971        90-94     0.25649  0.74227  2.16   13554   10061   39224    47898   3.53
  1971        95-99     0.38844  0.87644  1.87    3493    3062    7882     8673   2.48
  1971       100-104    0.53918  0.94702  1.57     432     409     758      791   1.83
  1971       105-109    0.68472  0.97650  1.34      23      22      33       33   1.46
  1971       110+       0.78960  1.00000  1.27       1       1       1        1   1.27
  1972           0      0.01454  0.01435  0.12  100000    1435   98736  7656960  76.57
  1972         1-4      0.00064  0.00257  1.89   98565     253  393723  7558224  76.68
  1972         5-9      0.00028  0.00139  2.34   98311     136  491194  7164500  72.88
  1972        10-14     0.00030  0.00150  2.67   98175     147  490532  6673307  67.97
  1972        15-19     0.00047  0.00236  2.51   98028     231  489564  6182775  63.07
  1972        20-24     0.00039  0.00197  2.33   97797     193  488473  5693210  58.21
  1972        25-29     0.00060  0.00300  3.21   97605     293  487499  5204738  53.32
  1972        30-34     0.00075  0.00376  2.88   97312     366  485785  4717239  48.48
  1972        35-39     0.00105  0.00526  2.93   96946     510  483676  4231454  43.65
  1972        40-44     0.00163  0.00812  2.86   96436     783  480506  3747778  38.86
  1972        45-49     0.00297  0.01478  2.84   95653    1414  475216  3267272  34.16
  1972        50-54     0.00412  0.02039  2.64   94239    1922  466668  2792056  29.63
  1972        55-59     0.00785  0.03854  2.74   92317    3558  453545  2325388  25.19
  1972        60-64     0.01043  0.05090  2.67   88759    4518  433248  1871843  21.09
  1972        65-69     0.01741  0.08379  2.78   84241    7059  405568  1438595  17.08
  1972        70-74     0.02953  0.13723  2.43   77182   10592  358705  1033027  13.38
  1972        75-79     0.05319  0.23546  2.57   66591   15679  294807   674322  10.13
  1972        80-84     0.09109  0.37183  2.53   50911   18930  207830   379516   7.45
  1972        85-89     0.14884  0.53629  2.40   31981   17151  115232   171686   5.37
  1972        90-94     0.23533  0.70890  2.20   14830   10513   44673    56454   3.81
  1972        95-99     0.34999  0.84517  1.94    4317    3649   10425    11781   2.73
  1972       100-104    0.48471  0.92700  1.67     668     620    1278     1356   2.03
  1972       105-109    0.62266  0.96624  1.43      49      47      76       78   1.60
  1972       110+       0.72865  1.00000  1.37       2       2       2        2   1.37
  1973           0      0.01016  0.01007  0.13  100000    1007   99122  7703457  77.03
  1973         1-4      0.00065  0.00259  1.59   98993     257  395351  7604336  76.82
  1973         5-9      0.00022  0.00111  2.65   98736     109  493423  7208985  73.01
  1973        10-14     0.00020  0.00101  2.72   98626     100  492905  6715562  68.09
  1973        15-19     0.00048  0.00242  2.40   98527     238  492014  6222657  63.16
  1973        20-24     0.00035  0.00174  1.87   98288     171  490907  5730643  58.30
  1973        25-29     0.00048  0.00240  2.43   98117     235  489982  5239736  53.40
  1973        30-34     0.00046  0.00231  3.06   97882     226  488972  4749754  48.53
  1973        35-39     0.00080  0.00401  3.09   97656     392  487529  4260783  43.63
  1973        40-44     0.00191  0.00952  2.53   97264     926  484029  3773253  38.79
  1973        45-49     0.00311  0.01546  2.96   96338    1489  478656  3289224  34.14
  1973        50-54     0.00427  0.02112  2.66   94849    2003  469555  2810569  29.63
  1973        55-59     0.00645  0.03178  2.67   92845    2950  457349  2341013  25.21
  1973        60-64     0.01113  0.05424  2.66   89895    4876  438048  1883665  20.95
  1973        65-69     0.01769  0.08496  2.67   85019    7223  408245  1445617  17.00
  1973        70-74     0.03116  0.14534  2.69   77796   11307  362902  1037372  13.33
  1973        75-79     0.05360  0.23760  2.61   66489   15798  294733   674470  10.14
  1973        80-84     0.08929  0.36528  2.51   50692   18517  207374   379737   7.49
  1973        85-89     0.15016  0.53853  2.37   32175   17327  115389   172363   5.36
  1973        90-94     0.23341  0.70548  2.20   14848   10475   44878    56974   3.84
  1973        95-99     0.34491  0.84039  1.95    4373    3675   10655    12096   2.77
  1973       100-104    0.47617  0.92318  1.68     698     644    1353     1440   2.06
  1973       105-109    0.61166  0.96397  1.45      54      52      85       87   1.63
  1973       110+       0.71675  1.00000  1.40       2       2       3        3   1.40
  1974           0      0.01266  0.01252  0.12  100000    1252   98902  7695733  76.96
  1974         1-4      0.00054  0.00218  1.46   98748     215  394448  7596831  76.93
  1974         5-9      0.00017  0.00082  1.96   98533      81  492420  7202383  73.10
  1974        10-14     0.00010  0.00051  2.82   98452      50  492152  6709963  68.15
  1974        15-19     0.00031  0.00156  2.06   98402     153  491561  6217811  63.19
  1974        20-24     0.00060  0.00298  2.59   98249     292  490541  5726251  58.28
  1974        25-29     0.00044  0.00219  2.66   97957     214  489281  5235710  53.45
  1974        30-34     0.00094  0.00471  2.68   97742     461  487646  4746429  48.56
  1974        35-39     0.00080  0.00398  2.59   97282     387  485478  4258783  43.78
  1974        40-44     0.00149  0.00743  2.75   96895     720  482855  3773305  38.94
  1974        45-49     0.00260  0.01290  2.82   96176    1241  478176  3290450  34.21
  1974        50-54     0.00471  0.02330  2.65   94935    2212  469465  2812274  29.62
  1974        55-59     0.00626  0.03083  2.59   92722    2859  456709  2342810  25.27
  1974        60-64     0.01088  0.05306  2.65   89863    4769  438121  1886101  20.99
  1974        65-69     0.01640  0.07900  2.69   85095    6723  409968  1447980  17.02
  1974        70-74     0.03104  0.14472  2.67   78372   11342  365420  1038012  13.24
  1974        75-79     0.05486  0.24338  2.68   67030   16313  297366   672592  10.03
  1974        80-84     0.08581  0.35615  2.61   50716   18063  210490   375226   7.40
  1974        85-89     0.16044  0.56336  2.36   32654   18396  114657   164737   5.04
  1974        90-94     0.25790  0.74485  2.16   14258   10620   41179    50080   3.51
  1974        95-99     0.39459  0.88114  1.86    3638    3206    8124     8901   2.45
  1974       100-104    0.55027  0.95050  1.56     432     411     747      777   1.80
  1974       105-109    0.69855  0.97836  1.32      21      21      30       31   1.43
  1974       110+       0.80342  1.00000  1.24       0       0       1        1   1.24
  1975           0      0.00962  0.00954  0.13  100000     954   99169  7720068  77.20
  1975         1-4      0.00061  0.00246  1.44   99046     243  395561  7620899  76.94
  1975         5-9      0.00027  0.00136  2.06   98803     134  493620  7225338  73.13
  1975        10-14     0.00024  0.00122  2.19   98669     121  493004  6731718  68.23
  1975        15-19     0.00053  0.00265  2.62   98548     261  492118  6238714  63.31
  1975        20-24     0.00032  0.00159  1.85   98287     156  490942  5746596  58.47
  1975        25-29     0.00037  0.00183  2.71   98130     180  490240  5255653  53.56
  1975        30-34     0.00058  0.00287  2.29   97951     282  488990  4765414  48.65
  1975        35-39     0.00090  0.00447  2.83   97669     437  487397  4276423  43.78
  1975        40-44     0.00193  0.00963  2.70   97232     936  484008  3789026  38.97
  1975        45-49     0.00301  0.01497  2.95   96296    1441  478525  3305018  34.32
  1975        50-54     0.00460  0.02277  2.59   94855    2160  469079  2826493  29.80
  1975        55-59     0.00717  0.03528  2.65   92695    3270  455776  2357414  25.43
  1975        60-64     0.01093  0.05332  2.68   89425    4768  436074  1901638  21.27
  1975        65-69     0.01670  0.08050  2.78   84657    6815  408159  1465564  17.31
  1975        70-74     0.02860  0.13397  2.64   77842   10428  364567  1057404  13.58
  1975        75-79     0.05119  0.22701  2.51   67414   15304  298931   692837  10.28
  1975        80-84     0.08833  0.36281  2.54   52110   18906  214042   393906   7.56
  1975        85-89     0.14706  0.53185  2.40   33204   17659  120081   179864   5.42
  1975        90-94     0.23241  0.70416  2.20   15545   10946   47097    59783   3.85
  1975        95-99     0.34578  0.84144  1.95    4599    3870   11191    12686   2.76
  1975       100-104    0.47948  0.92478  1.68     729     674    1406     1495   2.05
  1975       105-109    0.61710  0.96515  1.44      55      53      86       88   1.61
  1975       110+       0.72333  1.00000  1.38       2       2       3        3   1.38
  1976           0      0.01185  0.01173  0.12  100000    1173   98973  7731122  77.31
  1976         1-4      0.00048  0.00191  1.72   98827     189  394877  7632148  77.23
  1976         5-9      0.00027  0.00135  2.32   98638     133  492833  7237272  73.37
  1976        10-14     0.00022  0.00112  3.55   98505     111  492363  6744439  68.47
  1976        15-19     0.00052  0.00261  2.72   98394     256  491386  6252077  63.54
  1976        20-24     0.00045  0.00223  2.60   98138     219  490163  5760691  58.70
  1976        25-29     0.00034  0.00171  2.47   97918     167  489169  5270528  53.83
  1976        30-34     0.00064  0.00318  2.93   97751     311  488112  4781359  48.91
  1976        35-39     0.00091  0.00456  2.77   97441     444  486212  4293247  44.06
  1976        40-44     0.00187  0.00933  2.95   96996     905  483123  3807035  39.25
  1976        45-49     0.00217  0.01081  2.91   96091    1038  478284  3323912  34.59
  1976        50-54     0.00411  0.02038  2.80   95053    1937  471002  2845628  29.94
  1976        55-59     0.00667  0.03281  2.58   93116    3055  458193  2374625  25.50
  1976        60-64     0.01048  0.05118  2.69   90061    4609  439654  1916432  21.28
  1976        65-69     0.01692  0.08143  2.71   85451    6959  411340  1476778  17.28
  1976        70-74     0.02780  0.13048  2.65   78493   10242  368389  1065438  13.57
  1976        75-79     0.05335  0.23578  2.54   68251   16092  301629   697048  10.21
  1976        80-84     0.08487  0.35113  2.54   52159   18315  215811   395419   7.58
  1976        85-89     0.15161  0.54061  2.35   33844   18297  120679   179609   5.31
  1976        90-94     0.23609  0.71056  2.20   15548   11048   46793    58930   3.79
  1976        95-99     0.35443  0.84940  1.93    4500    3822   10784    12136   2.70
  1976       100-104    0.49342  0.93077  1.65     678     631    1278     1352   1.99
  1976       105-109    0.63455  0.96856  1.41      47      45      72       74   1.57
  1976       110+       0.74176  1.00000  1.35       1       1       2        2   1.35
  1977           0      0.01122  0.01111  0.13  100000    1111   99029  7771041  77.71
  1977         1-4      0.00028  0.00113  2.19   98889     112  395352  7672012  77.58
  1977         5-9      0.00045  0.00224  2.25   98777     221  493275  7276661  73.67
  1977        10-14     0.00022  0.00107  2.63   98556     106  492528  6783385  68.83
  1977        15-19     0.00060  0.00302  2.67   98450     297  491558  6290857  63.90
  1977        20-24     0.00058  0.00291  2.07   98153     285  489929  5799299  59.08
  1977        25-29     0.00025  0.00124  2.43   97868     121  489027  5309370  54.25
  1977        30-34     0.00061  0.00306  3.42   97746     299  488261  4820343  49.31
  1977        35-39     0.00084  0.00417  2.11   97448     406  486063  4332082  44.46
  1977        40-44     0.00158  0.00789  2.51   97042     765  483300  3846019  39.63
  1977        45-49     0.00285  0.01414  2.80   96276    1362  478382  3362719  34.93
  1977        50-54     0.00434  0.02147  2.68   94915    2038  469853  2884337  30.39
  1977        55-59     0.00534  0.02636  2.55   92877    2448  458374  2414484  26.00
  1977        60-64     0.00975  0.04767  2.68   90429    4310  442143  1956110  21.63
  1977        65-69     0.01567  0.07557  2.67   86118    6508  415439  1513967  17.58
  1977        70-74     0.02921  0.13698  2.73   79610   10905  373314  1098529  13.80
  1977        75-79     0.04948  0.22170  2.66   68705   15232  307826   725214  10.56
  1977        80-84     0.08390  0.34784  2.54   53473   18600  221699   417389   7.81
  1977        85-89     0.13972  0.51329  2.42   34873   17900  128117   195690   5.61
  1977        90-94     0.22239  0.68766  2.23   16973   11672   52483    67573   3.98
  1977        95-99     0.33354  0.83036  1.98    5301    4402   13198    15090   2.85
  1977       100-104    0.46635  0.91909  1.70     899     827    1772     1892   2.10
  1977       105-109    0.60493  0.96272  1.46      73      70     116      120   1.64
  1977       110+       0.71291  1.00000  1.40       3       3       4        4   1.40
  1978           0      0.00942  0.00934  0.13  100000     934   99187  7869684  78.70
  1978         1-4      0.00032  0.00127  2.20   99066     125  396037  7770497  78.44
  1978         5-9      0.00011  0.00055  2.15   98940      54  494547  7374460  74.53
  1978        10-14     0.00027  0.00137  3.08   98886     135  494172  6879913  69.57
  1978        15-19     0.00043  0.00215  3.31   98751     212  493396  6385740  64.66
  1978        20-24     0.00040  0.00198  2.28   98539     195  492164  5892344  59.80
  1978        25-29     0.00051  0.00255  2.58   98344     251  491115  5400180  54.91
  1978        30-34     0.00038  0.00187  2.90   98093     184  490081  4909065  50.04
  1978        35-39     0.00086  0.00429  3.05   97910     420  488727  4418984  45.13
  1978        40-44     0.00135  0.00672  2.36   97490     655  485720  3930257  40.31
  1978        45-49     0.00201  0.01003  2.73   96834     971  481964  3444537  35.57
  1978        50-54     0.00416  0.02060  2.60   95863    1974  474584  2962573  30.90
  1978        55-59     0.00563  0.02778  2.71   93889    2608  463462  2487989  26.50
  1978        60-64     0.00893  0.04374  2.72   91281    3992  447282  2024527  22.18
  1978        65-69     0.01404  0.06798  2.66   87288    5934  422536  1577245  18.07
  1978        70-74     0.02701  0.12668  2.56   81355   10306  381599  1154709  14.19
  1978        75-79     0.04469  0.20210  2.64   71049   14359  321325   773110  10.88
  1978        80-84     0.07781  0.32666  2.54   56690   18518  237981   451785   7.97
  1978        85-89     0.13857  0.51093  2.43   38171   19503  140740   213804   5.60
  1978        90-94     0.22619  0.69494  2.23   18669   12974   57358    73064   3.91
  1978        95-99     0.34524  0.84195  1.96    5695    4795   13889    15706   2.76
  1978       100-104    0.48701  0.92854  1.67     900     836    1716     1817   2.02
  1978       105-109    0.63206  0.96827  1.42      64      62      99      101   1.57
  1978       110+       0.74230  1.00000  1.35       2       2       3        3   1.35
  1979           0      0.00892  0.00886  0.13  100000     886   99230  7859829  78.60
  1979         1-4      0.00055  0.00218  1.73   99114     216  395966  7760599  78.30
  1979         5-9      0.00020  0.00102  2.77   98898     101  494265  7364632  74.47
  1979        10-14     0.00024  0.00118  2.36   98797     117  493678  6870367  69.54
  1979        15-19     0.00044  0.00218  2.90   98680     215  492950  6376689  64.62
  1979        20-24     0.00043  0.00215  2.65   98465     211  491829  5883739  59.75
  1979        25-29     0.00062  0.00310  2.44   98254     305  490490  5391910  54.88
  1979        30-34     0.00072  0.00359  3.34   97949     352  489161  4901419  50.04
  1979        35-39     0.00079  0.00397  2.69   97597     387  487093  4412258  45.21
  1979        40-44     0.00126  0.00631  3.15   97210     613  484916  3925165  40.38
  1979        45-49     0.00218  0.01086  2.72   96597    1049  480590  3440249  35.61
  1979        50-54     0.00417  0.02068  2.76   95548    1976  473305  2959659  30.98
  1979        55-59     0.00525  0.02592  2.73   93572    2426  462345  2486354  26.57
  1979        60-64     0.00975  0.04770  2.79   91146    4348  446102  2024009  22.21
  1979        65-69     0.01460  0.07057  2.62   86798    6125  419441  1577907  18.18
  1979        70-74     0.02710  0.12748  2.68   80673   10284  379535  1158466  14.36
  1979        75-79     0.04585  0.20725  2.69   70389   14588  318209   778931  11.07
  1979        80-84     0.07703  0.32389  2.54   55801   18073  234614   460722   8.26
  1979        85-89     0.12741  0.48043  2.44   37728   18126  142257   226109   5.99
  1979        90-94     0.20312  0.65305  2.27   19602   12801   63022    83851   4.28
  1979        95-99     0.30660  0.80279  2.03    6801    5460   17808    20829   3.06
  1979       100-104    0.43328  0.90243  1.77    1341    1210    2794     3022   2.25
  1979       105-109    0.56984  0.95451  1.52     131     125     219      228   1.74
  1979       110+       0.67906  1.00000  1.47       6       6       9        9   1.47
  1980           0      0.00867  0.00860  0.13  100000     860   99253  7914598  79.15
  1980         1-4      0.00045  0.00178  1.30   99140     177  396081  7815346  78.83
  1980         5-9      0.00019  0.00095  2.68   98963      94  494596  7419264  74.97
  1980        10-14     0.00025  0.00127  2.81   98868     125  494067  6924669  70.04
  1980        15-19     0.00057  0.00284  2.39   98743     281  492984  6430601  65.12
  1980        20-24     0.00062  0.00307  2.47   98462     302  491546  5937617  60.30
  1980        25-29     0.00036  0.00179  2.76   98160     175  490407  5446071  55.48
  1980        30-34     0.00036  0.00182  2.29   97985     178  489440  4955664  50.58
  1980        35-39     0.00085  0.00426  2.52   97807     416  487998  4466224  45.66
  1980        40-44     0.00132  0.00659  3.06   97390     642  485707  3978225  40.85
  1980        45-49     0.00216  0.01077  2.70   96749    1042  481343  3492519  36.10
  1980        50-54     0.00389  0.01930  2.77   95707    1847  474417  3011176  31.46
  1980        55-59     0.00523  0.02580  2.59   93859    2422  463454  2536758  27.03
  1980        60-64     0.00884  0.04329  2.63   91437    3958  447812  2073304  22.67
  1980        65-69     0.01454  0.07029  2.63   87479    6149  422816  1625492  18.58
  1980        70-74     0.02464  0.11639  2.63   81330    9466  384232  1202676  14.79
  1980        75-79     0.03991  0.18251  2.66   71864   13116  328663   818444  11.39
  1980        80-84     0.07158  0.30549  2.60   58748   17947  250709   489781   8.34
  1980        85-89     0.12929  0.48637  2.45   40801   19844  153491   239072   5.86
  1980        90-94     0.21388  0.67399  2.26   20956   14124   66039    85580   4.08
  1980        95-99     0.33091  0.82903  1.99    6832    5664   17116    19541   2.86
  1980       100-104    0.47274  0.92274  1.70    1168    1078    2280     2425   2.08
  1980       105-109    0.62019  0.96617  1.44      90      87     141      145   1.60
  1980       110+       0.73336  1.00000  1.36       3       3       4        4   1.36
  1981           0      0.00620  0.00617  0.14  100000     617   99467  7959497  79.59
  1981         1-4      0.00030  0.00121  0.87   99383     120  397155  7860030  79.09
  1981         5-9      0.00022  0.00110  2.59   99262     109  496049  7462875  75.18
  1981        10-14     0.00014  0.00072  2.79   99153      71  495609  6966826  70.26
  1981        15-19     0.00053  0.00262  2.56   99082     260  494776  6471216  65.31
  1981        20-24     0.00033  0.00164  2.28   98822     162  493669  5976440  60.48
  1981        25-29     0.00030  0.00149  3.07   98660     147  493015  5482771  55.57
  1981        30-34     0.00034  0.00171  3.05   98513     168  492235  4989756  50.65
  1981        35-39     0.00070  0.00351  2.79   98344     345  490959  4497521  45.73
  1981        40-44     0.00115  0.00575  2.99   97999     563  488861  4006562  40.88
  1981        45-49     0.00237  0.01179  2.78   97436    1149  484632  3517700  36.10
  1981        50-54     0.00314  0.01558  2.48   96287    1500  477651  3033068  31.50
  1981        55-59     0.00554  0.02734  2.65   94787    2592  467831  2555417  26.96
  1981        60-64     0.00800  0.03929  2.67   92195    3622  452552  2087586  22.64
  1981        65-69     0.01472  0.07123  2.73   88573    6309  428519  1635034  18.46
  1981        70-74     0.02496  0.11775  2.61   82263    9687  388171  1206515  14.67
  1981        75-79     0.04222  0.19197  2.64   72577   13933  329973   818344  11.28
  1981        80-84     0.07495  0.31670  2.55   58644   18572  247793   488371   8.33
  1981        85-89     0.12619  0.47736  2.45   40071   19128  151586   240578   6.00
  1981        90-94     0.20421  0.65554  2.27   20943   13729   67231    88992   4.25
  1981        95-99     0.31168  0.80878  2.03    7214    5834   18719    21761   3.02
  1981       100-104    0.44335  0.90816  1.75    1379    1253    2826     3041   2.20
  1981       105-109    0.58414  0.95823  1.49     127     121     208      215   1.70
  1981       110+       0.69558  1.00000  1.44       5       5       8        8   1.44
  1982           0      0.00897  0.00890  0.13  100000     890   99226  7900464  79.00
  1982         1-4      0.00043  0.00173  1.70   99110     172  396044  7801238  78.71
  1982         5-9      0.00016  0.00082  2.54   98938      81  494489  7405195  74.85
  1982        10-14     0.00021  0.00106  1.82   98857     105  493949  6910705  69.91
  1982        15-19     0.00038  0.00187  2.56   98752     185  493307  6416756  64.98
  1982        20-24     0.00034  0.00170  1.82   98567     168  492299  5923449  60.10
  1982        25-29     0.00040  0.00202  1.92   98399     199  491382  5431150  55.20
  1982        30-34     0.00044  0.00217  2.39   98200     213  490442  4939769  50.30
  1982        35-39     0.00080  0.00402  2.89   97986     394  489101  4449327  45.41
  1982        40-44     0.00174  0.00866  2.53   97593     846  485876  3960226  40.58
  1982        45-49     0.00182  0.00905  2.67   96747     875  481698  3474350  35.91
  1982        50-54     0.00335  0.01661  2.52   95872    1592  475419  2992652  31.22
  1982        55-59     0.00519  0.02566  2.71   94280    2419  465865  2517233  26.70
  1982        60-64     0.00833  0.04086  2.68   91861    3753  450588  2051368  22.33
  1982        65-69     0.01424  0.06887  2.63   88108    6068  426143  1600780  18.17
  1982        70-74     0.02407  0.11392  2.66   82039    9346  388358  1174637  14.32
  1982        75-79     0.04403  0.19928  2.62   72693   14486  329008   786279  10.82
  1982        80-84     0.08114  0.33926  2.59   58207   19747  243366   457272   7.86
  1982        85-89     0.13925  0.51299  2.43   38460   19730  141683   213905   5.56
  1982        90-94     0.22999  0.70167  2.22   18730   13143   57144    72223   3.86
  1982        95-99     0.35365  0.84966  1.94    5588    4748   13425    15078   2.70
  1982       100-104    0.50020  0.93394  1.65     840     785    1569     1654   1.97
  1982       105-109    0.64809  0.97113  1.39      55      54      83       85   1.54
  1982       110+       0.75864  1.00000  1.32       2       2       2        2   1.32
  1983           0      0.00769  0.00764  0.13  100000     764   99338  7966168  79.66
  1983         1-4      0.00048  0.00192  1.90   99236     191  396545  7866830  79.27
  1983         5-9      0.00023  0.00117  1.92   99046     116  494871  7470286  75.42
  1983        10-14     0.00021  0.00106  2.74   98930     105  494409  6975415  70.51
  1983        15-19     0.00043  0.00216  2.45   98824     213  493577  6481005  65.58
  1983        20-24     0.00041  0.00205  2.79   98611     202  492608  5987428  60.72
  1983        25-29     0.00053  0.00264  2.63   98408     260  491426  5494821  55.84
  1983        30-34     0.00056  0.00280  2.54   98148     275  490067  5003395  50.98
  1983        35-39     0.00100  0.00499  2.98   97874     489  488379  4513328  46.11
  1983        40-44     0.00104  0.00518  2.77   97385     504  485799  4024949  41.33
  1983        45-49     0.00209  0.01039  2.84   96881    1007  482230  3539150  36.53
  1983        50-54     0.00370  0.01835  2.77   95874    1760  475440  3056920  31.88
  1983        55-59     0.00525  0.02593  2.72   94114    2441  465002  2581480  27.43
  1983        60-64     0.00813  0.03994  2.81   91674    3662  450341  2116478  23.09
  1983        65-69     0.01356  0.06580  2.75   88012    5791  427030  1666137  18.93
  1983        70-74     0.02244  0.10675  2.72   82221    8777  391063  1239107  15.07
  1983        75-79     0.04061  0.18485  2.58   73443   13576  334338   848044  11.55
  1983        80-84     0.07280  0.30763  2.48   59867   18417  252968   513706   8.58
  1983        85-89     0.11860  0.45577  2.46   41450   18892  159287   260738   6.29
  1983        90-94     0.19025  0.62812  2.30   22559   14169   74479   101451   4.50
  1983        95-99     0.28955  0.78335  2.07    8389    6572   22696    26972   3.22
  1983       100-104    0.41324  0.89086  1.81    1817    1619    3918     4276   2.35
  1983       105-109    0.54926  0.94895  1.55     198     188     343      358   1.81
  1983       110+       0.65958  1.00000  1.52      10      10      15       15   1.52
  1984           0      0.00604  0.00601  0.14  100000     601   99481  8001462  80.01
  1984         1-4      0.00023  0.00094  0.84   99399      93  397303  7901981  79.50
  1984         5-9      0.00030  0.00150  2.46   99306     149  496152  7504678  75.57
  1984        10-14     0.00005  0.00027  2.82   99157      27  495727  7008526  70.68
  1984        15-19     0.00036  0.00180  2.71   99130     179  495242  6512798  65.70
  1984        20-24     0.00047  0.00232  2.70   98952     230  494230  6017556  60.81
  1984        25-29     0.00025  0.00126  2.96   98722     124  493355  5523326  55.95
  1984        30-34     0.00052  0.00260  3.15   98597     257  492511  5029971  51.02
  1984        35-39     0.00061  0.00305  2.95   98341     300  491089  4537460  46.14
  1984        40-44     0.00104  0.00519  2.47   98041     509  488919  4046370  41.27
  1984        45-49     0.00213  0.01058  2.46   97532    1032  485042  3557452  36.47
  1984        50-54     0.00359  0.01778  2.56   96500    1716  478317  3072409  31.84
  1984        55-59     0.00501  0.02478  2.76   94784    2348  468658  2594092  27.37
  1984        60-64     0.00828  0.04061  2.64   92436    3754  453322  2125434  22.99
  1984        65-69     0.01473  0.07116  2.63   88682    6311  428427  1672112  18.86
  1984        70-74     0.02236  0.10595  2.53   82371    8727  390322  1243685  15.10
  1984        75-79     0.03847  0.17656  2.68   73644   13002  338018   853363  11.59
  1984        80-84     0.07090  0.30359  2.63   60642   18410  259666   515345   8.50
  1984        85-89     0.12347  0.47019  2.47   42232   19857  160822   255680   6.05
  1984        90-94     0.20395  0.65568  2.28   22375   14671   71933    94858   4.24
  1984        95-99     0.31616  0.81415  2.02    7704    6272   19839    22925   2.98
  1984       100-104    0.45399  0.91398  1.73    1432    1309    2882     3086   2.16
  1984       105-109    0.60012  0.96206  1.47     123     118     197      204   1.66
  1984       110+       0.71425  1.00000  1.40       5       5       7        7   1.40
  1985           0      0.00987  0.00978  0.13  100000     978   99148  7913874  79.14
  1985         1-4      0.00039  0.00155  1.45   99022     153  395695  7814726  78.92
  1985         5-9      0.00024  0.00119  3.03   98868     117  494110  7419032  75.04
  1985        10-14     0.00013  0.00067  2.43   98751      66  493583  6924922  70.13
  1985        15-19     0.00043  0.00217  2.94   98684     214  492981  6431339  65.17
  1985        20-24     0.00068  0.00340  2.58   98470     335  491539  5938357  60.31
  1985        25-29     0.00056  0.00282  2.77   98135     276  490062  5446818  55.50
  1985        30-34     0.00061  0.00306  2.83   97859     299  488647  4956757  50.65
  1985        35-39     0.00055  0.00275  2.88   97560     268  487232  4468109  45.80
  1985        40-44     0.00112  0.00560  2.97   97292     545  485352  3980877  40.92
  1985        45-49     0.00278  0.01383  2.85   96747    1338  480856  3495525  36.13
  1985        50-54     0.00400  0.01982  2.52   95408    1891  472358  3014669  31.60
  1985        55-59     0.00477  0.02357  2.61   93517    2204  462328  2542311  27.19
  1985        60-64     0.00775  0.03814  2.89   91313    3483  449203  2079983  22.78
  1985        65-69     0.01229  0.05968  2.62   87830    5242  426652  1630780  18.57
  1985        70-74     0.02559  0.12091  2.73   82588    9986  390233  1204128  14.58
  1985        75-79     0.04214  0.19172  2.65   72602   13920  330303   813895  11.21
  1985        80-84     0.07666  0.32266  2.55   58683   18935  247005   483592   8.24
  1985        85-89     0.12752  0.48175  2.46   39748   19149  150165   236587   5.95
  1985        90-94     0.20767  0.66191  2.26   20600   13635   65658    86422   4.20
  1985        95-99     0.31599  0.81325  2.02    6965    5664   17925    20764   2.98
  1985       100-104    0.44805  0.91053  1.74    1301    1184    2643     2840   2.18
  1985       105-109    0.58858  0.95924  1.49     116     112     190      196   1.69
  1985       110+       0.69942  1.00000  1.43       5       5       7        7   1.43
  1986           0      0.00584  0.00581  0.14  100000     581   99498  7983367  79.83
  1986         1-4      0.00044  0.00175  1.62   99419     174  397260  7883869  79.30
  1986         5-9      0.00030  0.00152  2.94   99245     150  495913  7486609  75.44
  1986        10-14     0.00034  0.00171  2.12   99094     169  494983  6990696  70.55
  1986        15-19     0.00057  0.00285  2.65   98925     281  493963  6495712  65.66
  1986        20-24     0.00040  0.00197  2.13   98644     195  492659  6001749  60.84
  1986        25-29     0.00057  0.00287  2.70   98449     282  491596  5509090  55.96
  1986        30-34     0.00053  0.00267  2.51   98167     262  490183  5017493  51.11
  1986        35-39     0.00074  0.00372  2.54   97905     364  488631  4527311  46.24
  1986        40-44     0.00122  0.00608  2.60   97541     593  486281  4038680  41.40
  1986        45-49     0.00169  0.00843  2.64   96948     817  482812  3552398  36.64
  1986        50-54     0.00314  0.01557  2.63   96131    1497  477102  3069587  31.93
  1986        55-59     0.00555  0.02739  2.61   94634    2592  466968  2592485  27.39
  1986        60-64     0.00846  0.04148  2.61   92042    3818  451098  2125517  23.09
  1986        65-69     0.01335  0.06478  2.74   88224    5715  428184  1674419  18.98
  1986        70-74     0.02434  0.11510  2.64   82508    9496  390136  1246234  15.10
  1986        75-79     0.04022  0.18358  2.63   73012   13403  333291   856099  11.73
  1986        80-84     0.06590  0.28425  2.58   59609   16943  257091   522808   8.77
  1986        85-89     0.11832  0.45493  2.46   42665   19409  164046   265717   6.23
  1986        90-94     0.19557  0.63987  2.30   23256   14880   76089   101671   4.37
  1986        95-99     0.30645  0.80407  2.04    8375    6734   21975    25582   3.05
  1986       100-104    0.44440  0.90939  1.75    1641    1492    3358     3607   2.20
  1986       105-109    0.59228  0.96045  1.48     149     143     241      249   1.68
  1986       110+       0.70852  1.00000  1.41       6       6       8        8   1.41
  1987           0      0.00677  0.00673  0.14  100000     673   99418  8017482  80.17
  1987         1-4      0.00046  0.00186  1.38   99327     184  396825  7918064  79.72
  1987         5-9      0.00013  0.00063  1.50   99143      62  495496  7521239  75.86
  1987        10-14     0.00016  0.00081  2.94   99081      80  495238  7025742  70.91
  1987        15-19     0.00042  0.00212  2.66   99001     210  494512  6530504  65.96
  1987        20-24     0.00044  0.00219  2.23   98790     216  493354  6035992  61.10
  1987        25-29     0.00036  0.00180  2.22   98574     178  492378  5542639  56.23
  1987        30-34     0.00059  0.00292  3.04   98397     288  491419  5050261  51.33
  1987        35-39     0.00079  0.00393  2.88   98109     386  489726  4558842  46.47
  1987        40-44     0.00117  0.00585  2.23   97723     572  487032  4069116  41.64
  1987        45-49     0.00205  0.01018  2.68   97152     989  483460  3582084  36.87
  1987        50-54     0.00332  0.01646  2.42   96163    1583  476733  3098624  32.22
  1987        55-59     0.00471  0.02330  2.89   94580    2204  468254  2621891  27.72
  1987        60-64     0.00727  0.03576  2.67   92376    3303  454190  2153637  23.31
  1987        65-69     0.01462  0.07069  2.66   89073    6296  430650  1699447  19.08
  1987        70-74     0.02210  0.10503  2.65   82776    8694  393475  1268797  15.33
  1987        75-79     0.03880  0.17797  2.68   74082   13185  339813   875322  11.82
  1987        80-84     0.06697  0.28806  2.57   60898   17542  261940   535509   8.79
  1987        85-89     0.11659  0.44994  2.46   43355   19507  167318   273569   6.31
  1987        90-94     0.19125  0.63098  2.30   23848   15048   78682   106250   4.46
  1987        95-99     0.29775  0.79394  2.06    8800    6987   23466    27569   3.13
  1987       100-104    0.43087  0.90190  1.78    1813    1635    3796     4103   2.26
  1987       105-109    0.57538  0.95634  1.51     178     170     296      307   1.73
  1987       110+       0.69052  1.00000  1.45       8       8      11       11   1.45
  1988           0      0.00601  0.00598  0.14  100000     598   99484  8040147  80.40
  1988         1-4      0.00044  0.00175  1.95   99402     174  397253  7940663  79.88
  1988         5-9      0.00021  0.00104  2.23   99229     103  495857  7543410  76.02
  1988        10-14     0.00019  0.00095  1.90   99126      94  495337  7047554  71.10
  1988        15-19     0.00037  0.00184  3.34   99032     182  494856  6552217  66.16
  1988        20-24     0.00042  0.00210  2.62   98849     207  493754  6057360  61.28
  1988        25-29     0.00032  0.00161  2.86   98642     159  492870  5563606  56.40
  1988        30-34     0.00037  0.00187  2.28   98483     184  491914  5070736  51.49
  1988        35-39     0.00080  0.00397  2.75   98299     391  490614  4578822  46.58
  1988        40-44     0.00095  0.00476  2.65   97908     466  488445  4088208  41.76
  1988        45-49     0.00179  0.00889  2.44   97442     867  484995  3599764  36.94
  1988        50-54     0.00243  0.01206  2.67   96575    1165  480158  3114769  32.25
  1988        55-59     0.00547  0.02703  2.70   95411    2579  471110  2634611  27.61
  1988        60-64     0.00871  0.04269  2.74   92832    3963  455199  2163501  23.31
  1988        65-69     0.01257  0.06105  2.65   88869    5426  431608  1708302  19.22
  1988        70-74     0.02253  0.10696  2.64   83443    8925  396180  1276694  15.30
  1988        75-79     0.03705  0.17111  2.77   74518   12751  344192   880514  11.82
  1988        80-84     0.06923  0.29736  2.63   61768   18367  265296   536323   8.68
  1988        85-89     0.11902  0.45724  2.47   43400   19844  166724   271027   6.24
  1988        90-94     0.19350  0.63501  2.29   23556   14958   77303   104303   4.43
  1988        95-99     0.29730  0.79291  2.06    8598    6817   22931    27000   3.14
  1988       100-104    0.42633  0.89896  1.78    1780    1601    3754     4069   2.29
  1988       105-109    0.56673  0.95394  1.52     180     172     303      315   1.75
  1988       110+       0.67929  1.00000  1.47       8       8      12       12   1.47
  1989           0      0.00688  0.00684  0.13  100000     684   99409  7981778  79.82
  1989         1-4      0.00050  0.00199  1.53   99316     197  396779  7882369  79.37
  1989         5-9      0.00016  0.00081  2.26   99119      80  495375  7485590  75.52
  1989        10-14     0.00017  0.00084  2.59   99039      83  494993  6990215  70.58
  1989        15-19     0.00036  0.00179  2.88   98955     177  494400  6495222  65.64
  1989        20-24     0.00053  0.00265  2.55   98778     262  493249  6000822  60.75
  1989        25-29     0.00054  0.00272  2.88   98516     268  492012  5507573  55.91
  1989        30-34     0.00060  0.00298  2.52   98248     292  490517  5015561  51.05
  1989        35-39     0.00088  0.00438  2.79   97956     429  488833  4525044  46.19
  1989        40-44     0.00100  0.00499  2.89   97527     487  486609  4036211  41.39
  1989        45-49     0.00196  0.00976  2.66   97040     947  482989  3549602  36.58
  1989        50-54     0.00324  0.01606  2.39   96093    1543  476444  3066613  31.91
  1989        55-59     0.00525  0.02593  2.70   94551    2452  467104  2590169  27.39
  1989        60-64     0.00892  0.04369  2.70   92099    4024  451244  2123065  23.05
  1989        65-69     0.01338  0.06488  2.66   88075    5715  427026  1671820  18.98
  1989        70-74     0.02307  0.10962  2.74   82361    9028  391425  1244795  15.11
  1989        75-79     0.03933  0.17985  2.63   73332   13189  335354   853369  11.64
  1989        80-84     0.06729  0.29045  2.65   60143   17469  259602   518016   8.61
  1989        85-89     0.12178  0.46578  2.48   42674   19877  163225   258414   6.06
  1989        90-94     0.20677  0.66189  2.28   22798   15090   72979    95189   4.18
  1989        95-99     0.32755  0.82664  2.00    7708    6372   19453    22210   2.88
  1989       100-104    0.47568  0.92458  1.69    1336    1236    2597     2757   2.06
  1989       105-109    0.62950  0.96816  1.42     101      98     155      159   1.58
  1989       110+       0.74627  1.00000  1.34       3       3       4        4   1.34
  1990           0      0.00795  0.00789  0.13  100000     789   99315  8033175  80.33
  1990         1-4      0.00037  0.00146  1.78   99211     145  396521  7933859  79.97
  1990         5-9      0.00022  0.00111  2.51   99066     110  495056  7537339  76.08
  1990        10-14     0.00027  0.00136  3.48   98956     135  494576  7042283  71.17
  1990        15-19     0.00030  0.00148  2.80   98821     146  493785  6547707  66.26
  1990        20-24     0.00047  0.00234  2.43   98675     231  492783  6053922  61.35
  1990        25-29     0.00047  0.00232  2.92   98444     229  491745  5561138  56.49
  1990        30-34     0.00060  0.00299  2.47   98216     294  490335  5069393  51.61
  1990        35-39     0.00078  0.00390  2.63   97922     382  488703  4579058  46.76
  1990        40-44     0.00093  0.00462  2.63   97540     450  486632  4090355  41.94
  1990        45-49     0.00157  0.00784  2.66   97089     762  483662  3603723  37.12
  1990        50-54     0.00263  0.01305  2.56   96328    1257  478565  3120061  32.39
  1990        55-59     0.00483  0.02384  2.51   95071    2267  469714  2641495  27.78
  1990        60-64     0.00831  0.04073  2.59   92804    3780  454909  2171781  23.40
  1990        65-69     0.01305  0.06326  2.61   89024    5631  431660  1716873  19.29
  1990        70-74     0.02256  0.10725  2.71   83393    8944  396438  1285213  15.41
  1990        75-79     0.03818  0.17505  2.63   74449   13032  341334   888775  11.94
  1990        80-84     0.06497  0.28020  2.55   61416   17209  264880   547441   8.91
  1990        85-89     0.11519  0.44480  2.44   44208   19664  170712   282561   6.39
  1990        90-94     0.18618  0.62036  2.31   24544   15226   81784   111849   4.56
  1990        95-99     0.28784  0.78188  2.08    9318    7285   25311    30066   3.23
  1990       100-104    0.41557  0.89273  1.81    2032    1814    4366     4755   2.34
  1990       105-109    0.55612  0.95114  1.54     218     207     373      389   1.78
  1990       110+       0.66968  1.00000  1.49      11      11      16       16   1.49
  1991           0      0.00460  0.00458  0.14  100000     458   99606  8058676  80.59
  1991         1-4      0.00013  0.00052  1.90   99542      52  398059  7959070  79.96
  1991         5-9      0.00026  0.00130  2.89   99490     129  497178  7561011  76.00
  1991        10-14     0.00008  0.00042  3.02   99361      42  496722  7063833  71.09
  1991        15-19     0.00049  0.00246  3.00   99319     245  496108  6567110  66.12
  1991        20-24     0.00048  0.00239  2.33   99075     236  494742  6071002  61.28
  1991        25-29     0.00062  0.00309  2.73   98838     305  493498  5576260  56.42
  1991        30-34     0.00064  0.00321  2.66   98533     316  491927  5082762  51.58
  1991        35-39     0.00074  0.00369  2.65   98217     362  490232  4590835  46.74
  1991        40-44     0.00130  0.00649  2.67   97855     635  487792  4100603  41.90
  1991        45-49     0.00154  0.00770  2.82   97220     748  484463  3612810  37.16
  1991        50-54     0.00315  0.01562  2.71   96471    1507  478901  3128348  32.43
  1991        55-59     0.00451  0.02230  2.72   94964    2118  469985  2649447  27.90
  1991        60-64     0.00766  0.03763  2.68   92846    3494  456139  2179462  23.47
  1991        65-69     0.01335  0.06473  2.67   89353    5784  433312  1723324  19.29
  1991        70-74     0.02113  0.10076  2.70   83569    8420  398438  1290012  15.44
  1991        75-79     0.03665  0.16891  2.68   75149   12693  346336   891574  11.86
  1991        80-84     0.06853  0.29325  2.54   62456   18315  267262   545238   8.73
  1991        85-89     0.11771  0.45367  2.47   44140   20025  170126   277976   6.30
  1991        90-94     0.19090  0.62989  2.30   24115   15190   79570   107850   4.47
  1991        95-99     0.29414  0.78932  2.07    8925    7045   23951    28279   3.17
  1991       100-104    0.42298  0.89709  1.79    1880    1687    3988     4329   2.30
  1991       105-109    0.56368  0.95317  1.53     194     184     327      341   1.76
  1991       110+       0.67674  1.00000  1.48       9       9      13       13   1.48
  1992           0      0.00510  0.00508  0.14  100000     508   99563  8095228  80.95
  1992         1-4      0.00039  0.00156  1.77   99492     155  397623  7995666  80.36
  1992         5-9      0.00030  0.00151  2.09   99337     150  496250  7598042  76.49
  1992        10-14     0.00023  0.00114  2.43   99187     113  495647  7101792  71.60
  1992        15-19     0.00044  0.00218  2.73   99075     216  494882  6606145  66.68
  1992        20-24     0.00041  0.00204  3.01   98858     202  493889  6111263  61.82
  1992        25-29     0.00046  0.00228  2.37   98656     225  492691  5617374  56.94
  1992        30-34     0.00062  0.00310  3.03   98432     305  491557  5124682  52.06
  1992        35-39     0.00057  0.00285  2.49   98127     279  489933  4633125  47.22
  1992        40-44     0.00108  0.00539  2.79   97848     527  488073  4143192  42.34
  1992        45-49     0.00179  0.00890  2.77   97320     866  484666  3655118  37.56
  1992        50-54     0.00320  0.01587  2.63   96454    1531  478641  3170452  32.87
  1992        55-59     0.00464  0.02294  2.60   94923    2178  469385  2691811  28.36
  1992        60-64     0.00736  0.03621  2.79   92746    3358  456308  2222426  23.96
  1992        65-69     0.01176  0.05723  2.65   89387    5115  434898  1766118  19.76
  1992        70-74     0.02006  0.09585  2.70   84272    8078  402747  1331220  15.80
  1992        75-79     0.03463  0.15981  2.59   76194   12177  351643   928472  12.19
  1992        80-84     0.06499  0.28148  2.62   64017   18020  277278   576829   9.01
  1992        85-89     0.11047  0.43353  2.52   45997   19941  180516   299551   6.51
  1992        90-94     0.18481  0.61802  2.32   26056   16103   87134   119034   4.57
  1992        95-99     0.28969  0.78464  2.08    9953    7810   26959    31900   3.21
  1992       100-104    0.42206  0.89701  1.80    2143    1923    4555     4942   2.31
  1992       105-109    0.56717  0.95433  1.52     221     211     371      386   1.75
  1992       110+       0.68353  1.00000  1.46      10      10      15       15   1.46
  1993           0      0.00472  0.00470  0.14  100000     470   99596  8060980  80.61
  1993         1-4      0.00029  0.00114  1.77   99530     113  397867  7961384  79.99
  1993         5-9      0.00016  0.00081  2.49   99417      81  496880  7563517  76.08
  1993        10-14     0.00023  0.00113  2.62   99336     113  496412  7066636  71.14
  1993        15-19     0.00049  0.00243  2.96   99223     241  495625  6570224  66.22
  1993        20-24     0.00040  0.00200  2.61   98982     198  494440  6074599  61.37
  1993        25-29     0.00048  0.00240  2.81   98785     237  493404  5580159  56.49
  1993        30-34     0.00057  0.00287  2.36   98547     282  491991  5086755  51.62
  1993        35-39     0.00110  0.00547  2.45   98265     537  489953  4594764  46.76
  1993        40-44     0.00093  0.00462  2.71   97727     452  487605  4104811  42.00
  1993        45-49     0.00151  0.00752  2.65   97276     732  484661  3617206  37.19
  1993        50-54     0.00304  0.01509  2.58   96544    1457  479196  3132545  32.45
  1993        55-59     0.00477  0.02358  2.66   95087    2242  470178  2653349  27.90
  1993        60-64     0.00781  0.03837  2.75   92844    3562  456198  2183171  23.51
  1993        65-69     0.01315  0.06382  2.72   89282    5698  433434  1726972  19.34
  1993        70-74     0.02073  0.09886  2.65   83584    8263  398527  1293538  15.48
  1993        75-79     0.03883  0.17823  2.70   75321   13425  345735   895011  11.88
  1993        80-84     0.06760  0.29084  2.60   61896   18002  266307   549276   8.87
  1993        85-89     0.11170  0.43691  2.51   43895   19178  171689   282969   6.45
  1993        90-94     0.18875  0.62587  2.31   24717   15469   81958   111280   4.50
  1993        95-99     0.29359  0.78903  2.07    9247    7296   24852    29322   3.17
  1993       100-104    0.42504  0.89855  1.79    1951    1753    4124     4470   2.29
  1993       105-109    0.56854  0.95458  1.52     198     189     332      345   1.75
  1993       110+       0.68346  1.00000  1.46       9       9      13       13   1.46
  1994           0      0.00392  0.00391  0.14  100000     391   99664  8112914  81.13
  1994         1-4      0.00029  0.00115  1.04   99609     114  398098  8013250  80.45
  1994         5-9      0.00018  0.00092  2.37   99495      92  497232  7615152  76.54
  1994        10-14     0.00029  0.00142  2.67   99403     142  496685  7117920  71.61
  1994        15-19     0.00035  0.00177  2.52   99261     176  495871  6621235  66.71
  1994        20-24     0.00028  0.00142  1.72   99086     140  494969  6125364  61.82
  1994        25-29     0.00053  0.00262  2.26   98945     260  494015  5630395  56.90
  1994        30-34     0.00055  0.00274  2.25   98686     271  492686  5136380  52.05
  1994        35-39     0.00067  0.00332  2.63   98415     327  491302  4643695  47.18
  1994        40-44     0.00109  0.00541  2.58   98088     531  489155  4152393  42.33
  1994        45-49     0.00169  0.00840  2.71   97557     819  485908  3663237  37.55
  1994        50-54     0.00303  0.01504  2.55   96738    1455  480126  3177330  32.84
  1994        55-59     0.00415  0.02055  2.69   95283    1958  471889  2697204  28.31
  1994        60-64     0.00668  0.03286  2.54   93325    3066  459087  2225315  23.84
  1994        65-69     0.01301  0.06299  2.50   90259    5685  437095  1766228  19.57
  1994        70-74     0.01826  0.08770  2.74   84574    7417  406135  1329132  15.72
  1994        75-79     0.03527  0.16279  2.64   77157   12560  356104   922998  11.96
  1994        80-84     0.06569  0.28407  2.62   64596   18350  279359   566894   8.78
  1994        85-89     0.11576  0.44837  2.49   46246   20736  179121   287534   6.22
  1994        90-94     0.20168  0.65262  2.30   25511   16649   82549   108414   4.25
  1994        95-99     0.32250  0.82193  2.02    8862    7284   22585    25865   2.92
  1994       100-104    0.47190  0.92313  1.70    1578    1457    3087     3279   2.08
  1994       105-109    0.62780  0.96794  1.43     121     117     187      192   1.58
  1994       110+       0.74625  1.00000  1.34       4       4       5        5   1.34
  1995           0      0.00417  0.00416  0.14  100000     416   99643  8157411  81.57
  1995         1-4      0.00021  0.00084  1.74   99584      84  398147  8057768  80.91
  1995         5-9      0.00015  0.00073  1.79   99500      72  497270  7659621  76.98
  1995        10-14     0.00020  0.00101  3.22   99428     101  496961  7162351  72.04
  1995        15-19     0.00034  0.00168  2.80   99328     167  496269  6665389  67.11
  1995        20-24     0.00026  0.00132  3.02   99160     131  495543  6169120  62.21
  1995        25-29     0.00054  0.00272  2.11   99029     269  494370  5673577  57.29
  1995        30-34     0.00058  0.00290  2.31   98760     286  493031  5179208  52.44
  1995        35-39     0.00074  0.00371  2.57   98474     366  491482  4686176  47.59
  1995        40-44     0.00125  0.00621  2.47   98108     609  488996  4194695  42.76
  1995        45-49     0.00162  0.00808  2.82   97499     787  485776  3705699  38.01
  1995        50-54     0.00271  0.01345  2.72   96711    1300  480595  3219923  33.29
  1995        55-59     0.00422  0.02093  2.77   95411    1997  472607  2739328  28.71
  1995        60-64     0.00699  0.03438  2.66   93415    3211  459566  2266721  24.27
  1995        65-69     0.01135  0.05533  2.72   90203    4991  439642  1807156  20.03
  1995        70-74     0.01871  0.08963  2.66   85213    7637  408172  1367513  16.05
  1995        75-79     0.03383  0.15706  2.72   77575   12184  360139   959341  12.37
  1995        80-84     0.06033  0.26340  2.59   65391   17224  285479   599202   9.16
  1995        85-89     0.10841  0.42695  2.51   48167   20565  189696   313723   6.51
  1995        90-94     0.18737  0.62430  2.33   27602   17232   91965   124027   4.49
  1995        95-99     0.30143  0.79944  2.06   10370    8290   27503    32062   3.09
  1995       100-104    0.44554  0.91064  1.75    2080    1894    4251     4559   2.19
  1995       105-109    0.60037  0.96254  1.47     186     179     298      308   1.66
  1995       110+       0.72111  1.00000  1.39       7       7      10       10   1.39
  1996           0      0.00403  0.00402  0.14  100000     402   99655  8156376  81.56
  1996         1-4      0.00016  0.00063  1.66   99598      63  398246  8056721  80.89
  1996         5-9      0.00010  0.00052  3.10   99535      52  497579  7658475  76.94
  1996        10-14     0.00022  0.00111  1.96   99484     111  497082  7160896  71.98
  1996        15-19     0.00031  0.00157  2.37   99373     156  496455  6663815  67.06
  1996        20-24     0.00040  0.00198  2.46   99217     197  495585  6167360  62.16
  1996        25-29     0.00034  0.00169  2.92   99020     168  494753  5671774  57.28
  1996        30-34     0.00037  0.00187  2.84   98853     185  493863  5177022  52.37
  1996        35-39     0.00094  0.00469  2.32   98667     462  492097  4683159  47.46
  1996        40-44     0.00091  0.00455  2.65   98205     446  489977  4191061  42.68
  1996        45-49     0.00173  0.00860  2.67   97759     841  486833  3701084  37.86
  1996        50-54     0.00247  0.01227  2.62   96918    1190  481757  3214250  33.16
  1996        55-59     0.00472  0.02336  2.78   95728    2237  473672  2732493  28.54
  1996        60-64     0.00683  0.03359  2.58   93491    3140  459843  2258821  24.16
  1996        65-69     0.01150  0.05598  2.66   90351    5058  439901  1798978  19.91
  1996        70-74     0.01954  0.09350  2.71   85293    7975  408224  1359077  15.93
  1996        75-79     0.03453  0.15998  2.70   77318   12369  358168   950853  12.30
  1996        80-84     0.05786  0.25366  2.57   64949   16475  284711   592685   9.13
  1996        85-89     0.11216  0.43722  2.48   48474   21194  188958   307974   6.35
  1996        90-94     0.19400  0.63829  2.32   27280   17413   89756   119016   4.36
  1996        95-99     0.31617  0.81610  2.04    9868    8053   25470    29260   2.97
  1996       100-104    0.46926  0.92239  1.71    1815    1674    3567     3789   2.09
  1996       105-109    0.62976  0.96848  1.43     141     136     217      222   1.58
  1996       110+       0.75126  1.00000  1.33       4       4       6        6   1.33
  1997           0      0.00376  0.00375  0.14  100000     375   99678  8171242  81.71
  1997         1-4      0.00024  0.00095  1.82   99625      95  398291  8071564  81.02
  1997         5-9      0.00021  0.00104  2.50   99530     103  497390  7673273  77.10
  1997        10-14     0.00012  0.00060  3.33   99426      60  497032  7175882  72.17
  1997        15-19     0.00027  0.00137  2.37   99367     136  496475  6678850  67.21
  1997        20-24     0.00043  0.00216  1.77   99230     215  495459  6182375  62.30
  1997        25-29     0.00052  0.00261  1.53   99016     258  494182  5686916  57.43
  1997        30-34     0.00072  0.00357  2.58   98758     353  492935  5192734  52.58
  1997        35-39     0.00078  0.00391  2.57   98405     385  491088  4699799  47.76
  1997        40-44     0.00091  0.00453  2.89   98020     444  489162  4208711  42.94
  1997        45-49     0.00142  0.00706  2.50   97576     689  486157  3719549  38.12
  1997        50-54     0.00224  0.01114  2.63   96886    1080  481875  3233392  33.37
  1997        55-59     0.00359  0.01780  2.63   95807    1705  474991  2751516  28.72
  1997        60-64     0.00608  0.02995  2.63   94101    2819  463826  2276526  24.19
  1997        65-69     0.01271  0.06173  2.66   91283    5635  443213  1812699  19.86
  1997        70-74     0.01888  0.09041  2.66   85648    7743  410086  1369486  15.99
  1997        75-79     0.03210  0.14965  2.74   77905   11658  363178   959400  12.32
  1997        80-84     0.06365  0.27557  2.57   66247   18255  286813   596222   9.00
  1997        85-89     0.11288  0.43983  2.49   47991   21108  186987   309409   6.45
  1997        90-94     0.18548  0.61948  2.32   26883   16654   89785   122422   4.55
  1997        95-99     0.29121  0.78653  2.08   10230    8046   27630    32637   3.19
  1997       100-104    0.42457  0.89852  1.79    2184    1962    4621     5007   2.29
  1997       105-109    0.57044  0.95520  1.52     222     212     371      386   1.74
  1997       110+       0.68712  1.00000  1.46      10      10      14       14   1.46
  1998           0      0.00333  0.00332  0.14  100000     332   99715  8197124  81.97
  1998         1-4      0.00013  0.00054  1.88   99668      54  398557  8097409  81.24
  1998         5-9      0.00017  0.00083  3.38   99614      82  497937  7698852  77.29
  1998        10-14     0.00014  0.00070  4.21   99532      70  497604  7200915  72.35
  1998        15-19     0.00056  0.00281  2.68   99462     280  496660  6703311  67.40
  1998        20-24     0.00038  0.00189  2.48   99182     187  495438  6206651  62.58
  1998        25-29     0.00053  0.00264  2.11   98995     262  494217  5711213  57.69
  1998        30-34     0.00047  0.00233  2.39   98733     230  493064  5216996  52.84
  1998        35-39     0.00092  0.00460  2.29   98503     453  491290  4723932  47.96
  1998        40-44     0.00107  0.00535  2.40   98050     525  488885  4232642  43.17
  1998        45-49     0.00165  0.00819  2.52   97525     799  485645  3743757  38.39
  1998        50-54     0.00274  0.01363  2.94   96726    1319  480915  3258112  33.68
  1998        55-59     0.00393  0.01946  2.56   95407    1857  472513  2777196  29.11
  1998        60-64     0.00670  0.03304  2.83   93551    3091  461060  2304683  24.64
  1998        65-69     0.00989  0.04833  2.63   90460    4372  441943  1843623  20.38
  1998        70-74     0.01734  0.08340  2.72   86089    7180  414070  1401679  16.28
  1998        75-79     0.03025  0.14111  2.63   78908   11135  368144   987609  12.52
  1998        80-84     0.06205  0.27178  2.72   67774   18420  296865   619465   9.14
  1998        85-89     0.10722  0.42469  2.55   49354   20960  195479   322600   6.54
  1998        90-94     0.18830  0.62618  2.33   28394   17780   94422   127121   4.48
  1998        95-99     0.30271  0.80086  2.06   10614    8500   28081    32699   3.08
  1998       100-104    0.44706  0.91140  1.75    2114    1926    4309     4618   2.18
  1998       105-109    0.60188  0.96285  1.47     187     180     300      309   1.65
  1998       110+       0.72245  1.00000  1.38       7       7      10       10   1.38
  1999           0      0.00315  0.00314  0.14  100000     314   99731  8252276  82.52
  1999         1-4      0.00027  0.00108  1.97   99686     108  398524  8152546  81.78
  1999         5-9      0.00012  0.00062  2.00   99578      61  497704  7754022  77.87
  1999        10-14     0.00027  0.00133  2.33   99516     132  497228  7256318  72.92
  1999        15-19     0.00039  0.00196  3.37   99384     195  496603  6759090  68.01
  1999        20-24     0.00039  0.00194  1.76   99189     193  495322  6262487  63.14
  1999        25-29     0.00036  0.00178  1.78   98996     176  494414  5767165  58.26
  1999        30-34     0.00073  0.00366  2.57   98820     361  493222  5272751  53.36
  1999        35-39     0.00051  0.00257  2.64   98459     253  491697  4779529  48.54
  1999        40-44     0.00124  0.00617  2.71   98206     606  489640  4287832  43.66
  1999        45-49     0.00167  0.00833  2.49   97600     813  485961  3798192  38.92
  1999        50-54     0.00230  0.01143  2.93   96786    1107  481637  3312231  34.22
  1999        55-59     0.00396  0.01963  2.61   95680    1878  473909  2830594  29.58
  1999        60-64     0.00604  0.02978  2.63   93801    2793  462393  2356685  25.12
  1999        65-69     0.00897  0.04398  2.80   91008    4003  446252  1894292  20.81
  1999        70-74     0.01699  0.08172  2.68   87005    7110  418564  1448040  16.64
  1999        75-79     0.02831  0.13262  2.62   79895   10595  374212  1029476  12.89
  1999        80-84     0.05592  0.24731  2.67   69300   17138  306501   655264   9.46
  1999        85-89     0.10354  0.41265  2.54   52161   21524  207894   348763   6.69
  1999        90-94     0.18090  0.61132  2.35   30637   18729  103532   140870   4.60
  1999        95-99     0.29602  0.79383  2.08   11908    9453   31933    37338   3.14
  1999       100-104    0.44325  0.90987  1.76    2455    2234    5040     5405   2.20
  1999       105-109    0.60217  0.96311  1.47     221     213     354      365   1.65
  1999       110+       0.72581  1.00000  1.38       8       8      11       11   1.38
  2000           0      0.00322  0.00321  0.14  100000     321   99725  8235531  82.36
  2000         1-4      0.00019  0.00077  1.90   99679      77  398555  8135806  81.62
  2000         5-9      0.00012  0.00062  2.16   99602      62  497836  7737250  77.68
  2000        10-14     0.00010  0.00051  2.29   99541      51  497564  7239415  72.73
  2000        15-19     0.00030  0.00151  2.58   99489     150  497085  6741851  67.76
  2000        20-24     0.00046  0.00227  2.56   99340     226  496148  6244766  62.86
  2000        25-29     0.00056  0.00281  2.46   99114     278  494863  5748618  58.00
  2000        30-34     0.00058  0.00291  2.45   98835     288  493444  5253756  53.16
  2000        35-39     0.00073  0.00366  2.67   98548     361  491900  4760311  48.30
  2000        40-44     0.00114  0.00568  2.96   98187     557  489801  4268411  43.47
  2000        45-49     0.00191  0.00949  2.61   97630     927  485937  3778611  38.70
  2000        50-54     0.00246  0.01221  2.63   96703    1181  480715  3292674  34.05
  2000        55-59     0.00417  0.02064  2.64   95522    1971  472950  2811959  29.44
  2000        60-64     0.00548  0.02704  2.52   93551    2530  461478  2339009  25.00
  2000        65-69     0.01029  0.05029  2.74   91021    4578  444779  1877532  20.63
  2000        70-74     0.01617  0.07788  2.64   86443    6732  416322  1432752  16.57
  2000        75-79     0.03009  0.14047  2.64   79711   11197  372119  1016431  12.75
  2000        80-84     0.05502  0.24289  2.59   68514   16641  302464   644312   9.40
  2000        85-89     0.10336  0.41047  2.49   51872   21292  206009   341848   6.59
  2000        90-94     0.18928  0.62744  2.31   30580   19187  101373   135839   4.44
  2000        95-99     0.30851  0.80840  2.06   11393    9210   29853    34467   3.03
  2000       100-104    0.46316  0.91992  1.72    2183    2008    4336     4613   2.11
  2000       105-109    0.62663  0.96804  1.43     175     169     270      278   1.59
  2000       110+       0.75064  1.00000  1.33       6       6       7        7   1.33
  2001           0      0.00498  0.00496  0.14  100000     496   99573  8235997  82.36
  2001         1-4      0.00028  0.00113  0.89   99504     113  397665  8136425  81.77
  2001         5-9      0.00019  0.00093  2.81   99391      93  496752  7738760  77.86
  2001        10-14     0.00012  0.00062  2.50   99298      62  496338  7242008  72.93
  2001        15-19     0.00018  0.00089  2.39   99237      89  495952  6745670  67.98
  2001        20-24     0.00029  0.00146  1.40   99148     144  495220  6249718  63.03
  2001        25-29     0.00050  0.00248  2.51   99004     246  494406  5754498  58.12
  2001        30-34     0.00041  0.00205  2.43   98758     202  493268  5260092  53.26
  2001        35-39     0.00092  0.00459  2.95   98555     452  491852  4766824  48.37
  2001        40-44     0.00127  0.00635  2.73   98103     622  489102  4274972  43.58
  2001        45-49     0.00160  0.00798  2.74   97481     778  485642  3785870  38.84
  2001        50-54     0.00213  0.01059  2.63   96703    1024  481087  3300227  34.13
  2001        55-59     0.00387  0.01920  2.83   95679    1837  474404  2819140  29.46
  2001        60-64     0.00561  0.02769  2.64   93842    2598  463084  2344736  24.99
  2001        65-69     0.00952  0.04657  2.72   91244    4249  446520  1881652  20.62
  2001        70-74     0.01698  0.08173  2.70   86994    7110  418632  1435132  16.50
  2001        75-79     0.02869  0.13492  2.80   79884   10778  375675  1016500  12.72
  2001        80-84     0.06132  0.26741  2.61   69106   18480  301343   640826   9.27
  2001        85-89     0.10491  0.41694  2.54   50627   21108  201209   339483   6.71
  2001        90-94     0.17813  0.60481  2.35   29518   17853  100223   138274   4.68
  2001        95-99     0.28345  0.77733  2.10   11665    9068   31991    38051   3.26
  2001       100-104    0.41655  0.89398  1.81    2597    2322    5575     6059   2.33
  2001       105-109    0.56350  0.95349  1.53     275     263     466      485   1.76
  2001       110+       0.68169  1.00000  1.47      13      13      19       19   1.47
  2002           0      0.00468  0.00467  0.14  100000     467   99598  8266153  82.66
  2002         1-4      0.00023  0.00091  1.11   99533      91  397871  8166554  82.05
  2002         5-9      0.00011  0.00054  1.48   99443      53  497026  7768683  78.12
  2002        10-14     0.00018  0.00092  2.51   99389      92  496719  7271658  73.16
  2002        15-19     0.00016  0.00079  2.74   99298      78  496312  6774939  68.23
  2002        20-24     0.00030  0.00149  2.84   99219     148  495778  6278627  63.28
  2002        25-29     0.00028  0.00140  2.07   99072     138  494954  5782849  58.37
  2002        30-34     0.00041  0.00204  3.18   98933     202  494299  5287896  53.45
  2002        35-39     0.00077  0.00383  2.42   98731     378  492680  4793596  48.55
  2002        40-44     0.00116  0.00576  2.45   98353     567  490317  4300917  43.73
  2002        45-49     0.00177  0.00879  2.58   97786     860  486850  3810600  38.97
  2002        50-54     0.00278  0.01379  2.53   96927    1337  481325  3323750  34.29
  2002        55-59     0.00368  0.01827  2.72   95590    1746  473969  2842425  29.74
  2002        60-64     0.00580  0.02863  2.69   93843    2687  463018  2368456  25.24
  2002        65-69     0.00963  0.04717  2.79   91157    4300  446278  1905438  20.90
  2002        70-74     0.01515  0.07309  2.61   86857    6348  419084  1459161  16.80
  2002        75-79     0.02741  0.12917  2.78   80509   10400  379464  1040076  12.92
  2002        80-84     0.05625  0.24830  2.64   70109   17408  309493   660613   9.42
  2002        85-89     0.10438  0.41517  2.54   52701   21880  209611   351120   6.66
  2002        90-94     0.18109  0.61254  2.36   30821   18880  104255   141509   4.59
  2002        95-99     0.29786  0.79591  2.08   11942    9505   31910    37254   3.12
  2002       100-104    0.44518  0.91083  1.76    2437    2220    4987     5344   2.19
  2002       105-109    0.60384  0.96344  1.47     217     209     347      358   1.65
  2002       110+       0.72708  1.00000  1.38       8       8      11       11   1.38
  2003           0      0.00426  0.00425  0.14  100000     425   99635  8275525  82.76
  2003         1-4      0.00029  0.00115  1.38   99575     114  398003  8175890  82.11
  2003         5-9      0.00013  0.00063  3.49   99461      62  497212  7777887  78.20
  2003        10-14     0.00012  0.00061  3.17   99399      61  496882  7280675  73.25
  2003        15-19     0.00039  0.00196  2.93   99338     195  496286  6783793  68.29
  2003        20-24     0.00035  0.00174  2.48   99143     172  495282  6287507  63.42
  2003        25-29     0.00048  0.00238  2.75   98971     235  494325  5792225  58.52
  2003        30-34     0.00056  0.00282  2.71   98736     278  493043  5297900  53.66
  2003        35-39     0.00081  0.00405  2.88   98458     398  491444  4804858  48.80
  2003        40-44     0.00116  0.00576  2.50   98059     565  488884  4313413  43.99
  2003        45-49     0.00174  0.00866  2.42   97494     845  485294  3824530  39.23
  2003        50-54     0.00222  0.01102  2.65   96649    1065  480748  3339236  34.55
  2003        55-59     0.00371  0.01841  2.60   95584    1759  473698  2858488  29.91
  2003        60-64     0.00526  0.02598  2.59   93825    2438  463238  2384790  25.42
  2003        65-69     0.00908  0.04447  2.63   91387    4064  447311  1921552  21.03
  2003        70-74     0.01448  0.07008  2.69   87323    6120  422510  1474241  16.88
  2003        75-79     0.02801  0.13144  2.67   81204   10673  381112  1051730  12.95
  2003        80-84     0.05195  0.23163  2.66   70531   16337  314484   670618   9.51
  2003        85-89     0.10366  0.41238  2.52   54194   22349  215603   356134   6.57
  2003        90-94     0.19092  0.62897  2.29   31845   20030  104914   140531   4.41
  2003        95-99     0.30951  0.80997  2.06   11815    9570   30920    35617   3.01
  2003       100-104    0.46820  0.92251  1.72    2245    2071    4424     4697   2.09
  2003       105-109    0.63516  0.96967  1.42     174     169     266      273   1.57
  2003       110+       0.76051  1.00000  1.31       5       5       7        7   1.31
  2004           0      0.00259  0.00258  0.14  100000     258   99779  8354342  83.54
  2004         1-4      0.00026  0.00104  1.27   99742     104  398682  8254564  82.76
  2004         5-9      0.00011  0.00054  2.28   99638      53  498043  7855882  78.84
  2004        10-14     0.00016  0.00082  1.74   99584      81  497656  7357839  73.89
  2004        15-19     0.00022  0.00109  2.29   99503     109  497219  6860183  68.94
  2004        20-24     0.00051  0.00257  2.16   99394     255  496245  6362964  64.02
  2004        25-29     0.00043  0.00217  2.88   99139     215  495238  5866719  59.18
  2004        30-34     0.00033  0.00163  2.28   98924     162  494179  5371481  54.30
  2004        35-39     0.00044  0.00221  3.16   98762     219  493407  4877301  49.38
  2004        40-44     0.00098  0.00487  2.56   98543     480  491544  4383894  44.49
  2004        45-49     0.00172  0.00854  2.63   98063     838  488334  3892350  39.69
  2004        50-54     0.00226  0.01125  2.76   97226    1094  483679  3404016  35.01
  2004        55-59     0.00353  0.01751  2.48   96132    1684  476413  2920337  30.38
  2004        60-64     0.00508  0.02511  2.53   94449    2371  466392  2443924  25.88
  2004        65-69     0.00876  0.04291  2.63   92077    3951  451005  1977532  21.48
  2004        70-74     0.01406  0.06819  2.79   88127    6010  427331  1526526  17.32
  2004        75-79     0.02644  0.12444  2.64   82117   10219  386500  1099195  13.39
  2004        80-84     0.05057  0.22590  2.64   71898   16242  321167   712695   9.91
  2004        85-89     0.09210  0.37739  2.61   55656   21004  228061   391527   7.03
  2004        90-94     0.17435  0.59545  2.34   34652   20634  118344   163467   4.72
  2004        95-99     0.28630  0.78304  2.11   14018   10977   38341    45123   3.22
  2004       100-104    0.43689  0.90710  1.78    3041    2759    6315     6782   2.23
  2004       105-109    0.60111  0.96314  1.47     283     272     453      467   1.65
  2004       110+       0.72890  1.00000  1.37      10      10      14       14   1.37
  2005           0      0.00463  0.00461  0.14  100000     461   99603  8345258  83.45
  2005         1-4      0.00029  0.00115  1.78   99539     115  397901  8245655  82.84
  2005         5-9      0.00017  0.00086  2.37   99424      86  496896  7847754  78.93
  2005        10-14     0.00016  0.00081  3.37   99339      80  496562  7350859  74.00
  2005        15-19     0.00026  0.00129  2.16   99258     128  495927  6854297  69.06
  2005        20-24     0.00037  0.00184  2.49   99130     183  495192  6358370  64.14
  2005        25-29     0.00022  0.00108  2.90   98947     107  494511  5863178  59.26
  2005        30-34     0.00044  0.00219  2.11   98840     216  493575  5368667  54.32
  2005        35-39     0.00068  0.00340  2.62   98624     335  492320  4875092  49.43
  2005        40-44     0.00107  0.00536  2.45   98288     527  490097  4382772  44.59
  2005        45-49     0.00167  0.00832  2.66   97762     814  486902  3892675  39.82
  2005        50-54     0.00236  0.01173  2.93   96948    1137  482386  3405773  35.13
  2005        55-59     0.00318  0.01577  2.64   95811    1510  475490  2923387  30.51
  2005        60-64     0.00557  0.02748  2.66   94300    2591  465438  2447897  25.96
  2005        65-69     0.00756  0.03713  2.69   91709    3405  450678  1982459  21.62
  2005        70-74     0.01435  0.06948  2.71   88304    6135  427463  1531781  17.35
  2005        75-79     0.02498  0.11778  2.58   82169    9678  387394  1104318  13.44
  2005        80-84     0.04843  0.21756  2.66   72491   15771  325621   716924   9.89
  2005        85-89     0.09937  0.39861  2.52   56720   22609  227533   391303   6.90
  2005        90-94     0.16928  0.58732  2.39   34111   20034  118350   163770   4.80
  2005        95-99     0.28549  0.78202  2.11   14077   11008   38560    45420   3.23
  2005       100-104    0.43570  0.90646  1.78    3068    2781    6384     6859   2.24
  2005       105-109    0.59973  0.96285  1.47     287     276     461      475   1.66
  2005       110+       0.72754  1.00000  1.37      11      11      15       15   1.37
  2006           0      0.00377  0.00376  0.14  100000     376   99677  8359034  83.59
  2006         1-4      0.00031  0.00126  2.13   99624     125  398262  8259356  82.91
  2006         5-9      0.00019  0.00097  2.92   99499      96  497295  7861094  79.01
  2006        10-14     0.00019  0.00093  1.38   99403      92  496680  7363800  74.08
  2006        15-19     0.00018  0.00089  2.93   99311      88  496371  6867120  69.15
  2006        20-24     0.00026  0.00132  2.58   99222     131  495795  6370749  64.21
  2006        25-29     0.00023  0.00116  2.62   99091     115  495184  5874954  59.29
  2006        30-34     0.00039  0.00195  3.30   98977     193  494555  5379770  54.35
  2006        35-39     0.00078  0.00388  2.50   98783     383  492958  4885215  49.45
  2006        40-44     0.00098  0.00489  2.64   98400     481  490865  4392257  44.64
  2006        45-49     0.00158  0.00788  2.68   97919     772  487806  3901393  39.84
  2006        50-54     0.00203  0.01010  2.63   97147     981  483413  3413587  35.14
  2006        55-59     0.00373  0.01847  2.63   96166    1777  476628  2930174  30.47
  2006        60-64     0.00472  0.02336  2.66   94389    2205  466795  2453546  25.99
  2006        65-69     0.00798  0.03922  2.80   92184    3616  452963  1986752  21.55
  2006        70-74     0.01379  0.06677  2.65   88569    5913  428974  1533789  17.32
  2006        75-79     0.02504  0.11820  2.64   82655    9770  390216  1104815  13.37
  2006        80-84     0.05056  0.22650  2.70   72885   16508  326512   714599   9.80
  2006        85-89     0.09852  0.39718  2.56   56377   22392  227278   388087   6.88
  2006        90-94     0.17253  0.59526  2.40   33985   20230  117257   160809   4.73
  2006        95-99     0.29200  0.78995  2.10   13755   10866   37211    43553   3.17
  2006       100-104    0.44450  0.91109  1.76    2889    2632    5922     6341   2.19
  2006       105-109    0.60937  0.96484  1.46     257     248     407      419   1.63
  2006       110+       0.73661  1.00000  1.36       9       9      12       12   1.36
  2007           0      0.00358  0.00357  0.14  100000     357   99693  8387200  83.87
  2007         1-4      0.00011  0.00045  1.26   99643      45  398448  8287507  83.17
  2007         5-9      0.00007  0.00033  1.50   99598      33  497875  7889059  79.21
  2007        10-14     0.00010  0.00051  2.90   99565      51  497719  7391184  74.23
  2007        15-19     0.00021  0.00107  2.48   99515     107  497304  6893465  69.27
  2007        20-24     0.00022  0.00112  2.91   99408     112  496806  6396161  64.34
  2007        25-29     0.00049  0.00247  2.80   99296     245  495943  5899355  59.41
  2007        30-34     0.00046  0.00232  2.85   99051     230  494763  5403412  54.55
  2007        35-39     0.00061  0.00304  2.73   98822     300  493428  4908649  49.67
  2007        40-44     0.00108  0.00539  2.67   98522     531  491374  4415221  44.81
  2007        45-49     0.00138  0.00689  2.77   97991     675  488453  3923846  40.04
  2007        50-54     0.00236  0.01174  2.61   97316    1142  483844  3435394  35.30
  2007        55-59     0.00307  0.01525  2.73   96174    1467  477534  2951549  30.69
  2007        60-64     0.00537  0.02651  2.59   94707    2510  467496  2474015  26.12
  2007        65-69     0.00840  0.04118  2.61   92197    3797  451927  2006519  21.76
  2007        70-74     0.01249  0.06076  2.77   88400    5371  430040  1554592  17.59
  2007        75-79     0.02572  0.12147  2.71   83029   10086  392069  1124552  13.54
  2007        80-84     0.04737  0.21349  2.69   72943   15573  328751   732482  10.04
  2007        85-89     0.09066  0.37348  2.64   57370   21427  236351   403731   7.04
  2007        90-94     0.17637  0.60085  2.35   35944   21597  122453   167380   4.66
  2007        95-99     0.29527  0.79475  2.10   14347   11402   38617    44926   3.13
  2007       100-104    0.45600  0.91740  1.74    2945    2702    5924     6310   2.14
  2007       105-109    0.62800  0.96863  1.43     243     236     375      385   1.58
  2007       110+       0.75789  1.00000  1.32       8       8      10       10   1.32
  2008           0      0.00291  0.00290  0.14  100000     290   99751  8369512  83.70
  2008         1-4      0.00035  0.00139  1.05   99710     138  398432  8269760  82.94
  2008         5-9      0.00018  0.00088  2.09   99572      87  497603  7871328  79.05
  2008        10-14     0.00000  0.00000  2.50   99484       0  497421  7373725  74.12
  2008        15-19     0.00021  0.00106  2.28   99484     106  497133  6876304  69.12
  2008        20-24     0.00026  0.00128  3.28   99378     127  496673  6379171  64.19
  2008        25-29     0.00025  0.00125  1.88   99251     124  495867  5882498  59.27
  2008        30-34     0.00032  0.00162  2.98   99127     161  495309  5386631  54.34
  2008        35-39     0.00071  0.00355  2.76   98966     352  494043  4891322  49.42
  2008        40-44     0.00100  0.00498  2.86   98614     491  492022  4397279  44.59
  2008        45-49     0.00175  0.00870  2.50   98124     853  488481  3905256  39.80
  2008        50-54     0.00223  0.01108  2.73   97270    1078  483899  3416775  35.13
  2008        55-59     0.00320  0.01586  2.62   96192    1525  477325  2932876  30.49
  2008        60-64     0.00567  0.02797  2.55   94667    2648  466838  2455551  25.94
  2008        65-69     0.00796  0.03904  2.62   92019    3592  451550  1988713  21.61
  2008        70-74     0.01342  0.06512  2.74   88426    5758  429114  1537163  17.38
  2008        75-79     0.02490  0.11795  2.77   82668    9751  391590  1108049  13.40
  2008        80-84     0.04970  0.22290  2.69   72917   16253  327051   716459   9.83
  2008        85-89     0.09709  0.39516  2.65   56664   22391  230613   389407   6.87
  2008        90-94     0.17576  0.60053  2.36   34273   20582  117100   158794   4.63
  2008        95-99     0.30538  0.80610  2.07   13691   11036   36139    41694   3.05
  2008       100-104    0.46794  0.92280  1.72    2655    2450    5235     5554   2.09
  2008       105-109    0.63932  0.97054  1.41     205     199     311      319   1.56
  2008       110+       0.76715  1.00000  1.30       6       6       8        8   1.30
  2009           0      0.00356  0.00355  0.14  100000     355   99696  8380381  83.80
  2009         1-4      0.00013  0.00052  1.30   99645      52  398441  8280685  83.10
  2009         5-9      0.00013  0.00066  2.83   99593      65  497824  7882244  79.14
  2009        10-14     0.00027  0.00134  2.09   99528     134  497251  7384420  74.19
  2009        15-19     0.00010  0.00048  2.66   99394      48  496860  6887168  69.29
  2009        20-24     0.00027  0.00135  2.83   99347     134  496442  6390308  64.32
  2009        25-29     0.00040  0.00198  2.68   99212     196  495607  5893867  59.41
  2009        30-34     0.00043  0.00213  2.26   99016     211  494503  5398260  54.52
  2009        35-39     0.00072  0.00357  2.91   98805     353  493291  4903757  49.63
  2009        40-44     0.00114  0.00570  2.88   98452     561  491070  4410466  44.80
  2009        45-49     0.00187  0.00931  2.64   97891     911  487302  3919396  40.04
  2009        50-54     0.00280  0.01390  2.67   96980    1348  481756  3432095  35.39
  2009        55-59     0.00304  0.01509  2.72   95632    1443  474870  2950339  30.85
  2009        60-64     0.00573  0.02828  2.63   94189    2664  464635  2475469  26.28
  2009        65-69     0.00790  0.03875  2.60   91525    3546  449104  2010834  21.97
  2009        70-74     0.01286  0.06245  2.68   87978    5494  427151  1561730  17.75
  2009        75-79     0.02331  0.11082  2.77   82484    9141  392062  1134579  13.76
  2009        80-84     0.04696  0.21151  2.66   73343   15513  330365   742517  10.12
  2009        85-89     0.09257  0.37829  2.59   57831   21877  236323   412152   7.13
  2009        90-94     0.16354  0.57610  2.44   35954   20713  126658   175829   4.89
  2009        95-99     0.28512  0.78213  2.11   15241   11920   41808    49171   3.23
  2009       100-104    0.43942  0.90881  1.77    3321    3018    6868     7363   2.22
  2009       105-109    0.60753  0.96463  1.46     303     292     481      495   1.64
  2009       110+       0.73743  1.00000  1.36      11      11      15       15   1.36
  2010           0      0.00284  0.00284  0.14  100000     284   99757  8372087  83.72
  2010         1-4      0.00013  0.00052  0.90   99716      52  398704  8272330  82.96
  2010         5-9      0.00030  0.00152  2.22   99664     151  497900  7873626  79.00
  2010        10-14     0.00017  0.00084  1.48   99513      83  497271  7375726  74.12
  2010        15-19     0.00027  0.00135  2.68   99430     134  496837  6878455  69.18
  2010        20-24     0.00021  0.00107  3.17   99295     107  496281  6381618  64.27
  2010        25-29     0.00037  0.00183  2.63   99189     181  495514  5885337  59.33
  2010        30-34     0.00034  0.00167  2.05   99008     166  494550  5389823  54.44
  2010        35-39     0.00072  0.00359  2.54   98842     355  493338  4895273  49.53
  2010        40-44     0.00131  0.00651  2.61   98487     641  490904  4401935  44.70
  2010        45-49     0.00187  0.00933  2.52   97846     913  486963  3911032  39.97
  2010        50-54     0.00248  0.01234  2.53   96933    1196  481712  3424069  35.32
  2010        55-59     0.00316  0.01570  2.61   95737    1503  475091  2942357  30.73
  2010        60-64     0.00480  0.02373  2.63   94234    2236  465877  2467266  26.18
  2010        65-69     0.00707  0.03476  2.68   91998    3197  452561  2001389  21.75
  2010        70-74     0.01398  0.06769  2.68   88800    6011  430077  1548827  17.44
  2010        75-79     0.02438  0.11524  2.63   82789    9541  391315  1118750  13.51
  2010        80-84     0.04878  0.21929  2.70   73248   16063  329298   727435   9.93
  2010        85-89     0.09250  0.38043  2.67   57186   21755  235181   398137   6.96
  2010        90-94     0.17827  0.60519  2.35   35430   21442  120278   162956   4.60
  2010        95-99     0.30448  0.80547  2.08   13988   11267   37003    42678   3.05
  2010       100-104    0.46954  0.92373  1.72    2721    2514    5353     5674   2.09
  2010       105-109    0.64336  0.97130  1.41     208     202     313      321   1.55
  2010       110+       0.77226  1.00000  1.29       6       6       8        8   1.29
  2011           0      0.00280  0.00280  0.14  100000     280   99760  8436376  84.36
  2011         1-4      0.00018  0.00073  2.06   99720      72  398741  8336616  83.60
  2011         5-9      0.00017  0.00086  3.02   99648      86  498070  7937875  79.66
  2011        10-14     0.00015  0.00073  1.90   99562      73  497585  7439805  74.73
  2011        15-19     0.00029  0.00145  2.60   99489     145  497099  6942220  69.78
  2011        20-24     0.00020  0.00098  2.41   99345      97  496471  6445121  64.88
  2011        25-29     0.00027  0.00135  3.24   99247     134  496002  5948650  59.94
  2011        30-34     0.00043  0.00216  2.99   99114     214  495139  5452648  55.01
  2011        35-39     0.00057  0.00284  2.49   98900     281  493795  4957509  50.13
  2011        40-44     0.00092  0.00462  2.91   98619     455  492145  4463715  45.26
  2011        45-49     0.00133  0.00661  2.44   98164     649  489161  3971570  40.46
  2011        50-54     0.00219  0.01088  2.49   97515    1061  484909  3482408  35.71
  2011        55-59     0.00305  0.01516  2.73   96454    1462  478951  2997499  31.08
  2011        60-64     0.00488  0.02411  2.66   94992    2290  469602  2518548  26.51
  2011        65-69     0.00685  0.03372  2.78   92702    3126  456575  2048946  22.10
  2011        70-74     0.01326  0.06440  2.76   89576    5769  434984  1592371  17.78
  2011        75-79     0.02277  0.10829  2.74   83807    9075  398520  1157387  13.81
  2011        80-84     0.04603  0.20785  2.67   74732   15533  337458   758868  10.15
  2011        85-89     0.09108  0.37551  2.66   59199   22230  244077   421410   7.12
  2011        90-94     0.16682  0.58308  2.42   36969   21556  129218   177332   4.80
  2011        95-99     0.29614  0.79614  2.10   15413   12271   41437    48114   3.12
  2011       100-104    0.46001  0.91953  1.74    3142    2889    6281     6677   2.13
  2011       105-109    0.63469  0.96989  1.42     253     245     386      396   1.57
  2011       110+       0.76550  1.00000  1.31       8       8      10       10   1.31
  2012           0      0.00335  0.00334  0.14  100000     334   99713  8409682  84.10
  2012         1-4      0.00028  0.00113  2.04   99666     112  398442  8309969  83.38
  2012         5-9      0.00011  0.00054  4.10   99553      54  497718  7911527  79.47
  2012        10-14     0.00019  0.00095  1.92   99500      94  497207  7413809  74.51
  2012        15-19     0.00018  0.00088  2.35   99405      87  496794  6916602  69.58
  2012        20-24     0.00023  0.00116  2.33   99318     115  496281  6419807  64.64
  2012        25-29     0.00027  0.00133  2.63   99203     132  495700  5923526  59.71
  2012        30-34     0.00047  0.00235  2.03   99071     232  494665  5427826  54.79
  2012        35-39     0.00081  0.00406  2.64   98838     401  493244  4933162  49.91
  2012        40-44     0.00105  0.00524  2.82   98437     516  491057  4439918  45.10
  2012        45-49     0.00139  0.00694  2.40   97921     679  487839  3948861  40.33
  2012        50-54     0.00212  0.01052  2.26   97241    1023  483407  3461022  35.59
  2012        55-59     0.00326  0.01618  2.62   96219    1557  477389  2977615  30.95
  2012        60-64     0.00481  0.02378  2.67   94662    2251  468068  2500225  26.41
  2012        65-69     0.00746  0.03668  2.75   92411    3390  454436  2032158  21.99
  2012        70-74     0.01201  0.05851  2.84   89021    5208  433837  1577721  17.72
  2012        75-79     0.02465  0.11675  2.74   83813    9785  396919  1143885  13.65
  2012        80-84     0.04515  0.20483  2.74   74028   15163  335843   746966  10.09
  2012        85-89     0.09145  0.37498  2.60   58865   22073  241361   411122   6.98
  2012        90-94     0.17611  0.60446  2.41   36792   22239  126277   169762   4.61
  2012        95-99     0.31167  0.81413  2.07   14553   11848   38015    43484   2.99
  2012       100-104    0.48520  0.93081  1.69    2705    2518    5189     5469   2.02
  2012       105-109    0.66469  0.97474  1.37     187     182     274      280   1.50
  2012       110+       0.79393  1.00000  1.26       5       5       6        6   1.26
  2013           0      0.00213  0.00212  0.14  100000     212   99818  8458635  84.59
  2013         1-4      0.00025  0.00101  1.00   99788     101  398850  8358816  83.77
  2013         5-9      0.00014  0.00072  2.24   99687      72  498238  7959967  79.85
  2013        10-14     0.00017  0.00084  3.10   99616      83  497920  7461728  74.91
  2013        15-19     0.00016  0.00078  2.71   99532      77  497484  6963808  69.97
  2013        20-24     0.00030  0.00151  2.85   99455     150  496952  6466324  65.02
  2013        25-29     0.00023  0.00114  2.10   99305     114  496196  5969373  60.11
  2013        30-34     0.00055  0.00274  2.34   99191     272  495234  5473177  55.18
  2013        35-39     0.00062  0.00311  3.36   98919     307  494093  4977943  50.32
  2013        40-44     0.00119  0.00592  2.67   98612     584  491700  4483850  45.47
  2013        45-49     0.00122  0.00607  2.67   98028     595  488751  3992150  40.72
  2013        50-54     0.00202  0.01007  2.60   97433     981  484806  3503399  35.96
  2013        55-59     0.00347  0.01719  2.48   96452    1658  478089  3018593  31.30
  2013        60-64     0.00460  0.02275  2.65   94794    2157  468900  2540504  26.80
  2013        65-69     0.00747  0.03666  2.55   92637    3396  454859  2071604  22.36
  2013        70-74     0.01243  0.06041  2.71   89242    5391  433872  1616745  18.12
  2013        75-79     0.02214  0.10547  2.76   83850    8843  399465  1182872  14.11
  2013        80-84     0.04257  0.19339  2.64   75007   14505  340767   783407  10.44
  2013        85-89     0.08712  0.35943  2.57   60502   21746  249603   442640   7.32
  2013        90-94     0.16015  0.56824  2.44   38755   22022  137507   193037   4.98
  2013        95-99     0.27516  0.76997  2.14   16733   12884   46823    55530   3.32
  2013       100-104    0.42978  0.90395  1.80    3849    3479    8096     8707   2.26
  2013       105-109    0.60048  0.96332  1.47     370     356     593      612   1.65
  2013       110+       0.73327  1.00000  1.36      14      14      18       18   1.36
  2014           0      0.00254  0.00254  0.14  100000     254   99783  8438694  84.39
  2014         1-4      0.00023  0.00090  1.50   99746      90  398760  8338911  83.60
  2014         5-9      0.00012  0.00061  3.19   99656      61  498172  7940151  79.68
  2014        10-14     0.00006  0.00031  3.48   99595      31  497930  7441979  74.72
  2014        15-19     0.00008  0.00039  2.41   99564      39  497721  6944049  69.74
  2014        20-24     0.00019  0.00097  2.76   99525      97  497410  6446329  64.77
  2014        25-29     0.00044  0.00218  2.29   99429     216  496557  5948918  59.83
  2014        30-34     0.00053  0.00263  3.26   99212     261  495608  5452361  54.96
  2014        35-39     0.00059  0.00292  2.43   98952     289  494016  4956753  50.09
  2014        40-44     0.00126  0.00629  2.68   98663     621  491872  4462738  45.23
  2014        45-49     0.00169  0.00841  2.76   98042     824  488362  3970866  40.50
  2014        50-54     0.00220  0.01093  2.75   97217    1063  483692  3482504  35.82
  2014        55-59     0.00294  0.01461  2.56   96154    1404  477342  2998812  31.19
  2014        60-64     0.00501  0.02474  2.61   94750    2344  468141  2521470  26.61
  2014        65-69     0.00674  0.03317  2.74   92406    3065  455094  2053329  22.22
  2014        70-74     0.01246  0.06059  2.74   89340    5413  434449  1598236  17.89
  2014        75-79     0.02396  0.11344  2.66   83927    9521  397401  1163787  13.87
  2014        80-84     0.04278  0.19446  2.66   74407   14469  338226   766386  10.30
  2014        85-89     0.08944  0.36786  2.59   59938   22048  246507   428161   7.14
  2014        90-94     0.16824  0.58634  2.42   37889   22216  132050   181654   4.79
  2014        95-99     0.29111  0.79045  2.11   15673   12389   42558    49604   3.16
  2014       100-104    0.45523  0.91743  1.75    3284    3013    6619     7046   2.15
  2014       105-109    0.63133  0.96937  1.43     271     263     416      427   1.58
  2014       110+       0.76363  1.00000  1.31       8       8      11       11   1.31
  2015           0      0.00261  0.00261  0.14  100000     261   99777  8444592  84.45
  2015         1-4      0.00023  0.00090  1.27   99739      90  398711  8344815  83.67
  2015         5-9      0.00008  0.00040  3.51   99649      39  498187  7946104  79.74
  2015        10-14     0.00015  0.00074  1.51   99610      73  497793  7447916  74.77
  2015        15-19     0.00019  0.00096  3.26   99536      96  497515  6950123  69.82
  2015        20-24     0.00021  0.00106  2.82   99440     105  496973  6452609  64.89
  2015        25-29     0.00036  0.00182  2.87   99335     181  496291  5955636  59.95
  2015        30-34     0.00039  0.00196  3.74   99154     194  495528  5459345  55.06
  2015        35-39     0.00062  0.00307  2.55   98960     304  494059  4963817  50.16
  2015        40-44     0.00099  0.00496  2.67   98657     489  492141  4469758  45.31
  2015        45-49     0.00162  0.00807  2.60   98167     792  488932  3977617  40.52
  2015        50-54     0.00241  0.01198  2.56   97375    1167  484027  3488685  35.83
  2015        55-59     0.00302  0.01497  2.61   96208    1440  477600  3004657  31.23
  2015        60-64     0.00483  0.02388  2.56   94768    2263  468326  2527058  26.67
  2015        65-69     0.00691  0.03398  2.62   92505    3143  455029  2058732  22.26
  2015        70-74     0.01214  0.05900  2.64   89362    5273  434384  1603703  17.95
  2015        75-79     0.02322  0.11033  2.75   84089    9277  399613  1169319  13.91
  2015        80-84     0.04423  0.20100  2.74   74812   15037  340017   769706  10.29
  2015        85-89     0.08884  0.36661  2.62   59774   21914  246662   429689   7.19
  2015        90-94     0.16588  0.58204  2.44   37861   22037  132848   183027   4.83
  2015        95-99     0.29050  0.78960  2.11   15824   12495   43011    50179   3.17
  2015       100-104    0.45350  0.91652  1.75    3329    3052    6729     7169   2.15
  2015       105-109    0.62871  0.96888  1.43     278     269     428      440   1.58
  2015       110+       0.76078  1.00000  1.31       9       9      11       11   1.31
  2016           0      0.00262  0.00261  0.14  100000     261   99776  8496811  84.97
  2016         1-4      0.00010  0.00040  0.50   99739      40  398814  8397034  84.19
  2016         5-9      0.00012  0.00059  1.99   99699      59  498315  7998220  80.22
  2016        10-14     0.00017  0.00084  2.15   99640      84  497959  7499905  75.27
  2016        15-19     0.00012  0.00061  1.14   99556      61  497544  7001946  70.33
  2016        20-24     0.00018  0.00089  2.97   99495      88  497296  6504401  65.37
  2016        25-29     0.00019  0.00095  3.04   99407      95  496849  6007106  60.43
  2016        30-34     0.00055  0.00277  2.52   99312     275  495879  5510257  55.48
  2016        35-39     0.00069  0.00344  2.64   99037     340  494384  5014378  50.63
  2016        40-44     0.00120  0.00599  2.78   98697     592  492172  4519993  45.80
  2016        45-49     0.00148  0.00739  2.50   98106     725  488715  4027822  41.06
  2016        50-54     0.00240  0.01192  2.64   97381    1161  484170  3539107  36.34
  2016        55-59     0.00336  0.01666  2.70   96220    1603  477406  3054937  31.75
  2016        60-64     0.00426  0.02107  2.52   94617    1993  468144  2577531  27.24
  2016        65-69     0.00667  0.03285  2.61   92624    3042  455844  2109387  22.77
  2016        70-74     0.01046  0.05106  2.69   89581    4574  437335  1653544  18.46
  2016        75-79     0.02032  0.09701  2.68   85007    8247  405925  1216209  14.31
  2016        80-84     0.04230  0.19286  2.72   76761   14804  349978   810284  10.56
  2016        85-89     0.08332  0.34734  2.61   61957   21520  258288   460306   7.43
  2016        90-94     0.15826  0.56114  2.41   40437   22691  143380   202018   5.00
  2016        95-99     0.27632  0.77189  2.14   17746   13698   49573    58638   3.30
  2016       100-104    0.43446  0.90679  1.79    4048    3671    8449     9065   2.24
  2016       105-109    0.60836  0.96506  1.46     377     364     599      616   1.63
  2016       110+       0.74247  1.00000  1.35      13      13      18       18   1.35
