SA, Life tables (period 5x5), Females	Last modified: 23 May 2023;  Methods Protocol: v6 (2017)

  Year          Age         mx       qx    ax      lx      dx      Lx       Tx     ex
1971-1974        0      0.01313  0.01298  0.12  100000    1298   98861  7663519  76.64
1971-1974      1-4      0.00060  0.00239  1.55   98702     236  394231  7564659  76.64
1971-1974      5-9      0.00025  0.00126  2.51   98466     124  492023  7170428  72.82
1971-1974     10-14     0.00017  0.00086  2.76   98342      85  491522  6678405  67.91
1971-1974     15-19     0.00050  0.00252  2.44   98258     247  490656  6186883  62.97
1971-1974     20-24     0.00051  0.00256  2.25   98010     251  489361  5696227  58.12
1971-1974     25-29     0.00053  0.00267  2.75   97759     261  488208  5206865  53.26
1971-1974     30-34     0.00079  0.00396  2.70   97498     386  486604  4718657  48.40
1971-1974     35-39     0.00093  0.00466  2.79   97112     452  484564  4232053  43.58
1971-1974     40-44     0.00172  0.00858  2.67   96660     830  481367  3747489  38.77
1971-1974     45-49     0.00285  0.01416  2.85   95830    1357  476235  3266122  34.08
1971-1974     50-54     0.00446  0.02208  2.65   94474    2086  467456  2789887  29.53
1971-1974     55-59     0.00677  0.03334  2.69   92387    3081  454829  2322431  25.14
1971-1974     60-64     0.01075  0.05246  2.68   89307    4685  435681  1867602  20.91
1971-1974     65-69     0.01774  0.08528  2.74   84621    7217  406762  1431921  16.92
1971-1974     70-74     0.03143  0.14625  2.62   77405   11320  360129  1025159  13.24
1971-1974     75-79     0.05397  0.23920  2.63   66084   15807  292886   665030  10.06
1971-1974     80-84     0.08923  0.36644  2.56   50277   18423  206462   372144   7.40
1971-1974     85-89     0.15645  0.55608  2.40   31854   17713  113221   165682   5.20
1971-1974     90-94     0.24147  0.72078  2.20   14140   10192   42210    52462   3.71
1971-1974     95-99     0.36975  0.86210  1.90    3948    3404    9206    10252   2.60
1971-1974    100-104    0.51339  0.93834  1.62     544     511     995     1046   1.92
1971-1974    105-109    0.65619  0.97225  1.38      34      33      50       51   1.52
1971-1974    110+       0.76241  1.00000  1.31       1       1       1        1   1.31
1975-1979        0      0.01022  0.01013  0.13  100000    1013   99117  7788548  77.89
1975-1979      1-4      0.00045  0.00179  1.76   98987     178  395552  7689431  77.68
1975-1979      5-9      0.00026  0.00131  2.28   98810     130  493696  7293878  73.82
1975-1979     10-14     0.00024  0.00120  2.76   98680     118  493136  6800182  68.91
1975-1979     15-19     0.00051  0.00253  2.81   98562     249  492267  6307046  63.99
1975-1979     20-24     0.00044  0.00218  2.30   98313     214  490988  5814780  59.15
1975-1979     25-29     0.00042  0.00209  2.53   98099     205  489988  5323792  54.27
1975-1979     30-34     0.00058  0.00290  3.03   97894     284  488911  4833803  49.38
1975-1979     35-39     0.00086  0.00428  2.69   97610     418  487085  4344892  44.51
1975-1979     40-44     0.00160  0.00796  2.74   97192     774  484209  3857807  39.69
1975-1979     45-49     0.00245  0.01220  2.83   96418    1176  479538  3373597  34.99
1975-1979     50-54     0.00428  0.02119  2.68   95242    2018  471534  2894060  30.39
1975-1979     55-59     0.00598  0.02947  2.64   93223    2748  459634  2422525  25.99
1975-1979     60-64     0.00996  0.04871  2.71   90476    4407  442280  1962892  21.70
1975-1979     65-69     0.01552  0.07492  2.69   86068    6449  415439  1520611  17.67
1975-1979     70-74     0.02791  0.13099  2.65   79620   10429  373617  1105172  13.88
1975-1979     75-79     0.04883  0.21856  2.60   69191   15122  309679   731555  10.57
1975-1979     80-84     0.08205  0.34197  2.57   54068   18489  225349   421875   7.80
1975-1979     85-89     0.14458  0.52371  2.37   35579   18633  128873   196527   5.52
1975-1979     90-94     0.22129  0.68818  2.25   16946   11662   52700    67654   3.99
1975-1979     95-99     0.33566  0.83249  1.97    5284    4399   13105    14954   2.83
1975-1979    100-104    0.46993  0.92080  1.70     885     815    1734     1849   2.09
1975-1979    105-109    0.60958  0.96373  1.45      70      68     111      114   1.63
1975-1979    110+       0.71796  1.00000  1.39       3       3       4        4   1.39
1980-1984        0      0.00750  0.00745  0.13  100000     745   99355  7949112  79.49
1980-1984      1-4      0.00038  0.00151  1.42   99255     150  396633  7849757  79.09
1980-1984      5-9      0.00022  0.00111  2.42   99105     110  495242  7453125  75.20
1980-1984     10-14     0.00018  0.00088  2.53   98995      87  494760  6957883  70.29
1980-1984     15-19     0.00045  0.00227  2.52   98908     224  493984  6463123  65.34
1980-1984     20-24     0.00043  0.00216  2.45   98684     213  492875  5969139  60.49
1980-1984     25-29     0.00037  0.00184  2.61   98471     181  491921  5476264  55.61
1980-1984     30-34     0.00045  0.00223  2.69   98290     219  490943  4984342  50.71
1980-1984     35-39     0.00079  0.00396  2.83   98071     389  489511  4493400  45.82
1980-1984     40-44     0.00126  0.00626  2.75   97682     612  487033  4003889  40.99
1980-1984     45-49     0.00211  0.01052  2.69   97070    1021  482996  3516856  36.23
1980-1984     50-54     0.00353  0.01751  2.63   96050    1682  476263  3033860  31.59
1980-1984     55-59     0.00524  0.02591  2.68   94368    2445  466170  2557597  27.10
1980-1984     60-64     0.00832  0.04080  2.69   91923    3751  450934  2091427  22.75
1980-1984     65-69     0.01436  0.06949  2.67   88172    6127  426588  1640493  18.61
1980-1984     70-74     0.02363  0.11188  2.63   82045    9179  388471  1213905  14.80
1980-1984     75-79     0.04101  0.18693  2.63   72866   13621  332108   825433  11.33
1980-1984     80-84     0.07456  0.31578  2.58   59245   18708  250910   493325   8.33
1980-1984     85-89     0.12822  0.48433  2.48   40537   19633  153122   242416   5.98
1980-1984     90-94     0.20039  0.64836  2.28   20904   13553   67632    89293   4.27
1980-1984     95-99     0.31997  0.81779  2.01    7351    6011   18787    21661   2.95
1980-1984    100-104    0.45640  0.91496  1.73    1339    1225    2685     2874   2.15
1980-1984    105-109    0.60055  0.96206  1.47     114     110     182      189   1.66
1980-1984    110+       0.71314  1.00000  1.40       4       4       6        6   1.40
1985-1989        0      0.00708  0.00704  0.13  100000     704   99391  7986639  79.87
1985-1989      1-4      0.00045  0.00178  1.59   99296     177  396758  7887249  79.43
1985-1989      5-9      0.00021  0.00104  2.54   99119     103  495344  7490491  75.57
1985-1989     10-14     0.00020  0.00100  2.33   99017      99  494821  6995147  70.65
1985-1989     15-19     0.00043  0.00216  2.86   98918     214  494134  6500327  65.71
1985-1989     20-24     0.00049  0.00246  2.45   98705     243  492903  6006193  60.85
1985-1989     25-29     0.00047  0.00236  2.71   98462     233  491774  5513290  55.99
1985-1989     30-34     0.00054  0.00270  2.67   98229     265  490528  5021516  51.12
1985-1989     35-39     0.00075  0.00376  2.77   97964     368  488998  4530988  46.25
1985-1989     40-44     0.00109  0.00545  2.65   97596     532  486729  4041990  41.42
1985-1989     45-49     0.00205  0.01019  2.67   97064     990  483018  3555262  36.63
1985-1989     50-54     0.00322  0.01597  2.52   96075    1534  476568  3072243  31.98
1985-1989     55-59     0.00515  0.02545  2.70   94541    2406  467161  2595675  27.46
1985-1989     60-64     0.00822  0.04034  2.72   92135    3717  452207  2128514  23.10
1985-1989     65-69     0.01325  0.06428  2.67   88418    5684  428833  1676308  18.96
1985-1989     70-74     0.02351  0.11149  2.68   82734    9224  392280  1247475  15.08
1985-1989     75-79     0.03942  0.18053  2.67   73511   13271  336641   855195  11.63
1985-1989     80-84     0.06908  0.29624  2.60   60240   17845  258341   518554   8.61
1985-1989     85-89     0.12152  0.46361  2.44   42394   19654  161741   260213   6.14
1985-1989     90-94     0.19829  0.64533  2.30   22740   14675   74005    98471   4.33
1985-1989     95-99     0.30914  0.80671  2.04    8065    6506   21046    24467   3.03
1985-1989    100-104    0.44543  0.90971  1.75    1559    1418    3184     3420   2.19
1985-1989    105-109    0.59121  0.96010  1.48     141     135     229      237   1.68
1985-1989    110+       0.70592  1.00000  1.42       6       6       8        8   1.42
1990-1994        0      0.00526  0.00524  0.14  100000     524   99549  8072134  80.72
1990-1994      1-4      0.00029  0.00116  1.64   99476     116  397632  7972585  80.15
1990-1994      5-9      0.00023  0.00113  2.45   99360     112  496516  7574954  76.24
1990-1994     10-14     0.00022  0.00110  2.84   99248     109  496004  7078437  71.32
1990-1994     15-19     0.00041  0.00206  2.82   99139     204  495249  6582433  66.40
1990-1994     20-24     0.00041  0.00203  2.46   98934     201  494160  6087184  61.53
1990-1994     25-29     0.00051  0.00255  2.62   98733     251  493068  5593023  56.65
1990-1994     30-34     0.00060  0.00298  2.56   98482     293  491695  5099955  51.79
1990-1994     35-39     0.00077  0.00385  2.56   98189     378  490022  4608261  46.93
1990-1994     40-44     0.00106  0.00531  2.68   97811     519  487849  4118239  42.10
1990-1994     45-49     0.00162  0.00806  2.72   97292     784  484673  3630391  37.31
1990-1994     50-54     0.00301  0.01494  2.61   96508    1442  479088  3145718  32.60
1990-1994     55-59     0.00457  0.02261  2.63   95066    2149  470239  2666630  28.05
1990-1994     60-64     0.00758  0.03722  2.67   92916    3459  456526  2196390  23.64
1990-1994     65-69     0.01286  0.06239  2.63   89458    5581  434070  1739864  19.45
1990-1994     70-74     0.02048  0.09781  2.70   83876    8204  400484  1305794  15.57
1990-1994     75-79     0.03672  0.16902  2.65   75673   12790  348295   905309  11.96
1990-1994     80-84     0.06639  0.28614  2.59   62882   17993  271029   557014   8.86
1990-1994     85-89     0.11412  0.44310  2.48   44889   19890  174299   285985   6.37
1990-1994     90-94     0.19026  0.62939  2.31   24999   15734   82697   111686   4.47
1990-1994     95-99     0.29805  0.79444  2.06    9265    7360   24695    28989   3.13
1990-1994    100-104    0.43243  0.90287  1.77    1904    1719    3976     4294   2.25
1990-1994    105-109    0.57817  0.95708  1.51     185     177     306      318   1.72
1990-1994    110+       0.69404  1.00000  1.44       8       8      11       11   1.44
1995-1999        0      0.00370  0.00369  0.14  100000     369   99684  8187292  81.87
1995-1999      1-4      0.00020  0.00081  1.82   99631      81  398350  8087608  81.18
1995-1999      5-9      0.00015  0.00075  2.55   99551      74  497573  7689258  77.24
1995-1999     10-14     0.00019  0.00095  2.83   99477      95  497178  7191685  72.30
1995-1999     15-19     0.00038  0.00188  2.75   99382     187  496489  6694507  67.36
1995-1999     20-24     0.00037  0.00186  2.25   99195     184  495469  6198017  62.48
1995-1999     25-29     0.00046  0.00229  2.04   99011     226  494385  5702549  57.60
1995-1999     30-34     0.00057  0.00286  2.52   98785     283  493221  5208163  52.72
1995-1999     35-39     0.00078  0.00390  2.45   98502     384  491530  4714942  47.87
1995-1999     40-44     0.00108  0.00536  2.61   98118     526  489331  4223412  43.04
1995-1999     45-49     0.00162  0.00805  2.60   97591     786  486073  3734081  38.26
1995-1999     50-54     0.00248  0.01236  2.78   96806    1196  481370  3248009  33.55
1995-1999     55-59     0.00408  0.02022  2.67   95609    1933  473551  2766639  28.94
1995-1999     60-64     0.00652  0.03209  2.67   93676    3006  461374  2293088  24.48
1995-1999     65-69     0.01091  0.05321  2.69   90670    4825  442200  1831714  20.20
1995-1999     70-74     0.01829  0.08775  2.69   85845    7533  411787  1389514  16.19
1995-1999     75-79     0.03164  0.14739  2.68   78312   11543  364796   977727  12.48
1995-1999     80-84     0.06027  0.26358  2.62   66770   17599  291990   612931   9.18
1995-1999     85-89     0.10966  0.43149  2.53   49171   21217  193483   320941   6.53
1995-1999     90-94     0.18282  0.61606  2.35   27954   17221   94199   127458   4.56
1995-1999     95-99     0.30063  0.79851  2.06   10733    8570   28506    33259   3.10
1995-1999    100-104    0.44431  0.90999  1.76    2163    1968    4429     4752   2.20
1995-1999    105-109    0.59886  0.96220  1.47     195     187     313      323   1.66
1995-1999    110+       0.71955  1.00000  1.39       7       7      10       10   1.39
2000-2004        0      0.00395  0.00393  0.14  100000     393   99662  8270743  82.71
2000-2004      1-4      0.00025  0.00100  1.28   99607     100  398155  8171081  82.03
2000-2004      5-9      0.00013  0.00065  2.51   99507      65  497374  7772926  78.11
2000-2004     10-14     0.00014  0.00070  2.41   99442      69  497031  7275552  73.16
2000-2004     15-19     0.00025  0.00125  2.63   99373     124  496570  6778521  68.21
2000-2004     20-24     0.00038  0.00192  2.31   99249     190  495731  6281950  63.30
2000-2004     25-29     0.00045  0.00225  2.57   99058     223  494749  5786219  58.41
2000-2004     30-34     0.00046  0.00229  2.62   98835     226  493638  5291470  53.54
2000-2004     35-39     0.00074  0.00367  2.80   98609     362  492248  4797831  48.66
2000-2004     40-44     0.00114  0.00567  2.64   98247     558  489920  4305584  43.82
2000-2004     45-49     0.00175  0.00870  2.59   97690     849  486404  3815664  39.06
2000-2004     50-54     0.00237  0.01177  2.63   96840    1139  481504  3329260  34.38
2000-2004     55-59     0.00376  0.01866  2.65   95701    1785  474313  2847755  29.76
2000-2004     60-64     0.00545  0.02688  2.60   93915    2525  463509  2373442  25.27
2000-2004     65-69     0.00945  0.04625  2.70   91390    4226  447251  1909933  20.90
2000-2004     70-74     0.01539  0.07431  2.68   87164    6477  420813  1462681  16.78
2000-2004     75-79     0.02811  0.13202  2.70   80687   10652  378986  1041869  12.91
2000-2004     80-84     0.05561  0.24565  2.63   70035   17204  309354   662883   9.47
2000-2004     85-89     0.10229  0.40849  2.54   52830   21580  210963   353529   6.69
2000-2004     90-94     0.18364  0.61801  2.35   31250   19313  105166   142565   4.56
2000-2004     95-99     0.29629  0.79417  2.08   11937    9480   31997    37399   3.13
2000-2004    100-104    0.44380  0.91018  1.76    2457    2236    5039     5403   2.20
2000-2004    105-109    0.60295  0.96328  1.47     221     213     353      364   1.65
2000-2004    110+       0.72667  1.00000  1.38       8       8      11       11   1.38
2005-2009        0      0.00367  0.00366  0.14  100000     366   99686  8363226  83.63
2005-2009      1-4      0.00024  0.00095  1.55   99634      95  398304  8263540  82.94
2005-2009      5-9      0.00015  0.00074  2.45   99539      73  497509  7865235  79.02
2005-2009     10-14     0.00014  0.00072  2.31   99466      71  497137  7367727  74.07
2005-2009     15-19     0.00019  0.00096  2.45   99394      95  496729  6870590  69.12
2005-2009     20-24     0.00028  0.00138  2.79   99299     137  496193  6373861  64.19
2005-2009     25-29     0.00032  0.00160  2.60   99162     159  495429  5877669  59.27
2005-2009     30-34     0.00041  0.00204  2.67   99003     202  494546  5382240  54.36
2005-2009     35-39     0.00070  0.00349  2.70   98801     345  493211  4887694  49.47
2005-2009     40-44     0.00105  0.00525  2.70   98456     517  491089  4394483  44.63
2005-2009     45-49     0.00165  0.00822  2.64   97938     805  487796  3903395  39.86
2005-2009     50-54     0.00236  0.01173  2.71   97134    1140  483060  3415599  35.16
2005-2009     55-59     0.00324  0.01608  2.67   95994    1543  476369  2932538  30.55
2005-2009     60-64     0.00542  0.02678  2.62   94451    2529  466229  2456169  26.00
2005-2009     65-69     0.00797  0.03910  2.66   91922    3594  451208  1989940  21.65
2005-2009     70-74     0.01337  0.06487  2.71   88328    5730  428531  1538732  17.42
2005-2009     75-79     0.02480  0.11729  2.69   82598    9688  390629  1110201  13.44
2005-2009     80-84     0.04906  0.22030  2.69   72910   16062  327411   719573   9.87
2005-2009     85-89     0.09736  0.39430  2.59   56848   22415  230229   392161   6.90
2005-2009     90-94     0.17339  0.59662  2.39   34433   20543  118481   161933   4.70
2005-2009     95-99     0.29596  0.79503  2.09   13890   11043   37311    43452   3.13
2005-2009    100-104    0.45289  0.91556  1.75    2847    2607    5755     6140   2.16
2005-2009    105-109    0.62115  0.96724  1.44     240     233     374      385   1.60
2005-2009    110+       0.74933  1.00000  1.33       8       8      11       11   1.33
2010-2014        0      0.00273  0.00273  0.14  100000     273   99766  8417197  84.17
2010-2014      1-4      0.00022  0.00086  1.55   99727      86  398699  8317431  83.40
2010-2014      5-9      0.00017  0.00084  2.77   99642      84  498021  7918732  79.47
2010-2014     10-14     0.00015  0.00074  2.22   99558      73  497585  7420711  74.54
2010-2014     15-19     0.00019  0.00097  2.58   99485      97  497189  6923126  69.59
2010-2014     20-24     0.00023  0.00114  2.71   99388     113  496681  6425937  64.66
2010-2014     25-29     0.00031  0.00156  2.56   99275     155  495995  5929256  59.73
2010-2014     30-34     0.00047  0.00233  2.58   99120     231  495040  5433260  54.82
2010-2014     35-39     0.00066  0.00330  2.70   98889     326  493694  4938221  49.94
2010-2014     40-44     0.00115  0.00571  2.72   98563     563  491532  4444527  45.09
2010-2014     45-49     0.00150  0.00747  2.56   98000     732  488212  3952994  40.34
2010-2014     50-54     0.00220  0.01095  2.53   97267    1065  483700  3464782  35.62
2010-2014     55-59     0.00318  0.01577  2.60   96202    1517  477365  2981083  30.99
2010-2014     60-64     0.00482  0.02385  2.65   94685    2258  468107  2503718  26.44
2010-2014     65-69     0.00711  0.03498  2.70   92427    3233  454689  2035610  22.02
2010-2014     70-74     0.01280  0.06222  2.75   89194    5549  433459  1580921  17.72
2010-2014     75-79     0.02357  0.11180  2.71   83644    9351  396762  1147462  13.72
2010-2014     80-84     0.04487  0.20323  2.68   74293   15099  336473   750700  10.10
2010-2014     85-89     0.09147  0.37578  2.63   59195   22244  243180   414227   7.00
2010-2014     90-94     0.17583  0.60341  2.40   36950   22296  126806   171048   4.63
2010-2014     95-99     0.30790  0.80996  2.07   14654   11869   38549    44242   3.02
2010-2014    100-104    0.47954  0.92844  1.70    2785    2586    5392     5693   2.04
2010-2014    105-109    0.65833  0.97379  1.38     199     194     295      301   1.51
2010-2014    110+       0.78817  1.00000  1.27       5       5       7        7   1.27
2015-2019        0      0.00251  0.00250  0.14  100000     250   99786  8480796  84.81
2015-2019      1-4      0.00018  0.00071  1.34   99750      71  398809  8381011  84.02
2015-2019      5-9      0.00015  0.00074  2.71   99678      74  498222  7982202  80.08
2015-2019     10-14     0.00015  0.00076  2.69   99604      75  497848  7483980  75.14
2015-2019     15-19     0.00022  0.00107  2.47   99529     107  497374  6986132  70.19
2015-2019     20-24     0.00023  0.00115  2.53   99422     114  496828  6488758  65.26
2015-2019     25-29     0.00028  0.00140  2.53   99308     140  496194  5991930  60.34
2015-2019     30-34     0.00045  0.00226  2.86   99168     224  495361  5495735  55.42
2015-2019     35-39     0.00065  0.00324  2.77   98944     321  494006  5000374  50.54
2015-2019     40-44     0.00100  0.00498  2.69   98623     491  491982  4506368  45.69
2015-2019     45-49     0.00144  0.00719  2.58   98132     706  488951  4014387  40.91
2015-2019     50-54     0.00233  0.01157  2.55   97426    1127  484368  3525436  36.19
2015-2019     55-59     0.00315  0.01561  2.65   96299    1504  477958  3041068  31.58
2015-2019     60-64     0.00472  0.02336  2.59   94795    2214  468638  2563110  27.04
2015-2019     65-69     0.00703  0.03459  2.62   92581    3203  455277  2094472  22.62
2015-2019     70-74     0.01122  0.05465  2.68   89379    4885  435549  1639195  18.34
2015-2019     75-79     0.02107  0.10057  2.74   84494    8497  403237  1203646  14.25
2015-2019     80-84     0.04175  0.19060  2.72   75996   14485  346904   800410  10.53
2015-2019     85-89     0.08290  0.34598  2.61   61512   21282  256706   453506   7.37
2015-2019     90-94     0.16099  0.56906  2.43   40230   22893  142201   196799   4.89
2015-2019     95-99     0.29237  0.79271  2.11   17336   13743   47005    54599   3.15
2015-2019    100-104    0.46266  0.92138  1.73    3594    3311    7157     7593   2.11
2015-2019    105-109    0.64411  0.97169  1.41     283     275     426      437   1.54
2015-2019    110+       0.77806  1.00000  1.29       8       8      10       10   1.29
