SA, Life tables (period 5x1), Males	Last modified: 02 Jul 2018;  Methods Protocol: v6 (2017)

  Year          Age         mx       qx    ax      lx      dx      Lx       Tx     ex
  1971           0      0.01759  0.01732  0.11  100000    1732   98465  6947995  69.48
  1971         1-4      0.00095  0.00380  1.58   98268     373  392165  6849530  69.70
  1971         5-9      0.00033  0.00167  3.15   97894     164  489168  6457364  65.96
  1971        10-14     0.00024  0.00122  2.25   97731     119  488325  5968196  61.07
  1971        15-19     0.00163  0.00814  2.89   97612     795  486377  5479871  56.14
  1971        20-24     0.00146  0.00728  2.19   96817     705  482101  4993494  51.58
  1971        25-29     0.00114  0.00570  2.54   96112     547  479211  4511393  46.94
  1971        30-34     0.00146  0.00728  2.40   95564     695  476010  4032183  42.19
  1971        35-39     0.00213  0.01059  2.78   94869    1005  472113  3556173  37.49
  1971        40-44     0.00277  0.01376  2.51   93864    1291  466109  3084060  32.86
  1971        45-49     0.00491  0.02428  2.67   92573    2248  457634  2617950  28.28
  1971        50-54     0.00806  0.03957  2.72   90325    3575  443472  2160317  23.92
  1971        55-59     0.01540  0.07440  2.75   86750    6454  419204  1716845  19.79
  1971        60-64     0.02209  0.10488  2.59   80296    8422  381161  1297641  16.16
  1971        65-69     0.03744  0.17161  2.58   71874   12334  329471   916479  12.75
  1971        70-74     0.06329  0.27319  2.50   59540   16265  256987   587009   9.86
  1971        75-79     0.09119  0.36880  2.41   43274   15959  175018   330022   7.63
  1971        80-84     0.13980  0.51410  2.43   27315   14043  100451   155004   5.67
  1971        85-89     0.21485  0.67364  2.23   13272    8941   41612    54553   4.11
  1971        90-94     0.31622  0.81220  2.01    4332    3518   11126    12941   2.99
  1971        95-99     0.43809  0.90439  1.75     813     736    1679     1815   2.23
  1971       100-104    0.56838  0.95377  1.52      78      74     131      136   1.74
  1971       105-109    0.69094  0.97668  1.33       4       4       5        5   1.44
  1971       110+       0.78054  1.00000  1.28       0       0       0        0   1.28
  1972           0      0.01843  0.01813  0.11  100000    1813   98391  6931513  69.32
  1972         1-4      0.00096  0.00385  1.64   98187     378  391855  6833122  69.59
  1972         5-9      0.00035  0.00176  1.87   97809     172  488505  6441267  65.86
  1972        10-14     0.00044  0.00219  2.92   97637     213  487739  5952762  60.97
  1972        15-19     0.00137  0.00683  3.04   97423     665  485811  5465023  56.10
  1972        20-24     0.00135  0.00675  2.18   96758     653  481949  4979212  51.46
  1972        25-29     0.00099  0.00492  2.19   96105     473  479197  4497263  46.80
  1972        30-34     0.00120  0.00600  2.49   95633     574  476722  4018066  42.02
  1972        35-39     0.00169  0.00842  2.47   95059     800  473267  3541345  37.25
  1972        40-44     0.00325  0.01610  2.50   94259    1518  467500  3068078  32.55
  1972        45-49     0.00554  0.02734  2.59   92741    2536  457601  2600578  28.04
  1972        50-54     0.00917  0.04493  2.73   90205    4053  441828  2142977  23.76
  1972        55-59     0.01504  0.07263  2.63   86152    6257  415938  1701149  19.75
  1972        60-64     0.02434  0.11511  2.65   79895    9197  377874  1285211  16.09
  1972        65-69     0.03948  0.17998  2.55   70698   12724  322290   907336  12.83
  1972        70-74     0.05703  0.25000  2.54   57974   14493  254150   585046  10.09
  1972        75-79     0.09476  0.38271  2.49   43480   16641  175600   330896   7.61
  1972        80-84     0.13585  0.50029  2.37   26840   13428   98840   155297   5.79
  1972        85-89     0.20854  0.66226  2.25   13412    8882   42593    56456   4.21
  1972        90-94     0.30756  0.80295  2.02    4530    3637   11826    13864   3.06
  1972        95-99     0.42749  0.89852  1.77     893     802    1876     2037   2.28
  1972       100-104    0.55698  0.95070  1.54      91      86     155      161   1.78
  1972       105-109    0.68022  0.97522  1.34       4       4       6        7   1.47
  1972       110+       0.77116  1.00000  1.30       0       0       0        0   1.30
  1973           0      0.01634  0.01611  0.12  100000    1611   98577  6960232  69.60
  1973         1-4      0.00101  0.00404  1.66   98389     397  392625  6861655  69.74
  1973         5-9      0.00026  0.00131  2.54   97992     128  489643  6469030  66.02
  1973        10-14     0.00024  0.00121  2.42   97864     118  489012  5979387  61.10
  1973        15-19     0.00160  0.00795  2.77   97745     777  486988  5490375  56.17
  1973        20-24     0.00133  0.00665  2.20   96968     645  483033  5003387  51.60
  1973        25-29     0.00117  0.00581  2.69   96323     560  480319  4520354  46.93
  1973        30-34     0.00113  0.00564  2.98   95763     540  477724  4040035  42.19
  1973        35-39     0.00174  0.00867  2.75   95223     825  474263  3562311  37.41
  1973        40-44     0.00267  0.01327  2.83   94398    1253  469276  3088048  32.71
  1973        45-49     0.00507  0.02509  2.95   93145    2337  460944  2618772  28.11
  1973        50-54     0.00898  0.04392  2.56   90809    3988  444316  2157827  23.76
  1973        55-59     0.01498  0.07248  2.75   86820    6292  419921  1713511  19.74
  1973        60-64     0.02381  0.11289  2.72   80528    9091  381887  1293590  16.06
  1973        65-69     0.03949  0.18114  2.72   71437   12940  327707   911703  12.76
  1973        70-74     0.06183  0.27054  2.69   58497   15826  255971   583996   9.98
  1973        75-79     0.09151  0.37295  2.52   42671   15914  173906   328025   7.69
  1973        80-84     0.13839  0.51310  2.48   26757   13729   99202   154119   5.76
  1973        85-89     0.21122  0.66244  2.19   13028    8630   40860    54917   4.22
  1973        90-94     0.29370  0.78586  2.04    4398    3456   11767    14057   3.20
  1973        95-99     0.39958  0.88016  1.82     942     829    2074     2291   2.43
  1973       100-104    0.51584  0.93708  1.60     113     106     205      216   1.92
  1973       105-109    0.63109  0.96689  1.41       7       7      11       11   1.58
  1973       110+       0.71991  1.00000  1.39       0       0       0        0   1.39
  1974           0      0.01818  0.01789  0.11  100000    1789   98413  6909968  69.10
  1974         1-4      0.00082  0.00325  1.37   98211     320  392003  6811554  69.36
  1974         5-9      0.00040  0.00201  3.19   97891     197  489101  6419551  65.58
  1974        10-14     0.00027  0.00137  2.71   97695     134  488167  5930451  60.70
  1974        15-19     0.00194  0.00964  3.04   97561     941  485963  5442283  55.78
  1974        20-24     0.00162  0.00805  2.40   96620     778  481075  4956320  51.30
  1974        25-29     0.00121  0.00605  2.20   95842     580  477587  4475245  46.69
  1974        30-34     0.00105  0.00526  2.31   95262     501  474965  3997658  41.96
  1974        35-39     0.00241  0.01198  2.39   94761    1136  470846  3522693  37.17
  1974        40-44     0.00307  0.01525  2.60   93626    1427  464702  3051846  32.60
  1974        45-49     0.00590  0.02915  2.93   92198    2688  455423  2587144  28.06
  1974        50-54     0.00870  0.04263  2.65   89510    3816  438589  2131720  23.82
  1974        55-59     0.01541  0.07430  2.59   85694    6367  413155  1693132  19.76
  1974        60-64     0.02349  0.11125  2.62   79328    8825  375605  1279977  16.14
  1974        65-69     0.03818  0.17520  2.65   70503   12352  323498   904371  12.83
  1974        70-74     0.05986  0.26185  2.61   58151   15227  254365   580873   9.99
  1974        75-79     0.09098  0.36871  2.43   42924   15827  173949   326508   7.61
  1974        80-84     0.13973  0.51360  2.42   27097   13917   99602   152559   5.63
  1974        85-89     0.22498  0.68446  2.14   13180    9021   40097    52957   4.02
  1974        90-94     0.30477  0.79888  2.02    4159    3322   10901    12860   3.09
  1974        95-99     0.41622  0.89110  1.79     836     745    1791     1959   2.34
  1974       100-104    0.53718  0.94439  1.57      91      86     160      168   1.84
  1974       105-109    0.65473  0.97113  1.38       5       5       8        8   1.52
  1974       110+       0.74371  1.00000  1.34       0       0       0        0   1.34
  1975           0      0.01269  0.01255  0.12  100000    1255   98901  7016208  70.16
  1975         1-4      0.00102  0.00405  1.67   98745     400  394047  6917307  70.05
  1975         5-9      0.00033  0.00165  2.69   98345     162  491352  6523260  66.33
  1975        10-14     0.00029  0.00146  2.80   98183     144  490599  6031908  61.44
  1975        15-19     0.00168  0.00837  3.07   98039     821  488612  5541310  56.52
  1975        20-24     0.00147  0.00730  2.30   97218     710  484178  5052698  51.97
  1975        25-29     0.00130  0.00650  2.34   96509     627  480872  4568519  47.34
  1975        30-34     0.00146  0.00728  2.54   95881     698  477689  4087647  42.63
  1975        35-39     0.00170  0.00846  2.70   95184     806  474069  3609958  37.93
  1975        40-44     0.00258  0.01283  2.63   94378    1211  469016  3135889  33.23
  1975        45-49     0.00496  0.02453  2.93   93167    2286  461102  2666872  28.62
  1975        50-54     0.00891  0.04367  2.71   90881    3969  445312  2205771  24.27
  1975        55-59     0.01329  0.06458  2.79   86912    5613  422167  1760458  20.26
  1975        60-64     0.02338  0.11068  2.60   81299    8998  384890  1338292  16.46
  1975        65-69     0.03767  0.17264  2.59   72301   12482  331383   953401  13.19
  1975        70-74     0.05609  0.24871  2.73   59819   14878  265263   622018  10.40
  1975        75-79     0.08847  0.36463  2.59   44941   16387  185233   356755   7.94
  1975        80-84     0.13103  0.49290  2.49   28554   14074  107415   171522   6.01
  1975        85-89     0.19684  0.63946  2.26   14480    9259   47040    64107   4.43
  1975        90-94     0.28561  0.77673  2.06    5221    4055   14198    17067   3.27
  1975        95-99     0.39408  0.87691  1.84    1166    1022    2594     2869   2.46
  1975       100-104    0.51415  0.93678  1.61     143     134     261      276   1.92
  1975       105-109    0.63336  0.96747  1.41       9       9      14       14   1.57
  1975       110+       0.72493  1.00000  1.38       0       0       0        0   1.38
  1976           0      0.01688  0.01663  0.12  100000    1663   98529  7040787  70.41
  1976         1-4      0.00062  0.00247  1.15   98337     243  392656  6942257  70.60
  1976         5-9      0.00037  0.00187  1.94   98094     183  489911  6549602  66.77
  1976        10-14     0.00036  0.00181  2.92   97911     178  489187  6059691  61.89
  1976        15-19     0.00129  0.00642  2.76   97734     628  487260  5570504  57.00
  1976        20-24     0.00164  0.00814  2.28   97106     791  483380  5083244  52.35
  1976        25-29     0.00102  0.00507  2.24   96315     488  480229  4599864  47.76
  1976        30-34     0.00097  0.00484  2.38   95827     464  477920  4119635  42.99
  1976        35-39     0.00170  0.00845  2.61   95363     805  474893  3641714  38.19
  1976        40-44     0.00283  0.01405  2.99   94557    1329  470119  3166821  33.49
  1976        45-49     0.00515  0.02544  2.79   93229    2372  460895  2696702  28.93
  1976        50-54     0.00804  0.03947  2.71   90857    3586  446088  2235808  24.61
  1976        55-59     0.01267  0.06153  2.69   87271    5370  423939  1789719  20.51
  1976        60-64     0.02187  0.10386  2.58   81901    8506  388951  1365780  16.68
  1976        65-69     0.03576  0.16492  2.65   73395   12105  338525   976830  13.31
  1976        70-74     0.05353  0.23623  2.52   61291   14479  270504   638305  10.41
  1976        75-79     0.08542  0.35404  2.58   46812   16573  194019   367801   7.86
  1976        80-84     0.14007  0.51546  2.44   30239   15587  111277   173782   5.75
  1976        85-89     0.20731  0.65769  2.22   14652    9636   46482    62505   4.27
  1976        90-94     0.29384  0.78609  2.04    5016    3943   13417    16023   3.19
  1976        95-99     0.40023  0.88065  1.82    1073     945    2361     2606   2.43
  1976       100-104    0.51703  0.93753  1.60     128     120     232      245   1.91
  1976       105-109    0.63269  0.96721  1.41       8       8      12       13   1.57
  1976       110+       0.72172  1.00000  1.39       0       0       0        0   1.39
  1977           0      0.01138  0.01127  0.13  100000    1127   99016  7110434  71.10
  1977         1-4      0.00069  0.00275  1.84   98873     272  394907  7011418  70.91
  1977         5-9      0.00027  0.00136  2.62   98602     134  492689  6616511  67.10
  1977        10-14     0.00032  0.00159  2.92   98467     157  492011  6123822  62.19
  1977        15-19     0.00156  0.00776  2.87   98311     763  489929  5631811  57.29
  1977        20-24     0.00159  0.00793  2.19   97548     773  485564  5141882  52.71
  1977        25-29     0.00153  0.00762  2.52   96774     738  482042  4656318  48.12
  1977        30-34     0.00097  0.00484  2.64   96037     464  479089  4174276  43.47
  1977        35-39     0.00177  0.00882  2.58   95572     842  475824  3695187  38.66
  1977        40-44     0.00218  0.01086  2.65   94730    1029  471235  3219364  33.98
  1977        45-49     0.00500  0.02471  2.74   93701    2315  463272  2748128  29.33
  1977        50-54     0.00726  0.03568  2.61   91386    3261  449143  2284857  25.00
  1977        55-59     0.01330  0.06459  2.76   88125    5692  427871  1835714  20.83
  1977        60-64     0.02139  0.10171  2.59   82432    8384  391918  1407842  17.08
  1977        65-69     0.03309  0.15334  2.61   74048   11355  343109  1015924  13.72
  1977        70-74     0.05194  0.23055  2.57   62694   14454  278286   672815  10.73
  1977        75-79     0.08428  0.34570  2.40   48240   16676  197878   394530   8.18
  1977        80-84     0.12557  0.47375  2.41   31563   14953  119087   196651   6.23
  1977        85-89     0.18529  0.61571  2.28   16610   10227   55194    77565   4.67
  1977        90-94     0.26412  0.74804  2.10    6383    4775   18078    22371   3.50
  1977        95-99     0.36098  0.85129  1.90    1608    1369    3793     4293   2.67
  1977       100-104    0.47050  0.91869  1.68     239     220     467      500   2.09
  1977       105-109    0.58337  0.95656  1.49      19      19      32       33   1.70
  1977       110+       0.67291  1.00000  1.49       1       1       1        1   1.49
  1978           0      0.01415  0.01397  0.12  100000    1397   98772  7097688  70.98
  1978         1-4      0.00079  0.00316  1.61   98603     311  393668  6998916  70.98
  1978         5-9      0.00026  0.00130  2.46   98292     128  491133  6605248  67.20
  1978        10-14     0.00022  0.00112  2.33   98164     110  490525  6114115  62.28
  1978        15-19     0.00149  0.00741  2.90   98054     726  488742  5623590  57.35
  1978        20-24     0.00149  0.00743  2.45   97327     723  484790  5134848  52.76
  1978        25-29     0.00131  0.00653  2.25   96604     631  481285  4650057  48.14
  1978        30-34     0.00122  0.00609  2.55   95974     584  478435  4168772  43.44
  1978        35-39     0.00171  0.00850  2.60   95389     811  475004  3690337  38.69
  1978        40-44     0.00260  0.01293  2.83   94578    1223  470238  3215333  34.00
  1978        45-49     0.00482  0.02382  2.66   93356    2224  461570  2745095  29.40
  1978        50-54     0.00671  0.03302  2.65   91132    3009  448583  2283526  25.06
  1978        55-59     0.01190  0.05795  2.75   88123    5107  429136  1834943  20.82
  1978        60-64     0.02127  0.10122  2.61   83016    8403  394985  1405807  16.93
  1978        65-69     0.03481  0.16052  2.57   74613   11977  344019  1010822  13.55
  1978        70-74     0.05325  0.23625  2.61   62636   14798  277872   666803  10.65
  1978        75-79     0.08307  0.34438  2.52   47839   16475  198329   388931   8.13
  1978        80-84     0.12936  0.48531  2.43   31364   15221  117662   190603   6.08
  1978        85-89     0.19217  0.63011  2.27   16143   10172   52931    72941   4.52
  1978        90-94     0.27769  0.76659  2.08    5971    4577   16484    20010   3.35
  1978        95-99     0.38254  0.86855  1.86    1394    1210    3164     3526   2.53
  1978       100-104    0.49957  0.93125  1.63     183     171     342      362   1.97
  1978       105-109    0.61731  0.96432  1.43      13      12      20       20   1.61
  1978       110+       0.70877  1.00000  1.41       0       0       1        1   1.41
  1979           0      0.00929  0.00922  0.13  100000     922   99199  7161369  71.61
  1979         1-4      0.00073  0.00291  1.44   99078     288  395575  7062170  71.28
  1979         5-9      0.00024  0.00121  3.03   98790     119  493713  6666596  67.48
  1979        10-14     0.00019  0.00094  3.04   98670      93  493170  6172883  62.56
  1979        15-19     0.00143  0.00712  3.16   98578     701  491596  5679712  57.62
  1979        20-24     0.00138  0.00688  2.34   97876     674  487589  5188116  53.01
  1979        25-29     0.00167  0.00834  2.35   97203     810  483865  4700527  48.36
  1979        30-34     0.00143  0.00713  2.50   96392     687  480246  4216662  43.74
  1979        35-39     0.00163  0.00813  2.91   95705     778  476899  3736416  39.04
  1979        40-44     0.00239  0.01190  2.75   94927    1130  472094  3259516  34.34
  1979        45-49     0.00487  0.02410  2.87   93798    2260  464177  2787422  29.72
  1979        50-54     0.00718  0.03533  2.69   91537    3234  450226  2323245  25.38
  1979        55-59     0.01214  0.05910  2.75   88303    5219  429756  1873019  21.21
  1979        60-64     0.02117  0.10074  2.61   83084    8370  395436  1443263  17.37
  1979        65-69     0.03229  0.15002  2.64   74714   11209  347162  1047827  14.02
  1979        70-74     0.05258  0.23383  2.63   63506   14849  282402   700665  11.03
  1979        75-79     0.07826  0.32621  2.45   48656   15872  202811   418263   8.60
  1979        80-84     0.11368  0.43996  2.43   32784   14424  126878   215452   6.57
  1979        85-89     0.17446  0.59459  2.32   18360   10917   62576    88575   4.82
  1979        90-94     0.26299  0.74852  2.12    7444    5572   21186    25998   3.49
  1979        95-99     0.37503  0.86420  1.88    1872    1618    4313     4813   2.57
  1979       100-104    0.50220  0.93306  1.63     254     237     472      499   1.96
  1979       105-109    0.62994  0.96719  1.42      17      16      26       27   1.58
  1979       110+       0.72792  1.00000  1.37       1       1       1        1   1.37
  1980           0      0.01128  0.01117  0.13  100000    1117   99025  7198694  71.99
  1980         1-4      0.00053  0.00210  1.58   98883     208  395030  7099669  71.80
  1980         5-9      0.00024  0.00122  1.96   98676     120  493014  6704639  67.95
  1980        10-14     0.00038  0.00190  2.94   98556     187  492392  6211626  63.03
  1980        15-19     0.00138  0.00687  2.98   98368     676  490474  5719234  58.14
  1980        20-24     0.00139  0.00691  2.15   97692     675  486534  5228760  53.52
  1980        25-29     0.00113  0.00562  2.26   97017     545  483595  4742226  48.88
  1980        30-34     0.00109  0.00545  2.61   96472     526  481104  4258632  44.14
  1980        35-39     0.00158  0.00789  2.71   95946     757  477997  3777528  39.37
  1980        40-44     0.00294  0.01462  2.57   95189    1391  472564  3299531  34.66
  1980        45-49     0.00406  0.02011  2.92   93798    1886  465065  2826967  30.14
  1980        50-54     0.00744  0.03656  2.67   91911    3360  451739  2361902  25.70
  1980        55-59     0.01329  0.06444  2.67   88551    5707  429481  1910164  21.57
  1980        60-64     0.02056  0.09810  2.67   82845    8127  395325  1480683  17.87
  1980        65-69     0.02956  0.13825  2.66   74718   10330  349393  1085358  14.53
  1980        70-74     0.04558  0.20559  2.62   64388   13238  290458   735965  11.43
  1980        75-79     0.07567  0.31886  2.53   51151   16310  215541   445507   8.71
  1980        80-84     0.11426  0.44322  2.47   34841   15442  135152   229966   6.60
  1980        85-89     0.17316  0.59092  2.31   19399   11463   66198    94814   4.89
  1980        90-94     0.25424  0.73516  2.13    7936    5834   22946    28616   3.61
  1980        95-99     0.35611  0.84814  1.91    2102    1783    5006     5670   2.70
  1980       100-104    0.47270  0.92032  1.68     319     294     621      664   2.08
  1980       105-109    0.59290  0.95919  1.47      25      24      41       43   1.68
  1980       110+       0.68766  1.00000  1.45       1       1       2        2   1.45
  1981           0      0.00997  0.00988  0.13  100000     988   99140  7226621  72.27
  1981         1-4      0.00034  0.00137  2.11   99012     135  395792  7127481  71.99
  1981         5-9      0.00031  0.00154  2.07   98877     152  493936  6731689  68.08
  1981        10-14     0.00024  0.00119  2.45   98724     117  493322  6237753  63.18
  1981        15-19     0.00135  0.00672  3.05   98607     663  491740  5744430  58.26
  1981        20-24     0.00111  0.00554  2.59   97944     543  488409  5252691  53.63
  1981        25-29     0.00127  0.00632  2.62   97401     616  485537  4764282  48.91
  1981        30-34     0.00107  0.00533  2.31   96785     516  482539  4278745  44.21
  1981        35-39     0.00175  0.00873  2.78   96269     840  479478  3796206  39.43
  1981        40-44     0.00216  0.01077  2.63   95429    1028  474710  3316728  34.76
  1981        45-49     0.00443  0.02191  2.68   94402    2069  467206  2842019  30.11
  1981        50-54     0.00742  0.03646  2.64   92333    3366  453706  2374812  25.72
  1981        55-59     0.01234  0.06008  2.82   88967    5345  433186  1921106  21.59
  1981        60-64     0.01761  0.08446  2.57   83622    7063  400956  1487920  17.79
  1981        65-69     0.03073  0.14307  2.59   76559   10954  356411  1086964  14.20
  1981        70-74     0.04949  0.22046  2.53   65605   14464  292274   730553  11.14
  1981        75-79     0.07574  0.31873  2.52   51142   16300  215228   438279   8.57
  1981        80-84     0.12173  0.46299  2.42   34841   16131  132514   223051   6.40
  1981        85-89     0.17693  0.59831  2.30   18710   11194   63271    90537   4.84
  1981        90-94     0.25346  0.73315  2.13    7516    5510   21740    27266   3.63
  1981        95-99     0.34841  0.84071  1.92    2006    1686    4839     5526   2.76
  1981       100-104    0.45693  0.91236  1.71     319     291     638      687   2.15
  1981       105-109    0.57007  0.95323  1.51      28      27      47       49   1.74
  1981       110+       0.66046  1.00000  1.51       1       1       2        2   1.51
  1982           0      0.01334  0.01319  0.12  100000    1319   98843  7177274  71.77
  1982         1-4      0.00036  0.00145  1.08   98681     143  394306  7078432  71.73
  1982         5-9      0.00048  0.00242  2.81   98538     238  492167  6684126  67.83
  1982        10-14     0.00039  0.00194  3.25   98300     190  491167  6191958  62.99
  1982        15-19     0.00095  0.00475  3.01   98110     466  489620  5700792  58.11
  1982        20-24     0.00130  0.00649  2.38   97643     634  486557  5211171  53.37
  1982        25-29     0.00122  0.00607  2.64   97009     589  483657  4724614  48.70
  1982        30-34     0.00120  0.00598  2.35   96420     577  480577  4240957  43.98
  1982        35-39     0.00145  0.00721  2.63   95844     691  477581  3760381  39.23
  1982        40-44     0.00183  0.00911  2.65   95153     866  473730  3282800  34.50
  1982        45-49     0.00391  0.01936  2.64   94287    1825  467135  2809069  29.79
  1982        50-54     0.00740  0.03637  2.69   92462    3363  454530  2341934  25.33
  1982        55-59     0.01240  0.06024  2.67   89099    5368  432989  1887404  21.18
  1982        60-64     0.01985  0.09488  2.69   83731    7945  400307  1454416  17.37
  1982        65-69     0.03301  0.15276  2.56   75786   11577  350734  1054108  13.91
  1982        70-74     0.04967  0.22136  2.55   64210   14213  286161   703374  10.95
  1982        75-79     0.08047  0.33688  2.59   49996   16843  209317   417213   8.34
  1982        80-84     0.12099  0.46394  2.49   33153   15381  127123   207896   6.27
  1982        85-89     0.18809  0.62349  2.30   17772   11081   58913    80773   4.54
  1982        90-94     0.28442  0.77681  2.08    6691    5198   18276    21859   3.27
  1982        95-99     0.40454  0.88514  1.82    1493    1322    3268     3583   2.40
  1982       100-104    0.53750  0.94530  1.57     172     162     302      316   1.84
  1982       105-109    0.66645  0.97337  1.36       9       9      14       14   1.50
  1982       110+       0.76235  1.00000  1.31       0       0       0        0   1.31
  1983           0      0.01069  0.01060  0.13  100000    1060   99076  7266247  72.66
  1983         1-4      0.00048  0.00193  1.25   98940     191  395236  7167170  72.44
  1983         5-9      0.00024  0.00121  2.22   98749     120  493415  6771935  68.58
  1983        10-14     0.00020  0.00101  2.64   98630      99  492915  6278519  63.66
  1983        15-19     0.00133  0.00662  2.99   98530     652  491340  5785605  58.72
  1983        20-24     0.00154  0.00767  2.33   97878     751  487387  5294264  54.09
  1983        25-29     0.00134  0.00666  2.34   97128     647  483915  4806877  49.49
  1983        30-34     0.00125  0.00622  2.45   96481     600  480871  4322962  44.81
  1983        35-39     0.00113  0.00565  2.56   95881     542  478081  3842091  40.07
  1983        40-44     0.00216  0.01073  2.73   95339    1023  474376  3364010  35.28
  1983        45-49     0.00397  0.01969  2.64   94316    1857  467206  2889635  30.64
  1983        50-54     0.00632  0.03116  2.81   92459    2881  455983  2422429  26.20
  1983        55-59     0.01183  0.05757  2.67   89578    5157  435890  1966446  21.95
  1983        60-64     0.01767  0.08474  2.58   84422    7154  404772  1530556  18.13
  1983        65-69     0.02932  0.13725  2.68   77268   10605  361700  1125783  14.57
  1983        70-74     0.04604  0.20794  2.67   66662   13862  301060   764083  11.46
  1983        75-79     0.07366  0.31084  2.49   52800   16413  222802   463023   8.77
  1983        80-84     0.12104  0.46260  2.45   36388   16833  139068   240221   6.60
  1983        85-89     0.16554  0.57193  2.30   19555   11184   67561   101153   5.17
  1983        90-94     0.22700  0.69053  2.16    8371    5780   25464    33592   4.01
  1983        95-99     0.30257  0.79348  2.00    2591    2056    6794     8128   3.14
  1983       100-104    0.39029  0.87166  1.83     535     466    1195     1335   2.49
  1983       105-109    0.48574  0.92396  1.65      69      63     131      140   2.04
  1983       110+       0.56418  1.00000  1.77       5       5       9        9   1.77
  1984           0      0.00908  0.00900  0.13  100000     900   99218  7304825  73.05
  1984         1-4      0.00060  0.00240  1.60   99100     238  395829  7205607  72.71
  1984         5-9      0.00028  0.00142  2.25   98862     140  493923  6809778  68.88
  1984        10-14     0.00034  0.00168  3.45   98721     166  493349  6315855  63.98
  1984        15-19     0.00076  0.00381  2.94   98555     376  492001  5822507  59.08
  1984        20-24     0.00142  0.00708  2.40   98180     695  489094  5330506  54.29
  1984        25-29     0.00095  0.00474  2.75   97485     462  486382  4841412  49.66
  1984        30-34     0.00149  0.00741  2.45   97023     718  483282  4355030  44.89
  1984        35-39     0.00133  0.00662  2.75   96304     637  480086  3871747  40.20
  1984        40-44     0.00203  0.01012  2.77   95667     969  476169  3391661  35.45
  1984        45-49     0.00294  0.01458  2.82   94698    1381  470485  2915492  30.79
  1984        50-54     0.00732  0.03603  2.84   93317    3363  459314  2445007  26.20
  1984        55-59     0.01086  0.05300  2.77   89954    4768  439164  1985693  22.07
  1984        60-64     0.01769  0.08490  2.65   85187    7233  408945  1546529  18.15
  1984        65-69     0.02840  0.13310  2.64   77954   10375  365316  1137584  14.59
  1984        70-74     0.04678  0.21053  2.63   67579   14227  304161   772268  11.43
  1984        75-79     0.07247  0.30645  2.48   53352   16349  225595   468107   8.77
  1984        80-84     0.11782  0.45256  2.44   37002   16746  142127   242512   6.55
  1984        85-89     0.17190  0.58729  2.30   20256   11896   69204   100385   4.96
  1984        90-94     0.24546  0.72116  2.14    8360    6029   24562    31181   3.73
  1984        95-99     0.33703  0.83024  1.94    2331    1935    5743     6619   2.84
  1984       100-104    0.44244  0.90486  1.73     396     358     809      877   2.22
  1984       105-109    0.55360  0.94862  1.54      38      36      65       68   1.79
  1984       110+       0.64311  1.00000  1.55       2       2       3        3   1.55
  1985           0      0.00923  0.00915  0.13  100000     915   99205  7318187  73.18
  1985         1-4      0.00066  0.00264  1.03   99085     262  395561  7218983  72.86
  1985         5-9      0.00033  0.00165  2.12   98823     163  493647  6823422  69.05
  1985        10-14     0.00023  0.00116  2.62   98660     114  493031  6329775  64.16
  1985        15-19     0.00119  0.00593  2.92   98546     585  491514  5836744  59.23
  1985        20-24     0.00152  0.00755  2.39   97962     740  487876  5345230  54.56
  1985        25-29     0.00123  0.00615  2.48   97222     598  484604  4857354  49.96
  1985        30-34     0.00107  0.00535  2.33   96624     517  481738  4372751  45.26
  1985        35-39     0.00129  0.00641  2.30   96107     616  478870  3891013  40.49
  1985        40-44     0.00234  0.01164  2.57   95491    1111  474759  3412143  35.73
  1985        45-49     0.00314  0.01557  2.66   94380    1470  468455  2937385  31.12
  1985        50-54     0.00568  0.02807  2.91   92910    2608  459101  2468929  26.57
  1985        55-59     0.01122  0.05467  2.68   90301    4937  440063  2009828  22.26
  1985        60-64     0.01659  0.07985  2.66   85364    6817  410842  1569765  18.39
  1985        65-69     0.02854  0.13340  2.56   78548   10478  367196  1158924  14.75
  1985        70-74     0.04371  0.19713  2.51   68069   13419  306990   791728  11.63
  1985        75-79     0.07044  0.30120  2.60   54651   16461  233698   484738   8.87
  1985        80-84     0.11142  0.43257  2.42   38190   16520  148270   251039   6.57
  1985        85-89     0.18094  0.60363  2.24   21670   13081   72293   102769   4.74
  1985        90-94     0.25872  0.74196  2.13    8589    6373   24632    30477   3.55
  1985        95-99     0.36498  0.85581  1.90    2216    1897    5197     5844   2.64
  1985       100-104    0.48609  0.92634  1.66     320     296     609      647   2.03
  1985       105-109    0.60954  0.96298  1.45      24      23      37       38   1.63
  1985       110+       0.70577  1.00000  1.42       1       1       1        1   1.42
  1986           0      0.00909  0.00902  0.13  100000     902   99217  7354526  73.55
  1986         1-4      0.00051  0.00206  1.69   99098     204  395923  7255309  73.21
  1986         5-9      0.00018  0.00092  3.06   98895      91  494296  6859387  69.36
  1986        10-14     0.00020  0.00100  2.95   98803      99  493814  6365091  64.42
  1986        15-19     0.00111  0.00552  2.90   98704     545  492376  5871276  59.48
  1986        20-24     0.00132  0.00657  2.26   98159     645  489031  5378900  54.80
  1986        25-29     0.00128  0.00640  2.55   97515     625  486046  4889870  50.14
  1986        30-34     0.00134  0.00667  2.54   96890     646  482860  4403824  45.45
  1986        35-39     0.00143  0.00710  2.34   96244     683  479406  3920964  40.74
  1986        40-44     0.00238  0.01184  2.73   95561    1132  475230  3441558  36.01
  1986        45-49     0.00303  0.01503  2.79   94429    1419  469007  2966328  31.41
  1986        50-54     0.00589  0.02904  2.64   93010    2701  458686  2497321  26.85
  1986        55-59     0.01072  0.05228  2.67   90310    4721  440551  2038635  22.57
  1986        60-64     0.01620  0.07798  2.62   85589    6674  412056  1598084  18.67
  1986        65-69     0.02550  0.12021  2.62   78914    9487  372009  1186028  15.03
  1986        70-74     0.04200  0.19009  2.51   69428   13197  314256   814019  11.72
  1986        75-79     0.06856  0.29356  2.55   56231   16507  240767   499763   8.89
  1986        80-84     0.11915  0.45640  2.44   39723   18130  152158   258996   6.52
  1986        85-89     0.17380  0.58967  2.27   21594   12733   73262   106838   4.95
  1986        90-94     0.24159  0.71471  2.14    8860    6333   26212    33577   3.79
  1986        95-99     0.32793  0.82100  1.96    2528    2075    6328     7365   2.91
  1986       100-104    0.42745  0.89616  1.76     452     405     949     1036   2.29
  1986       105-109    0.53340  0.94217  1.57      47      44      83       87   1.86
  1986       110+       0.61940  1.00000  1.61       3       3       4        4   1.61
  1987           0      0.01019  0.01010  0.13  100000    1010   99120  7347520  73.48
  1987         1-4      0.00044  0.00177  1.97   98990     175  395603  7248400  73.22
  1987         5-9      0.00028  0.00142  2.87   98814     140  493773  6852797  69.35
  1987        10-14     0.00024  0.00118  1.71   98674     116  492987  6359024  64.44
  1987        15-19     0.00140  0.00699  3.00   98558     689  491409  5866037  59.52
  1987        20-24     0.00130  0.00649  2.54   97869     636  487780  5374628  54.92
  1987        25-29     0.00107  0.00534  2.42   97233     519  484824  4886848  50.26
  1987        30-34     0.00104  0.00520  2.38   96714     503  482249  4402024  45.52
  1987        35-39     0.00131  0.00652  2.84   96210     628  479699  3919775  40.74
  1987        40-44     0.00171  0.00851  2.80   95583     813  476124  3440077  35.99
  1987        45-49     0.00325  0.01613  2.59   94770    1528  470172  2963953  31.28
  1987        50-54     0.00546  0.02697  2.81   93242    2515  460713  2493780  26.75
  1987        55-59     0.01105  0.05388  2.66   90727    4888  442189  2033067  22.41
  1987        60-64     0.01532  0.07386  2.56   85839    6340  413728  1590878  18.53
  1987        65-69     0.02708  0.12702  2.57   79498   10098  372931  1177150  14.81
  1987        70-74     0.04445  0.20097  2.62   69401   13947  313745   804220  11.59
  1987        75-79     0.06865  0.29357  2.53   55453   16279  237131   490475   8.84
  1987        80-84     0.11484  0.44686  2.52   39174   17505  152433   253344   6.47
  1987        85-89     0.18329  0.61145  2.28   21669   13249   72287   100911   4.66
  1987        90-94     0.27155  0.76011  2.10    8419    6400   23568    28624   3.40
  1987        95-99     0.38620  0.87245  1.86    2020    1762    4563     5057   2.50
  1987       100-104    0.51505  0.93776  1.61     258     242     469      494   1.92
  1987       105-109    0.64288  0.96951  1.40      16      16      24       25   1.55
  1987       110+       0.73994  1.00000  1.35       0       0       1        1   1.35
  1988           0      0.00959  0.00951  0.13  100000     951   99173  7362025  73.62
  1988         1-4      0.00042  0.00168  1.65   99049     166  395807  7262852  73.33
  1988         5-9      0.00020  0.00098  2.04   98883      97  494128  6867045  69.45
  1988        10-14     0.00041  0.00204  2.74   98786     202  493474  6372917  64.51
  1988        15-19     0.00122  0.00608  2.81   98584     600  491606  5879443  59.64
  1988        20-24     0.00146  0.00726  2.28   97984     711  487987  5387837  54.99
  1988        25-29     0.00130  0.00648  2.51   97273     631  484798  4899851  50.37
  1988        30-34     0.00123  0.00611  2.67   96642     591  481835  4415053  45.68
  1988        35-39     0.00117  0.00582  2.42   96052     559  478813  3933218  40.95
  1988        40-44     0.00196  0.00976  2.58   95492     932  475200  3454405  36.17
  1988        45-49     0.00326  0.01618  2.67   94560    1530  469234  2979205  31.51
  1988        50-54     0.00553  0.02730  2.65   93030    2540  459174  2509972  26.98
  1988        55-59     0.00926  0.04543  2.91   90490    4111  443853  2050797  22.66
  1988        60-64     0.01782  0.08568  2.76   86379    7401  415330  1606944  18.60
  1988        65-69     0.02615  0.12298  2.58   78978    9713  371429  1191615  15.09
  1988        70-74     0.04280  0.19422  2.62   69266   13453  314298   820185  11.84
  1988        75-79     0.06937  0.29639  2.55   55813   16542  238467   505887   9.06
  1988        80-84     0.10843  0.42500  2.46   39271   16690  153930   267420   6.81
  1988        85-89     0.16584  0.57518  2.34   22581   12988   78318   113490   5.03
  1988        90-94     0.24845  0.72734  2.15    9593    6977   28083    35172   3.67
  1988        95-99     0.35378  0.84679  1.92    2616    2215    6260     7089   2.71
  1988       100-104    0.47527  0.92188  1.68     401     369     777      829   2.07
  1988       105-109    0.60040  0.96111  1.46      31      30      50       52   1.66
  1988       110+       0.69850  1.00000  1.43       1       1       2        2   1.43
  1989           0      0.00801  0.00795  0.13  100000     795   99311  7368627  73.69
  1989         1-4      0.00042  0.00168  1.66   99205     166  396430  7269316  73.28
  1989         5-9      0.00029  0.00147  2.66   99038     145  494852  6872886  69.40
  1989        10-14     0.00020  0.00098  3.07   98893      97  494278  6378035  64.49
  1989        15-19     0.00114  0.00569  2.96   98796     562  492835  5883756  59.55
  1989        20-24     0.00131  0.00655  2.42   98234     643  489512  5390922  54.88
  1989        25-29     0.00127  0.00634  2.55   97591     619  486434  4901410  50.22
  1989        30-34     0.00125  0.00625  2.53   96971     607  483358  4414975  45.53
  1989        35-39     0.00149  0.00744  2.51   96365     717  480042  3931618  40.80
  1989        40-44     0.00156  0.00775  2.63   95648     742  476481  3451576  36.09
  1989        45-49     0.00323  0.01602  2.86   94907    1520  471282  2975095  31.35
  1989        50-54     0.00512  0.02529  2.64   93387    2362  461369  2503813  26.81
  1989        55-59     0.00980  0.04797  2.79   91025    4367  445471  2042444  22.44
  1989        60-64     0.01583  0.07629  2.62   86658    6611  417588  1596973  18.43
  1989        65-69     0.02515  0.11865  2.62   80047    9498  377657  1179385  14.73
  1989        70-74     0.04493  0.20370  2.71   70550   14371  319883   801728  11.36
  1989        75-79     0.07289  0.30751  2.46   56179   17276  237001   481845   8.58
  1989        80-84     0.12129  0.46289  2.44   38903   18008  148469   244844   6.29
  1989        85-89     0.18469  0.61804  2.32   20895   12914   69922    96375   4.61
  1989        90-94     0.28010  0.77089  2.08    7981    6153   21965    26453   3.31
  1989        95-99     0.39496  0.87835  1.84    1829    1606    4067     4487   2.45
  1989       100-104    0.52281  0.94030  1.60     222     209     400      420   1.89
  1989       105-109    0.64869  0.97043  1.39      13      13      20       20   1.54
  1989       110+       0.74392  1.00000  1.34       0       0       1        1   1.34
  1990           0      0.00901  0.00894  0.13  100000     894   99223  7410212  74.10
  1990         1-4      0.00042  0.00166  1.62   99106     165  396031  7310989  73.77
  1990         5-9      0.00021  0.00106  3.25   98941     105  494521  6914958  69.89
  1990        10-14     0.00024  0.00120  2.41   98836     119  493872  6420438  64.96
  1990        15-19     0.00099  0.00493  3.17   98717     486  492695  5926566  60.04
  1990        20-24     0.00163  0.00809  2.53   98231     795  489193  5433871  55.32
  1990        25-29     0.00164  0.00816  2.38   97436     796  485094  4944679  50.75
  1990        30-34     0.00148  0.00739  2.37   96640     714  481320  4459585  46.15
  1990        35-39     0.00135  0.00673  2.51   95926     646  478021  3978265  41.47
  1990        40-44     0.00195  0.00969  2.38   95280     924  473987  3500244  36.74
  1990        45-49     0.00272  0.01351  2.83   94357    1275  469015  3026257  32.07
  1990        50-54     0.00547  0.02701  2.79   93082    2514  459846  2557242  27.47
  1990        55-59     0.00865  0.04245  2.87   90568    3845  444667  2097396  23.16
  1990        60-64     0.01595  0.07692  2.68   86723    6671  418162  1652729  19.06
  1990        65-69     0.02591  0.12191  2.58   80052    9759  376653  1234567  15.42
  1990        70-74     0.03991  0.18171  2.54   70293   12773  320077   857914  12.20
  1990        75-79     0.06316  0.27312  2.53   57520   15710  248731   537836   9.35
  1990        80-84     0.10417  0.41347  2.51   41810   17287  165945   289106   6.91
  1990        85-89     0.16545  0.57531  2.35   24523   14108   85269   123161   5.02
  1990        90-94     0.25020  0.73046  2.15   10415    7608   30405    37891   3.64
  1990        95-99     0.35997  0.85245  1.91    2807    2393    6648     7486   2.67
  1990       100-104    0.48643  0.92695  1.66     414     384     789      838   2.02
  1990       105-109    0.61544  0.96444  1.44      30      29      47       49   1.62
  1990       110+       0.71541  1.00000  1.40       1       1       2        2   1.40
  1991           0      0.00639  0.00635  0.14  100000     635   99451  7467870  74.68
  1991         1-4      0.00007  0.00029  1.84   99365      29  397396  7368418  74.16
  1991         5-9      0.00013  0.00067  3.22   99336      66  496560  6971023  70.18
  1991        10-14     0.00012  0.00060  2.83   99269      59  496218  6474463  65.22
  1991        15-19     0.00092  0.00461  2.85   99210     458  495067  5978245  60.26
  1991        20-24     0.00158  0.00784  2.33   98752     775  491689  5483178  55.52
  1991        25-29     0.00120  0.00598  2.58   97977     585  488470  4991489  50.95
  1991        30-34     0.00122  0.00610  2.31   97392     594  485364  4503019  46.24
  1991        35-39     0.00186  0.00928  2.76   96798     899  481973  4017655  41.51
  1991        40-44     0.00170  0.00845  2.63   95899     810  477573  3535682  36.87
  1991        45-49     0.00293  0.01457  2.65   95089    1386  472185  3058109  32.16
  1991        50-54     0.00500  0.02471  2.64   93703    2316  463049  2585924  27.60
  1991        55-59     0.00794  0.03897  2.72   91387    3562  448802  2122875  23.23
  1991        60-64     0.01446  0.07002  2.73   87825    6149  425186  1674073  19.06
  1991        65-69     0.02427  0.11448  2.53   81676    9350  385279  1248887  15.29
  1991        70-74     0.03978  0.18139  2.57   72325   13119  329768   863608  11.94
  1991        75-79     0.06440  0.27875  2.59   59207   16504  256255   533840   9.02
  1991        80-84     0.11641  0.44468  2.35   42703   18989  163125   277585   6.50
  1991        85-89     0.17751  0.59991  2.30   23714   14226   80143   114461   4.83
  1991        90-94     0.25377  0.73408  2.13    9488    6965   27445    34317   3.62
  1991        95-99     0.35255  0.84476  1.92    2523    2131    6045     6872   2.72
  1991       100-104    0.46557  0.91681  1.69     392     359     771      827   2.11
  1991       105-109    0.58270  0.95663  1.49      33      31      53       56   1.71
  1991       110+       0.67564  1.00000  1.48       1       1       2        2   1.48
  1992           0      0.00673  0.00669  0.14  100000     669   99422  7505839  75.06
  1992         1-4      0.00029  0.00117  2.33   99331     116  397131  7406417  74.56
  1992         5-9      0.00017  0.00087  1.70   99215      86  495792  7009287  70.65
  1992        10-14     0.00020  0.00099  3.12   99129      98  495461  6513495  65.71
  1992        15-19     0.00077  0.00384  2.89   99031     380  494351  6018034  60.77
  1992        20-24     0.00119  0.00594  2.72   98651     586  491920  5523683  55.99
  1992        25-29     0.00135  0.00674  2.29   98064     661  488530  5031763  51.31
  1992        30-34     0.00101  0.00502  2.32   97404     489  485710  4543233  46.64
  1992        35-39     0.00149  0.00742  2.83   96915     719  483017  4057523  41.87
  1992        40-44     0.00181  0.00899  2.62   96196     865  478923  3574506  37.16
  1992        45-49     0.00300  0.01488  2.63   95331    1418  473290  3095583  32.47
  1992        50-54     0.00485  0.02397  2.67   93913    2251  464311  2622293  27.92
  1992        55-59     0.00830  0.04069  2.62   91662    3730  449445  2157982  23.54
  1992        60-64     0.01446  0.07003  2.78   87932    6158  425968  1708537  19.43
  1992        65-69     0.02413  0.11398  2.57   81774    9321  386226  1282569  15.68
  1992        70-74     0.03753  0.17225  2.62   72454   12480  332530   896344  12.37
  1992        75-79     0.06449  0.27973  2.63   59974   16777  260130   563814   9.40
  1992        80-84     0.10498  0.41538  2.49   43197   17943  170916   303683   7.03
  1992        85-89     0.15766  0.55921  2.40   25254   14122   89572   132768   5.26
  1992        90-94     0.23291  0.70252  2.18   11132    7820   33576    43195   3.88
  1992        95-99     0.32781  0.82229  1.97    3312    2723    8307     9620   2.90
  1992       100-104    0.43885  0.90360  1.75     588     532    1212     1313   2.23
  1992       105-109    0.55671  0.94991  1.53      57      54      97      101   1.78
  1992       110+       0.65156  1.00000  1.53       3       3       4        4   1.53
  1993           0      0.00588  0.00585  0.14  100000     585   99495  7492063  74.92
  1993         1-4      0.00056  0.00226  1.53   99415     224  397105  7392568  74.36
  1993         5-9      0.00029  0.00146  1.69   99190     145  495473  6995463  70.53
  1993        10-14     0.00020  0.00099  3.02   99046      98  495034  6499991  65.63
  1993        15-19     0.00086  0.00432  2.97   98948     427  493874  6004956  60.69
  1993        20-24     0.00123  0.00613  2.55   98521     604  491124  5511083  55.94
  1993        25-29     0.00136  0.00676  2.28   97917     662  487781  5019958  51.27
  1993        30-34     0.00161  0.00800  2.52   97255     778  484342  4532177  46.60
  1993        35-39     0.00149  0.00740  2.27   96477     714  480436  4047835  41.96
  1993        40-44     0.00160  0.00798  2.62   95763     764  476992  3567399  37.25
  1993        45-49     0.00237  0.01178  2.51   94999    1119  472203  3090406  32.53
  1993        50-54     0.00440  0.02176  2.58   93880    2043  464447  2618204  27.89
  1993        55-59     0.00862  0.04226  2.67   91837    3881  450130  2153757  23.45
  1993        60-64     0.01332  0.06463  2.69   87956    5685  426648  1703626  19.37
  1993        65-69     0.02438  0.11538  2.68   82271    9493  389302  1276978  15.52
  1993        70-74     0.03871  0.17692  2.57   72778   12876  332652   887676  12.20
  1993        75-79     0.06394  0.27632  2.55   59903   16553  258889   555025   9.27
  1993        80-84     0.10596  0.42098  2.56   43350   18249  172221   296136   6.83
  1993        85-89     0.16811  0.58157  2.35   25101   14598   86837   123915   4.94
  1993        90-94     0.25888  0.74353  2.14   10503    7809   30166    37078   3.53
  1993        95-99     0.37542  0.86514  1.88    2694    2330    6207     6912   2.57
  1993       100-104    0.50836  0.93575  1.62     363     340     669      705   1.94
  1993       105-109    0.64115  0.96940  1.40      23      23      35       36   1.55
  1993       110+       0.74185  1.00000  1.35       1       1       1        1   1.35
  1994           0      0.00553  0.00550  0.14  100000     550   99526  7501565  75.02
  1994         1-4      0.00030  0.00118  1.82   99450     118  397543  7402039  74.43
  1994         5-9      0.00018  0.00088  1.84   99332      87  496385  7004496  70.52
  1994        10-14     0.00026  0.00128  3.60   99245     127  496047  6508111  65.58
  1994        15-19     0.00061  0.00306  2.83   99118     303  494933  6012064  60.66
  1994        20-24     0.00123  0.00614  2.20   98815     607  492375  5517131  55.83
  1994        25-29     0.00106  0.00526  2.46   98208     517  489731  5024756  51.16
  1994        30-34     0.00153  0.00765  2.67   97692     747  486715  4535025  46.42
  1994        35-39     0.00145  0.00721  2.78   96945     699  483172  4048310  41.76
  1994        40-44     0.00183  0.00910  2.77   96245     876  479276  3565138  37.04
  1994        45-49     0.00306  0.01518  2.54   95369    1447  473288  3085862  32.36
  1994        50-54     0.00506  0.02499  2.75   93922    2347  464328  2612574  27.82
  1994        55-59     0.00756  0.03721  2.87   91574    3407  450599  2148247  23.46
  1994        60-64     0.01338  0.06495  2.75   88167    5727  427936  1697648  19.25
  1994        65-69     0.02415  0.11434  2.69   82441    9426  390384  1269711  15.40
  1994        70-74     0.03978  0.18174  2.63   73014   13269  333604   879327  12.04
  1994        75-79     0.06445  0.27901  2.60   59745   16670  258657   545723   9.13
  1994        80-84     0.10403  0.41501  2.56   43075   17877  171839   287066   6.66
  1994        85-89     0.18444  0.61288  2.26   25199   15444   83733   115228   4.57
  1994        90-94     0.28658  0.78163  2.09    9755    7625   26606    31494   3.23
  1994        95-99     0.42389  0.89863  1.80    2130    1914    4516     4888   2.29
  1994       100-104    0.57464  0.95651  1.51     216     207     359      373   1.73
  1994       105-109    0.71440  0.98004  1.30       9       9      13       13   1.40
  1994       110+       0.81220  1.00000  1.23       0       0       0        0   1.23
  1995           0      0.00738  0.00733  0.13  100000     733   99366  7557107  75.57
  1995         1-4      0.00030  0.00119  1.99   99267     118  396831  7457741  75.13
  1995         5-9      0.00025  0.00127  2.81   99149     126  495468  7060910  71.22
  1995        10-14     0.00006  0.00029  2.85   99023      29  495053  6565442  66.30
  1995        15-19     0.00103  0.00516  3.08   98994     511  493988  6070389  61.32
  1995        20-24     0.00107  0.00536  2.67   98483     528  491187  5576401  56.62
  1995        25-29     0.00131  0.00654  2.35   97955     641  488077  5085214  51.91
  1995        30-34     0.00129  0.00641  2.30   97314     624  484887  4597138  47.24
  1995        35-39     0.00176  0.00874  2.56   96691     845  481389  4112251  42.53
  1995        40-44     0.00203  0.01013  2.84   95846     971  477136  3630862  37.88
  1995        45-49     0.00268  0.01331  2.70   94875    1263  471467  3153726  33.24
  1995        50-54     0.00444  0.02197  2.64   93612    2057  463202  2682259  28.65
  1995        55-59     0.00710  0.03488  2.55   91556    3193  449957  2219056  24.24
  1995        60-64     0.01308  0.06348  2.71   88362    5609  428964  1769100  20.02
  1995        65-69     0.02200  0.10459  2.65   82753    8655  393442  1340136  16.19
  1995        70-74     0.03456  0.15958  2.60   74098   11825  342096   946694  12.78
  1995        75-79     0.05657  0.25023  2.69   62273   15583  275447   604598   9.71
  1995        80-84     0.10232  0.40782  2.51   46690   19041  186091   329151   7.05
  1995        85-89     0.15759  0.55984  2.41   27649   15479   98221   143060   5.17
  1995        90-94     0.24623  0.72470  2.16   12170    8820   35818    44840   3.68
  1995        95-99     0.35600  0.84929  1.92    3350    2845    7993     9021   2.69
  1995       100-104    0.48307  0.92564  1.67     505     467     968     1029   2.04
  1995       105-109    0.61315  0.96403  1.44      38      36      59       61   1.62
  1995       110+       0.71410  1.00000  1.40       1       1       2        2   1.40
  1996           0      0.00591  0.00588  0.14  100000     588   99493  7563132  75.63
  1996         1-4      0.00027  0.00109  2.31   99412     109  397466  7463639  75.08
  1996         5-9      0.00021  0.00107  2.13   99304     106  496213  7066173  71.16
  1996        10-14     0.00031  0.00153  3.07   99197     152  495693  6569960  66.23
  1996        15-19     0.00079  0.00392  2.84   99045     388  494387  6074267  61.33
  1996        20-24     0.00116  0.00576  2.42   98657     569  491820  5579881  56.56
  1996        25-29     0.00096  0.00479  2.37   98089     470  489209  5088061  51.87
  1996        30-34     0.00148  0.00735  2.42   97618     718  486238  4598852  47.11
  1996        35-39     0.00158  0.00788  2.33   96901     764  482461  4112614  42.44
  1996        40-44     0.00218  0.01086  2.65   96137    1044  478230  3630153  37.76
  1996        45-49     0.00270  0.01344  2.65   95093    1278  472458  3151923  33.15
  1996        50-54     0.00435  0.02151  2.64   93815    2018  464305  2679465  28.56
  1996        55-59     0.00738  0.03626  2.59   91797    3329  450949  2215160  24.13
  1996        60-64     0.01283  0.06235  2.74   88469    5516  429891  1764211  19.94
  1996        65-69     0.02265  0.10762  2.69   82952    8927  394166  1334320  16.09
  1996        70-74     0.03596  0.16522  2.55   74025   12230  340148   940154  12.70
  1996        75-79     0.05694  0.25112  2.65   61795   15518  272547   600006   9.71
  1996        80-84     0.09959  0.39862  2.50   46277   18447  185221   327459   7.08
  1996        85-89     0.15939  0.56196  2.38   27830   15640   98121   142238   5.11
  1996        90-94     0.25088  0.73233  2.16   12191    8928   35585    44117   3.62
  1996        95-99     0.36748  0.85929  1.90    3263    2804    7630     8532   2.61
  1996       100-104    0.50180  0.93350  1.64     459     429     854      902   1.96
  1996       105-109    0.63689  0.96874  1.41      31      30      46       48   1.56
  1996       110+       0.73959  1.00000  1.35       1       1       1        1   1.35
  1997           0      0.00562  0.00560  0.14  100000     560   99518  7608989  76.09
  1997         1-4      0.00048  0.00191  1.86   99440     190  397355  7509471  75.52
  1997         5-9      0.00023  0.00117  2.74   99251     116  495991  7112116  71.66
  1997        10-14     0.00019  0.00095  3.60   99135      95  495541  6616124  66.74
  1997        15-19     0.00089  0.00442  2.91   99040     438  494286  6120584  61.80
  1997        20-24     0.00092  0.00458  2.38   98602     452  491829  5626298  57.06
  1997        25-29     0.00101  0.00506  2.63   98150     497  489575  5134469  52.31
  1997        30-34     0.00156  0.00777  2.75   97654     759  486563  4644894  47.56
  1997        35-39     0.00134  0.00667  2.65   96895     646  482954  4158331  42.92
  1997        40-44     0.00174  0.00867  2.65   96249     834  479287  3675377  38.19
  1997        45-49     0.00247  0.01230  2.64   95415    1173  474306  3196089  33.50
  1997        50-54     0.00451  0.02232  2.48   94241    2103  465910  2721783  28.88
  1997        55-59     0.00653  0.03223  2.91   92138    2970  454479  2255873  24.48
  1997        60-64     0.01192  0.05805  2.79   89169    5176  434427  1801394  20.20
  1997        65-69     0.02059  0.09820  2.65   83992    8248  400612  1366967  16.27
  1997        70-74     0.03551  0.16394  2.66   75744   12418  349689   966355  12.76
  1997        75-79     0.05560  0.24466  2.55   63327   15494  278658   616666   9.74
  1997        80-84     0.10073  0.40390  2.55   47833   19320  191807   338008   7.07
  1997        85-89     0.16056  0.56695  2.41   28513   16166  100683   146201   5.13
  1997        90-94     0.24578  0.72427  2.17   12348    8943   36387    45518   3.69
  1997        95-99     0.35741  0.85070  1.92    3405    2896    8104     9131   2.68
  1997       100-104    0.48674  0.92733  1.66     508     471     968     1028   2.02
  1997       105-109    0.61874  0.96522  1.44      37      36      58       59   1.61
  1997       110+       0.72067  1.00000  1.39       1       1       2        2   1.39
  1998           0      0.00461  0.00459  0.14  100000     459   99605  7612869  76.13
  1998         1-4      0.00044  0.00174  1.70   99541     174  397766  7513264  75.48
  1998         5-9      0.00023  0.00117  2.82   99367     116  496584  7115498  71.61
  1998        10-14     0.00013  0.00067  3.06   99251      67  496126  6618915  66.69
  1998        15-19     0.00076  0.00379  2.92   99184     376  495140  6122789  61.73
  1998        20-24     0.00148  0.00737  2.73   98808     728  492390  5627649  56.96
  1998        25-29     0.00142  0.00707  2.18   98081     694  488446  5135260  52.36
  1998        30-34     0.00162  0.00807  2.73   97387     786  485148  4646814  47.71
  1998        35-39     0.00140  0.00700  2.61   96601     676  481389  4161666  43.08
  1998        40-44     0.00203  0.01012  2.74   95925     971  477431  3680277  38.37
  1998        45-49     0.00261  0.01298  2.54   94954    1232  471740  3202846  33.73
  1998        50-54     0.00428  0.02120  2.58   93722    1986  463796  2731105  29.14
  1998        55-59     0.00672  0.03310  2.66   91735    3036  451562  2267309  24.72
  1998        60-64     0.01116  0.05443  2.77   88699    4828  432714  1815747  20.47
  1998        65-69     0.02098  0.10025  2.78   83871    8408  400682  1383033  16.49
  1998        70-74     0.03306  0.15314  2.60   75463   11556  349578   982351  13.02
  1998        75-79     0.05408  0.24004  2.66   63907   15340  283671   632773   9.90
  1998        80-84     0.09613  0.38856  2.53   48566   18871  196306   349102   7.19
  1998        85-89     0.15833  0.55950  2.38   29695   16615  104939   152797   5.15
  1998        90-94     0.24731  0.72727  2.17   13081    9513   38466    47858   3.66
  1998        95-99     0.36459  0.85720  1.91    3568    3058    8388     9391   2.63
  1998       100-104    0.50030  0.93307  1.64     509     475     950     1003   1.97
  1998       105-109    0.63703  0.96883  1.41      34      33      52       53   1.56
  1998       110+       0.74088  1.00000  1.35       1       1       1        1   1.35
  1999           0      0.00539  0.00537  0.14  100000     537   99538  7687512  76.88
  1999         1-4      0.00037  0.00146  1.76   99463     145  397528  7587975  76.29
  1999         5-9      0.00020  0.00099  1.40   99318      98  496237  7190447  72.40
  1999        10-14     0.00029  0.00145  2.49   99220     144  495739  6694210  67.47
  1999        15-19     0.00071  0.00355  3.11   99076     352  494717  6198470  62.56
  1999        20-24     0.00120  0.00600  2.83   98724     593  492334  5703754  57.77
  1999        25-29     0.00146  0.00727  2.54   98132     714  488901  5211420  53.11
  1999        30-34     0.00139  0.00694  2.58   97418     676  485452  4722519  48.48
  1999        35-39     0.00157  0.00780  2.60   96741     754  481894  4237067  43.80
  1999        40-44     0.00204  0.01014  2.56   95987     973  477564  3755173  39.12
  1999        45-49     0.00240  0.01193  2.68   95014    1133  472437  3277610  34.50
  1999        50-54     0.00337  0.01674  2.66   93881    1572  465722  2805172  29.88
  1999        55-59     0.00557  0.02748  2.63   92309    2537  455545  2339451  25.34
  1999        60-64     0.01013  0.04949  2.67   89772    4443  438510  1883905  20.99
  1999        65-69     0.01907  0.09142  2.75   85330    7801  409077  1445395  16.94
  1999        70-74     0.03072  0.14320  2.63   77528   11102  361383  1036318  13.37
  1999        75-79     0.05438  0.23918  2.48   66427   15888  292172   674935  10.16
  1999        80-84     0.08414  0.34913  2.56   50539   17645  209700   382763   7.57
  1999        85-89     0.15261  0.54999  2.46   32894   18091  118543   173063   5.26
  1999        90-94     0.24354  0.72324  2.19   14803   10706   43959    54520   3.68
  1999        95-99     0.37239  0.86482  1.90    4097    3543    9514    10561   2.58
  1999       100-104    0.52223  0.94175  1.61     554     522     999     1047   1.89
  1999       105-109    0.66974  0.97446  1.36      32      31      47       48   1.49
  1999       110+       0.77763  1.00000  1.29       1       1       1        1   1.29
  2000           0      0.00596  0.00593  0.14  100000     593   99488  7660541  76.61
  2000         1-4      0.00050  0.00201  1.96   99407     199  397221  7561052  76.06
  2000         5-9      0.00010  0.00049  2.49   99208      49  495916  7163831  72.21
  2000        10-14     0.00031  0.00155  3.00   99159     154  495486  6667916  67.24
  2000        15-19     0.00079  0.00395  2.96   99005     391  494225  6172429  62.34
  2000        20-24     0.00118  0.00587  2.62   98614     579  491689  5678204  57.58
  2000        25-29     0.00150  0.00749  2.76   98035     734  488529  5186515  52.90
  2000        30-34     0.00140  0.00698  2.55   97301     679  484842  4697986  48.28
  2000        35-39     0.00149  0.00745  2.87   96622     720  481576  4213144  43.60
  2000        40-44     0.00194  0.00965  2.62   95902     925  477307  3731568  38.91
  2000        45-49     0.00248  0.01234  2.59   94977    1172  472059  3254262  34.26
  2000        50-54     0.00462  0.02286  2.70   93805    2145  464098  2782203  29.66
  2000        55-59     0.00619  0.03056  2.92   91660    2801  452461  2318105  25.29
  2000        60-64     0.01011  0.04940  2.69   88859    4389  434160  1865644  21.00
  2000        65-69     0.01802  0.08656  2.73   84470    7312  405761  1431484  16.95
  2000        70-74     0.03140  0.14592  2.58   77158   11258  358562  1025723  13.29
  2000        75-79     0.05452  0.24088  2.58   65899   15874  291133   667161  10.12
  2000        80-84     0.08537  0.35398  2.59   50025   17708  207426   376027   7.52
  2000        85-89     0.15431  0.54492  2.30   32317   17610  114121   168602   5.22
  2000        90-94     0.24244  0.72080  2.19   14707   10601   43726    54481   3.70
  2000        95-99     0.36606  0.85935  1.91    4106    3529    9640    10755   2.62
  2000       100-104    0.51041  0.93738  1.63     578     541    1061     1116   1.93
  2000       105-109    0.65439  0.97200  1.38      36      35      54       55   1.52
  2000       110+       0.76161  1.00000  1.31       1       1       1        1   1.31
  2001           0      0.00403  0.00401  0.14  100000     401   99655  7736965  77.37
  2001         1-4      0.00027  0.00107  1.78   99599     107  398159  7637309  76.68
  2001         5-9      0.00022  0.00110  2.02   99492     109  497136  7239151  72.76
  2001        10-14     0.00029  0.00145  2.50   99383     144  496555  6742015  67.84
  2001        15-19     0.00048  0.00238  3.10   99239     236  495746  6245460  62.93
  2001        20-24     0.00098  0.00490  2.49   99003     485  493798  5749714  58.08
  2001        25-29     0.00105  0.00524  2.37   98518     516  491231  5255917  53.35
  2001        30-34     0.00137  0.00681  2.36   98002     668  488246  4764685  48.62
  2001        35-39     0.00180  0.00895  2.57   97334     871  484556  4276439  43.94
  2001        40-44     0.00169  0.00841  2.76   96464     811  480498  3791883  39.31
  2001        45-49     0.00246  0.01223  2.61   95652    1170  475466  3311386  34.62
  2001        50-54     0.00354  0.01757  2.62   94482    1660  468466  2835920  30.02
  2001        55-59     0.00655  0.03227  2.76   92822    2995  457406  2367454  25.51
  2001        60-64     0.01008  0.04923  2.63   89827    4422  438651  1910047  21.26
  2001        65-69     0.01539  0.07434  2.73   85405    6349  412633  1471396  17.23
  2001        70-74     0.03163  0.14705  2.61   79056   11625  367504  1058763  13.39
  2001        75-79     0.04971  0.22163  2.55   67431   14944  300604   691258  10.25
  2001        80-84     0.08543  0.35310  2.55   52486   18533  216942   390654   7.44
  2001        85-89     0.16100  0.56586  2.38   33953   19213  119334   173712   5.12
  2001        90-94     0.24286  0.72432  2.21   14740   10677   43962    54378   3.69
  2001        95-99     0.37493  0.86653  1.90    4064    3521    9392    10415   2.56
  2001       100-104    0.52325  0.94196  1.60     542     511     976     1023   1.89
  2001       105-109    0.66910  0.97431  1.36      31      31      46       47   1.49
  2001       110+       0.77597  1.00000  1.29       1       1       1        1   1.29
  2002           0      0.00560  0.00557  0.14  100000     557   99520  7753678  77.54
  2002         1-4      0.00027  0.00108  1.97   99443     107  397553  7654158  76.97
  2002         5-9      0.00018  0.00090  2.26   99335      89  496433  7256606  73.05
  2002        10-14     0.00010  0.00048  3.49   99246      48  496159  6760173  68.12
  2002        15-19     0.00070  0.00349  2.70   99198     347  495194  6264014  63.15
  2002        20-24     0.00087  0.00433  2.68   98852     428  493264  5768821  58.36
  2002        25-29     0.00095  0.00472  2.42   98424     465  490917  5275557  53.60
  2002        30-34     0.00123  0.00615  2.50   97959     602  488286  4784640  48.84
  2002        35-39     0.00145  0.00721  2.52   97357     702  485041  4296354  44.13
  2002        40-44     0.00172  0.00859  2.60   96655     830  481283  3811313  39.43
  2002        45-49     0.00221  0.01101  2.84   95825    1055  476845  3330030  34.75
  2002        50-54     0.00396  0.01961  2.61   94770    1858  469406  2853186  30.11
  2002        55-59     0.00653  0.03217  2.71   92911    2989  457711  2383780  25.66
  2002        60-64     0.00930  0.04552  2.69   89922    4093  440155  1926069  21.42
  2002        65-69     0.01691  0.08145  2.77   85829    6991  413527  1485914  17.31
  2002        70-74     0.02802  0.13146  2.65   78838   10364  369872  1072386  13.60
  2002        75-79     0.04957  0.22149  2.60   68474   15166  305974   702514  10.26
  2002        80-84     0.08450  0.35157  2.61   53308   18742  221798   396540   7.44
  2002        85-89     0.16132  0.57096  2.44   34566   19736  122336   174742   5.06
  2002        90-94     0.25597  0.74151  2.16   14830   10997   42961    52406   3.53
  2002        95-99     0.39148  0.87915  1.87    3833    3370    8609     9445   2.46
  2002       100-104    0.54792  0.94990  1.56     463     440     803      836   1.81
  2002       105-109    0.69731  0.97823  1.32      23      23      33       33   1.43
  2002       110+       0.80301  1.00000  1.25       1       1       1        1   1.25
  2003           0      0.00325  0.00324  0.14  100000     324   99722  7743782  77.44
  2003         1-4      0.00027  0.00108  2.07   99676     108  398496  7644059  76.69
  2003         5-9      0.00036  0.00182  2.46   99568     182  497379  7245563  72.77
  2003        10-14     0.00019  0.00097  2.58   99387      96  496701  6748184  67.90
  2003        15-19     0.00087  0.00433  2.46   99291     430  495358  6251483  62.96
  2003        20-24     0.00099  0.00496  2.32   98860     490  492987  5756125  58.22
  2003        25-29     0.00126  0.00630  2.63   98370     620  490380  5263139  53.50
  2003        30-34     0.00137  0.00684  2.52   97750     668  487092  4772759  48.83
  2003        35-39     0.00152  0.00756  2.44   97082     734  483531  4285667  44.14
  2003        40-44     0.00189  0.00940  2.49   96348     906  479460  3802136  39.46
  2003        45-49     0.00292  0.01450  2.46   95442    1384  473695  3322676  34.81
  2003        50-54     0.00405  0.02006  2.64   94058    1887  465844  2848981  30.29
  2003        55-59     0.00626  0.03079  2.48   92171    2838  453691  2383136  25.86
  2003        60-64     0.00968  0.04738  2.74   89333    4232  437084  1929445  21.60
  2003        65-69     0.01571  0.07575  2.64   85101    6446  410313  1492361  17.54
  2003        70-74     0.02708  0.12742  2.69   78654   10022  370109  1082048  13.76
  2003        75-79     0.04852  0.21815  2.69   68632   14972  308608   711939  10.37
  2003        80-84     0.08606  0.35464  2.52   53659   19030  221125   403331   7.52
  2003        85-89     0.14954  0.53748  2.38   34630   18613  124470   182206   5.26
  2003        90-94     0.25031  0.73265  2.17   16017   11735   46881    57736   3.60
  2003        95-99     0.37946  0.87015  1.89    4282    3726    9819    10855   2.53
  2003       100-104    0.53046  0.94442  1.59     556     525     990     1035   1.86
  2003       105-109    0.67771  0.97559  1.35      31      30      44       45   1.47
  2003       110+       0.78451  1.00000  1.27       1       1       1        1   1.27
  2004           0      0.00356  0.00355  0.14  100000     355   99695  7829474  78.29
  2004         1-4      0.00028  0.00111  1.00   99645     111  398248  7729778  77.57
  2004         5-9      0.00018  0.00091  2.91   99534      91  497482  7331531  73.66
  2004        10-14     0.00014  0.00068  2.49   99443      68  497047  6834049  68.72
  2004        15-19     0.00041  0.00206  3.17   99376     205  496503  6337002  63.77
  2004        20-24     0.00086  0.00427  2.36   99171     423  494738  5840499  58.89
  2004        25-29     0.00119  0.00591  2.50   98747     584  492275  5345760  54.14
  2004        30-34     0.00132  0.00659  2.50   98164     647  489201  4853485  49.44
  2004        35-39     0.00119  0.00595  2.85   97517     581  486338  4364284  44.75
  2004        40-44     0.00181  0.00902  2.73   96937     874  482698  3877946  40.01
  2004        45-49     0.00274  0.01360  2.52   96063    1306  477079  3395248  35.34
  2004        50-54     0.00411  0.02036  2.62   94756    1929  469187  2918169  30.80
  2004        55-59     0.00586  0.02891  2.82   92827    2684  458281  2448982  26.38
  2004        60-64     0.00903  0.04423  2.69   90143    3987  441508  1990701  22.08
  2004        65-69     0.01646  0.07924  2.65   86157    6827  414771  1549193  17.98
  2004        70-74     0.02495  0.11811  2.75   79330    9370  375537  1134422  14.30
  2004        75-79     0.04652  0.21002  2.69   69960   14693  315854   758885  10.85
  2004        80-84     0.07495  0.31784  2.61   55267   17566  234359   443031   8.02
  2004        85-89     0.14032  0.52126  2.53   37701   19652  140050   208673   5.53
  2004        90-94     0.23423  0.70517  2.18   18049   12727   54337    68623   3.80
  2004        95-99     0.35538  0.85173  1.94    5321    4532   12754    14286   2.68
  2004       100-104    0.50737  0.93695  1.63     789     739    1457     1532   1.94
  2004       105-109    0.65960  0.97310  1.38      50      48      73       75   1.51
  2004       110+       0.77178  1.00000  1.30       1       1       2        2   1.30
  2005           0      0.00562  0.00560  0.14  100000     560   99518  7775798  77.76
  2005         1-4      0.00044  0.00176  1.62   99440     175  397344  7676280  77.19
  2005         5-9      0.00018  0.00092  2.49   99265      92  496095  7278936  73.33
  2005        10-14     0.00021  0.00106  2.85   99173     106  495640  6782842  68.39
  2005        15-19     0.00073  0.00366  3.60   99068     362  494830  6287202  63.46
  2005        20-24     0.00102  0.00508  2.24   98705     501  492140  5792371  58.68
  2005        25-29     0.00128  0.00639  2.58   98204     627  489502  5300231  53.97
  2005        30-34     0.00155  0.00774  2.67   97577     756  486125  4810729  49.30
  2005        35-39     0.00144  0.00718  2.82   96821     695  482590  4324604  44.67
  2005        40-44     0.00246  0.01222  2.66   96126    1175  477879  3842013  39.97
  2005        45-49     0.00269  0.01336  2.69   94951    1269  471830  3364134  35.43
  2005        50-54     0.00398  0.01972  2.43   93682    1848  463657  2892304  30.87
  2005        55-59     0.00622  0.03063  2.52   91835    2813  452203  2428647  26.45
  2005        60-64     0.00936  0.04583  2.70   89022    4080  435740  1976443  22.20
  2005        65-69     0.01596  0.07691  2.63   84943    6533  409240  1540703  18.14
  2005        70-74     0.02432  0.11517  2.71   78410    9030  371334  1131463  14.43
  2005        75-79     0.04222  0.19195  2.64   69379   13317  315408   760129  10.96
  2005        80-84     0.07931  0.33080  2.49   56062   18545  233835   444721   7.93
  2005        85-89     0.13622  0.50638  2.47   37517   18998  139461   210886   5.62
  2005        90-94     0.23210  0.69819  2.15   18519   12930   55708    71426   3.86
  2005        95-99     0.33775  0.83497  1.97    5589    4667   13817    15718   2.81
  2005       100-104    0.47667  0.92411  1.69     922     852    1788     1901   2.06
  2005       105-109    0.62033  0.96604  1.44      70      68     109      112   1.60
  2005       110+       0.73071  1.00000  1.37       2       2       3        3   1.37
  2006           0      0.00267  0.00266  0.14  100000     266   99772  7907853  79.08
  2006         1-4      0.00016  0.00065  1.17   99734      65  398749  7808081  78.29
  2006         5-9      0.00029  0.00146  2.05   99668     145  497912  7409332  74.34
  2006        10-14     0.00006  0.00030  0.50   99523      30  497480  6911420  69.45
  2006        15-19     0.00052  0.00261  2.85   99493     259  496909  6413939  64.47
  2006        20-24     0.00069  0.00344  2.45   99234     341  495299  5917030  59.63
  2006        25-29     0.00100  0.00500  2.82   98892     495  493382  5421731  54.82
  2006        30-34     0.00121  0.00601  2.47   98398     591  490495  4928349  50.09
  2006        35-39     0.00129  0.00643  2.46   97807     629  487437  4437855  45.37
  2006        40-44     0.00199  0.00992  2.53   97178     964  483510  3950418  40.65
  2006        45-49     0.00260  0.01294  2.82   96214    1245  478359  3466908  36.03
  2006        50-54     0.00355  0.01764  2.80   94969    1675  471164  2988548  31.47
  2006        55-59     0.00557  0.02752  2.67   93294    2567  460492  2517384  26.98
  2006        60-64     0.00900  0.04407  2.72   90727    3998  444506  2056892  22.67
  2006        65-69     0.01409  0.06814  2.61   86729    5910  419519  1612386  18.59
  2006        70-74     0.02364  0.11178  2.58   80819    9034  382235  1192867  14.76
  2006        75-79     0.04172  0.18996  2.65   71785   13636  326865   810632  11.29
  2006        80-84     0.06802  0.29309  2.64   58149   17043  250548   483766   8.32
  2006        85-89     0.13202  0.49470  2.47   41106   20335  154031   233219   5.67
  2006        90-94     0.23002  0.70862  2.29   20771   14719   63988    79188   3.81
  2006        95-99     0.38227  0.87464  1.90    6052    5293   13847    15200   2.51
  2006       100-104    0.55504  0.95288  1.55     759     723    1302     1352   1.78
  2006       105-109    0.71802  0.98098  1.30      36      35      49       50   1.39
  2006       110+       0.82860  1.00000  1.21       1       1       1        1   1.21
  2007           0      0.00555  0.00552  0.14  100000     552   99524  7850978  78.51
  2007         1-4      0.00029  0.00117  1.87   99448     117  397544  7751453  77.94
  2007         5-9      0.00015  0.00075  0.93   99331      75  496353  7353909  74.03
  2007        10-14     0.00020  0.00098  2.67   99257      97  496058  6857556  69.09
  2007        15-19     0.00044  0.00219  3.06   99160     217  495379  6361498  64.15
  2007        20-24     0.00082  0.00409  2.57   98943     405  493729  5866119  59.29
  2007        25-29     0.00092  0.00459  2.36   98537     453  491492  5372389  54.52
  2007        30-34     0.00128  0.00638  2.47   98085     626  488840  4880897  49.76
  2007        35-39     0.00153  0.00761  2.67   97459     742  485564  4392057  45.07
  2007        40-44     0.00193  0.00963  2.77   96717     931  481510  3906493  40.39
  2007        45-49     0.00253  0.01260  2.63   95786    1207  476069  3424983  35.76
  2007        50-54     0.00393  0.01946  2.54   94579    1841  468373  2948914  31.18
  2007        55-59     0.00586  0.02892  2.71   92739    2682  457564  2480541  26.75
  2007        60-64     0.00867  0.04251  2.75   90057    3828  441663  2022978  22.46
  2007        65-69     0.01528  0.07388  2.75   86229    6370  416793  1581314  18.34
  2007        70-74     0.02317  0.11008  2.74   79859    8791  379396  1164521  14.58
  2007        75-79     0.04260  0.19352  2.64   71067   13753  322815   785125  11.05
  2007        80-84     0.07491  0.31699  2.58   57315   18168  242538   462310   8.07
  2007        85-89     0.13694  0.50521  2.41   39146   19777  144422   219772   5.61
  2007        90-94     0.22557  0.69803  2.27   19369   13520   59938    75350   3.89
  2007        95-99     0.36283  0.85815  1.93    5849    5019   13834    15412   2.63
  2007       100-104    0.51845  0.94096  1.62     830     781    1506     1578   1.90
  2007       105-109    0.67233  0.97503  1.36      49      48      71       73   1.48
  2007       110+       0.78403  1.00000  1.28       1       1       2        2   1.28
  2008           0      0.00310  0.00309  0.14  100000     309   99735  7921974  79.22
  2008         1-4      0.00026  0.00105  1.71   99691     104  398524  7822239  78.47
  2008         5-9      0.00019  0.00093  2.46   99586      93  497695  7423715  74.55
  2008        10-14     0.00014  0.00068  2.75   99493      68  497314  6926020  69.61
  2008        15-19     0.00055  0.00273  2.82   99426     271  496536  6428706  64.66
  2008        20-24     0.00073  0.00366  2.51   99155     363  494869  5932169  59.83
  2008        25-29     0.00080  0.00400  2.80   98791     395  493087  5437300  55.04
  2008        30-34     0.00135  0.00671  2.46   98396     660  490309  4944213  50.25
  2008        35-39     0.00117  0.00585  2.75   97736     571  487397  4453904  45.57
  2008        40-44     0.00167  0.00830  2.39   97165     807  483715  3966508  40.82
  2008        45-49     0.00223  0.01108  2.79   96358    1068  479426  3482792  36.14
  2008        50-54     0.00354  0.01757  2.54   95291    1674  472334  3003367  31.52
  2008        55-59     0.00548  0.02706  2.66   93617    2533  462166  2531032  27.04
  2008        60-64     0.00770  0.03781  2.58   91084    3444  447081  2068866  22.71
  2008        65-69     0.01460  0.07058  2.66   87639    6186  423706  1621785  18.51
  2008        70-74     0.02239  0.10645  2.70   81454    8671  387319  1198079  14.71
  2008        75-79     0.04302  0.19571  2.70   72783   14244  331090   810760  11.14
  2008        80-84     0.07257  0.30935  2.62   58539   18109  249531   479670   8.19
  2008        85-89     0.13539  0.50373  2.46   40430   20366  150428   230140   5.69
  2008        90-94     0.21860  0.68639  2.29   20064   13772   63000    79712   3.97
  2008        95-99     0.35945  0.85565  1.94    6292    5384   14979    16712   2.66
  2008       100-104    0.51660  0.94048  1.62     908     854    1654     1734   1.91
  2008       105-109    0.67233  0.97509  1.36      54      53      78       80   1.48
  2008       110+       0.78523  1.00000  1.27       1       1       2        2   1.27
  2009           0      0.00385  0.00383  0.14  100000     383   99671  7946334  79.46
  2009         1-4      0.00030  0.00122  1.35   99617     121  398146  7846663  78.77
  2009         5-9      0.00004  0.00021  0.50   99496      21  497384  7448517  74.86
  2009        10-14     0.00018  0.00088  2.80   99475      88  497181  6951133  69.88
  2009        15-19     0.00058  0.00289  3.08   99387     287  496385  6453952  64.94
  2009        20-24     0.00063  0.00316  3.12   99100     313  494913  5957566  60.12
  2009        25-29     0.00096  0.00477  2.50   98787     471  492758  5462653  55.30
  2009        30-34     0.00109  0.00544  2.64   98316     535  490319  4969896  50.55
  2009        35-39     0.00135  0.00670  2.39   97781     655  487191  4479577  45.81
  2009        40-44     0.00182  0.00906  2.64   97125     880  483549  3992386  41.11
  2009        45-49     0.00243  0.01206  2.68   96245    1160  478533  3508837  36.46
  2009        50-54     0.00380  0.01884  2.57   95085    1791  471079  3030305  31.87
  2009        55-59     0.00572  0.02822  2.66   93294    2633  460313  2559226  27.43
  2009        60-64     0.00853  0.04178  2.57   90661    3788  444106  2098913  23.15
  2009        65-69     0.01262  0.06134  2.72   86874    5329  422195  1654807  19.05
  2009        70-74     0.02160  0.10291  2.72   81545    8392  388570  1232612  15.12
  2009        75-79     0.03763  0.17307  2.68   73153   12660  336408   844042  11.54
  2009        80-84     0.06953  0.29770  2.59   60493   18009  258990   507634   8.39
  2009        85-89     0.12472  0.47134  2.41   42484   20025  160551   248644   5.85
  2009        90-94     0.22603  0.69092  2.19   22460   15518   68655    88093   3.92
  2009        95-99     0.33854  0.83711  1.98    6942    5811   17165    19438   2.80
  2009       100-104    0.48913  0.93017  1.67    1131    1052    2150     2273   2.01
  2009       105-109    0.64318  0.97054  1.40      79      77     119      122   1.55
  2009       110+       0.75853  1.00000  1.32       2       2       3        3   1.32
  2010           0      0.00490  0.00488  0.14  100000     488   99580  7954538  79.55
  2010         1-4      0.00025  0.00100  1.31   99512     100  397781  7854957  78.93
  2010         5-9      0.00010  0.00052  3.30   99413      52  496976  7457176  75.01
  2010        10-14     0.00014  0.00069  3.20   99361      68  496681  6960201  70.05
  2010        15-19     0.00051  0.00256  2.91   99292     254  495931  6463519  65.10
  2010        20-24     0.00046  0.00228  2.39   99038     226  494601  5967589  60.26
  2010        25-29     0.00051  0.00255  2.52   98812     252  493435  5472987  55.39
  2010        30-34     0.00080  0.00401  2.62   98560     396  491857  4979553  50.52
  2010        35-39     0.00155  0.00774  2.50   98164     760  488923  4487696  45.72
  2010        40-44     0.00169  0.00843  2.76   97405     821  485183  3998772  41.05
  2010        45-49     0.00278  0.01379  2.65   96583    1332  479780  3513589  36.38
  2010        50-54     0.00359  0.01780  2.73   95252    1696  472402  3033809  31.85
  2010        55-59     0.00564  0.02783  2.63   93556    2604  461605  2561407  27.38
  2010        60-64     0.00824  0.04038  2.53   90952    3672  445689  2099802  23.09
  2010        65-69     0.01362  0.06605  2.71   87280    5765  423175  1654113  18.95
  2010        70-74     0.02166  0.10302  2.63   81515    8398  387687  1230938  15.10
  2010        75-79     0.03686  0.16991  2.70   73117   12424  337045   843250  11.53
  2010        80-84     0.06967  0.29681  2.51   60693   18015  258572   506205   8.34
  2010        85-89     0.12713  0.48093  2.47   42679   20526  161453   247633   5.80
  2010        90-94     0.22878  0.69874  2.22   22153   15479   67661    86180   3.89
  2010        95-99     0.34207  0.84034  1.97    6674    5608   16395    18519   2.77
  2010       100-104    0.49348  0.93189  1.66    1066     993    2012     2124   1.99
  2010       105-109    0.64759  0.97127  1.40      73      70     109      112   1.54
  2010       110+       0.76247  1.00000  1.31       2       2       3        3   1.31
  2011           0      0.00246  0.00246  0.14  100000     246   99790  7998572  79.99
  2011         1-4      0.00027  0.00110  1.86   99754     109  398782  7898782  79.18
  2011         5-9      0.00024  0.00122  2.35   99645     122  497901  7499999  75.27
  2011        10-14     0.00012  0.00060  3.13   99523      60  497502  7002099  70.36
  2011        15-19     0.00046  0.00228  3.20   99463     227  496907  6504597  65.40
  2011        20-24     0.00066  0.00330  2.28   99236     328  495289  6007690  60.54
  2011        25-29     0.00085  0.00426  2.97   98908     421  493686  5512400  55.73
  2011        30-34     0.00108  0.00538  2.61   98487     530  491167  5018714  50.96
  2011        35-39     0.00141  0.00704  2.75   97957     689  488239  4527547  46.22
  2011        40-44     0.00180  0.00895  2.49   97268     870  484153  4039308  41.53
  2011        45-49     0.00233  0.01161  2.71   96398    1119  479426  3555156  36.88
  2011        50-54     0.00386  0.01915  2.79   95278    1824  472369  3075729  32.28
  2011        55-59     0.00567  0.02795  2.41   93454    2612  460512  2603360  27.86
  2011        60-64     0.00851  0.04172  2.65   90843    3790  445306  2142848  23.59
  2011        65-69     0.01150  0.05596  2.61   87053    4872  423622  1697542  19.50
  2011        70-74     0.01981  0.09437  2.51   82181    7756  391563  1273920  15.50
  2011        75-79     0.03575  0.16513  2.69   74425   12290  343743   882357  11.86
  2011        80-84     0.06701  0.28900  2.62   62136   17957  267969   538614   8.67
  2011        85-89     0.11637  0.45119  2.51   44178   19933  171287   270645   6.13
  2011        90-94     0.21124  0.67154  2.29   24245   16282   77076    99358   4.10
  2011        95-99     0.33843  0.83771  1.99    7964    6671   19712    22281   2.80
  2011       100-104    0.49475  0.93279  1.66    1292    1206    2437     2569   1.99
  2011       105-109    0.65378  0.97243  1.39      87      84     129      132   1.52
  2011       110+       0.77123  1.00000  1.30       2       2       3        3   1.30
  2012           0      0.00305  0.00304  0.14  100000     304   99740  7998281  79.98
  2012         1-4      0.00020  0.00078  1.62   99696      78  398600  7898542  79.23
  2012         5-9      0.00022  0.00110  1.79   99618     109  497740  7499942  75.29
  2012        10-14     0.00020  0.00100  2.56   99509      99  497302  7002203  70.37
  2012        15-19     0.00055  0.00275  2.87   99409     274  496463  6504901  65.44
  2012        20-24     0.00042  0.00210  2.85   99136     208  495231  6008438  60.61
  2012        25-29     0.00077  0.00386  2.84   98927     382  493811  5513208  55.73
  2012        30-34     0.00092  0.00459  2.70   98545     453  491684  5019396  50.93
  2012        35-39     0.00134  0.00668  2.80   98092     655  489023  4527712  46.16
  2012        40-44     0.00193  0.00961  2.38   97437     937  484733  4038689  41.45
  2012        45-49     0.00282  0.01399  2.73   96500    1350  479439  3553956  36.83
  2012        50-54     0.00425  0.02103  2.51   95150    2001  470768  3074517  32.31
  2012        55-59     0.00534  0.02636  2.57   93149    2455  459768  2603748  27.95
  2012        60-64     0.00821  0.04029  2.71   90693    3654  445100  2143980  23.64
  2012        65-69     0.01144  0.05572  2.67   87039    4849  423896  1698881  19.52
  2012        70-74     0.01900  0.09088  2.60   82190    7469  393022  1274985  15.51
  2012        75-79     0.03412  0.15810  2.68   74721   11813  346204   881963  11.80
  2012        80-84     0.06606  0.28555  2.63   62907   17963  271940   535759   8.52
  2012        85-89     0.12611  0.47882  2.49   44944   21520  170648   263819   5.87
  2012        90-94     0.21846  0.68373  2.26   23424   16016   73310    93171   3.98
  2012        95-99     0.35524  0.85292  1.95    7408    6319   17788    19861   2.68
  2012       100-104    0.51812  0.94142  1.62    1090    1026    1980     2073   1.90
  2012       105-109    0.67927  0.97621  1.35      64      62      92       94   1.47
  2012       110+       0.79466  1.00000  1.26       2       2       2        2   1.26
  2013           0      0.00421  0.00419  0.14  100000     419   99640  8036392  80.36
  2013         1-4      0.00021  0.00086  1.40   99581      86  398099  7936752  79.70
  2013         5-9      0.00010  0.00049  2.53   99495      49  497354  7538653  75.77
  2013        10-14     0.00016  0.00080  2.72   99446      79  497048  7041299  70.81
  2013        15-19     0.00036  0.00177  2.19   99366     176  496338  6544251  65.86
  2013        20-24     0.00051  0.00253  2.47   99190     251  495317  6047913  60.97
  2013        25-29     0.00074  0.00369  2.66   98939     365  493842  5552596  56.12
  2013        30-34     0.00107  0.00532  2.93   98574     524  491785  5058754  51.32
  2013        35-39     0.00108  0.00538  2.68   98050     527  489025  4566969  46.58
  2013        40-44     0.00180  0.00896  2.58   97523     873  485496  4077945  41.82
  2013        45-49     0.00297  0.01473  2.76   96649    1424  480051  3592449  37.17
  2013        50-54     0.00350  0.01737  2.58   95225    1654  472131  3112398  32.68
  2013        55-59     0.00471  0.02327  2.50   93572    2178  462404  2640267  28.22
  2013        60-64     0.00760  0.03732  2.51   91394    3410  448487  2177863  23.83
  2013        65-69     0.01247  0.06058  2.63   87983    5330  427290  1729376  19.66
  2013        70-74     0.01952  0.09355  2.77   82653    7732  396043  1302086  15.75
  2013        75-79     0.03408  0.15795  2.69   74922   11834  347281   906043  12.09
  2013        80-84     0.06404  0.27898  2.69   63088   17600  274817   558762   8.86
  2013        85-89     0.11415  0.44453  2.51   45488   20221  177141   283945   6.24
  2013        90-94     0.20207  0.65358  2.30   25267   16514   81727   106804   4.23
  2013        95-99     0.32919  0.82910  2.01    8753    7257   22046    25077   2.86
  2013       100-104    0.48460  0.92886  1.68    1496    1389    2867     3032   2.03
  2013       105-109    0.64462  0.97100  1.40     106     103     160      164   1.54
  2013       110+       0.76392  1.00000  1.31       3       3       4        4   1.31
  2014           0      0.00263  0.00262  0.14  100000     262   99776  8062555  80.63
  2014         1-4      0.00021  0.00085  2.06   99738      85  398787  7962779  79.84
  2014         5-9      0.00027  0.00134  1.94   99653     133  497858  7563992  75.90
  2014        10-14     0.00008  0.00040  0.75   99520      40  497429  7066134  71.00
  2014        15-19     0.00035  0.00176  2.67   99480     175  496991  6568706  66.03
  2014        20-24     0.00052  0.00262  2.42   99305     260  495851  6071715  61.14
  2014        25-29     0.00040  0.00198  2.76   99044     196  494784  5575865  56.30
  2014        30-34     0.00078  0.00391  2.56   98849     386  493302  5081080  51.40
  2014        35-39     0.00140  0.00700  2.78   98462     689  490783  4587778  46.59
  2014        40-44     0.00178  0.00887  2.69   97774     867  486862  4096995  41.90
  2014        45-49     0.00236  0.01176  2.72   96907    1139  481932  3610132  37.25
  2014        50-54     0.00363  0.01799  2.55   95767    1723  474611  3128200  32.66
  2014        55-59     0.00535  0.02641  2.49   94045    2483  463983  2653589  28.22
  2014        60-64     0.00804  0.03941  2.54   91561    3609  448939  2189606  23.91
  2014        65-69     0.01148  0.05585  2.59   87953    4912  427917  1740667  19.79
  2014        70-74     0.01856  0.08894  2.68   83041    7386  398044  1312750  15.81
  2014        75-79     0.03384  0.15677  2.66   75655   11861  350529   914706  12.09
  2014        80-84     0.06184  0.26932  2.60   63794   17181  277816   564177   8.84
  2014        85-89     0.11892  0.46045  2.55   46613   21463  180480   286361   6.14
  2014        90-94     0.20389  0.66189  2.35   25150   16647   81643   105882   4.21
  2014        95-99     0.33108  0.83102  2.00    8503    7066   21343    24238   2.85
  2014       100-104    0.48762  0.93013  1.68    1437    1336    2741     2895   2.01
  2014       105-109    0.64827  0.97161  1.40     100      98     150      154   1.54
  2014       110+       0.76752  1.00000  1.30       3       3       4        4   1.30
  2015           0      0.00338  0.00337  0.14  100000     337   99711  8035513  80.36
  2015         1-4      0.00019  0.00076  1.86   99663      75  398492  7935802  79.63
  2015         5-9      0.00017  0.00086  2.63   99588      85  497738  7537310  75.69
  2015        10-14     0.00028  0.00141  2.15   99503     140  497115  7039572  70.75
  2015        15-19     0.00037  0.00185  2.96   99363     184  496438  6542457  65.84
  2015        20-24     0.00061  0.00302  2.69   99179     300  495200  6046019  60.96
  2015        25-29     0.00074  0.00370  3.01   98879     366  493663  5550820  56.14
  2015        30-34     0.00073  0.00366  2.45   98512     361  491642  5057157  51.34
  2015        35-39     0.00098  0.00489  2.67   98152     480  489639  4565515  46.51
  2015        40-44     0.00197  0.00978  2.68   97672     955  486146  4075876  41.73
  2015        45-49     0.00245  0.01216  2.79   96716    1176  480980  3589730  37.12
  2015        50-54     0.00402  0.01993  2.74   95540    1904  473396  3108750  32.54
  2015        55-59     0.00506  0.02501  2.66   93636    2342  462709  2635354  28.14
  2015        60-64     0.00906  0.04437  2.68   91294    4050  447069  2172646  23.80
  2015        65-69     0.01163  0.05662  2.70   87244    4940  424850  1725576  19.78
  2015        70-74     0.01883  0.09005  2.58   82304    7411  393563  1300726  15.80
  2015        75-79     0.03483  0.16069  2.59   74892   12034  345480   907163  12.11
  2015        80-84     0.06267  0.27347  2.67   62858   17190  274287   561683   8.94
  2015        85-89     0.11439  0.44486  2.50   45668   20316  177592   287396   6.29
  2015        90-94     0.19478  0.64234  2.35   25352   16285   83605   109804   4.33
  2015        95-99     0.32594  0.82595  2.01    9067    7489   22977    26199   2.89
  2015       100-104    0.48081  0.92731  1.69    1578    1463    3044     3222   2.04
  2015       105-109    0.64098  0.97040  1.41     115     111     174      178   1.55
  2015       110+       0.76084  1.00000  1.31       3       3       4        4   1.31
  2016           0      0.00345  0.00344  0.14  100000     344   99705  8066325  80.66
  2016         1-4      0.00033  0.00133  1.62   99656     133  398309  7966620  79.94
  2016         5-9      0.00019  0.00094  2.31   99523      93  497367  7568311  76.05
  2016        10-14     0.00016  0.00080  2.27   99430      80  496935  7070944  71.11
  2016        15-19     0.00028  0.00142  2.34   99351     141  496378  6574009  66.17
  2016        20-24     0.00046  0.00228  2.82   99210     226  495556  6077631  61.26
  2016        25-29     0.00072  0.00358  2.21   98984     354  493933  5582075  56.39
  2016        30-34     0.00101  0.00504  2.55   98630     497  491931  5088142  51.59
  2016        35-39     0.00113  0.00564  2.92   98133     553  489514  4596211  46.84
  2016        40-44     0.00148  0.00736  2.51   97580     718  486112  4106697  42.09
  2016        45-49     0.00229  0.01139  2.82   96862    1103  481900  3620585  37.38
  2016        50-54     0.00376  0.01863  2.54   95759    1784  474402  3138685  32.78
  2016        55-59     0.00521  0.02571  2.57   93974    2416  463997  2664283  28.35
  2016        60-64     0.00855  0.04186  2.57   91558    3832  448461  2200287  24.03
  2016        65-69     0.01149  0.05591  2.63   87726    4905  426993  1751825  19.97
  2016        70-74     0.01991  0.09517  2.70   82821    7882  395942  1324832  16.00
  2016        75-79     0.02994  0.13977  2.63   74939   10474  349845   928891  12.40
  2016        80-84     0.06067  0.26380  2.53   64465   17006  280284   579046   8.98
  2016        85-89     0.11602  0.44721  2.44   47459   21224  182936   298762   6.30
  2016        90-94     0.19068  0.62882  2.29   26235   16497   86516   115826   4.41
  2016        95-99     0.31115  0.81007  2.04    9738    7888   25352    29309   3.01
  2016       100-104    0.45728  0.91639  1.73    1850    1695    3706     3958   2.14
  2016       105-109    0.61225  0.96496  1.45     155     149     244      251   1.62
  2016       110+       0.73179  1.00000  1.37       5       5       7        7   1.37
