SA, Life tables (period 5x5), Males	Last modified: 23 May 2023;  Methods Protocol: v6 (2017)

  Year          Age         mx       qx    ax      lx      dx      Lx       Tx     ex
1971-1974        0      0.01764  0.01737  0.11  100000    1737   98461  6937906  69.38
1971-1974      1-4      0.00093  0.00373  1.57   98263     367  392161  6839445  69.60
1971-1974      5-9      0.00034  0.00169  2.71   97896     165  489104  6447284  65.86
1971-1974     10-14     0.00030  0.00150  2.63   97731     146  488312  5958180  60.96
1971-1974     15-19     0.00164  0.00816  2.94   97585     796  486284  5469868  56.05
1971-1974     20-24     0.00144  0.00718  2.25   96789     695  482033  4983584  51.49
1971-1974     25-29     0.00113  0.00563  2.41   96094     541  479070  4501552  46.85
1971-1974     30-34     0.00121  0.00601  2.54   95553     574  476353  4022482  42.10
1971-1974     35-39     0.00200  0.00993  2.59   94979     943  472620  3546130  37.34
1971-1974     40-44     0.00294  0.01459  2.60   94036    1372  466889  3073510  32.68
1971-1974     45-49     0.00537  0.02652  2.79   92663    2457  457889  2606620  28.13
1971-1974     50-54     0.00873  0.04280  2.66   90206    3860  442008  2148731  23.82
1971-1974     55-59     0.01520  0.07342  2.68   86346    6340  417027  1706723  19.77
1971-1974     60-64     0.02345  0.11111  2.65   80006    8889  379097  1289696  16.12
1971-1974     65-69     0.03866  0.17705  2.63   71117   12591  325701   910599  12.80
1971-1974     70-74     0.06052  0.26403  2.59   58526   15452  255341   584898   9.99
1971-1974     75-79     0.09214  0.37338  2.46   43073   16083  174557   329557   7.65
1971-1974     80-84     0.13697  0.50520  2.40   26991   13636   99548   155000   5.74
1971-1974     85-89     0.21574  0.67173  2.19   13355    8971   41583    55452   4.15
1971-1974     90-94     0.29541  0.79211  2.07    4384    3473   11755    13870   3.16
1971-1974     95-99     0.42023  0.89383  1.79     911     815    1938     2114   2.32
1971-1974    100-104    0.54459  0.94685  1.56      97      92     168      176   1.82
1971-1974    105-109    0.66454  0.97278  1.36       5       5       8        8   1.50
1971-1974    110+       0.75449  1.00000  1.33       0       0       0        0   1.33
1975-1979        0      0.01290  0.01276  0.12  100000    1276   98882  7086140  70.86
1975-1979      1-4      0.00077  0.00308  1.56   98724     304  394156  6987258  70.78
1975-1979      5-9      0.00030  0.00149  2.48   98420     147  491733  6593102  66.99
1975-1979     10-14     0.00028  0.00139  2.82   98274     137  491070  6101370  62.09
1975-1979     15-19     0.00149  0.00742  2.96   98137     728  489197  5610300  57.17
1975-1979     20-24     0.00151  0.00753  2.31   97409     734  485071  5121103  52.57
1975-1979     25-29     0.00137  0.00682  2.35   96675     659  481628  4636031  47.95
1975-1979     30-34     0.00121  0.00603  2.53   96016     579  478647  4154403  43.27
1975-1979     35-39     0.00170  0.00846  2.68   95437     807  475310  3675756  38.52
1975-1979     40-44     0.00252  0.01251  2.78   94629    1184  470516  3200446  33.82
1975-1979     45-49     0.00496  0.02453  2.80   93445    2292  462180  2729931  29.21
1975-1979     50-54     0.00762  0.03742  2.68   91153    3411  447843  2267751  24.88
1975-1979     55-59     0.01264  0.06143  2.75   87743    5390  426567  1819908  20.74
1975-1979     60-64     0.02179  0.10352  2.60   82352    8525  391278  1393341  16.92
1975-1979     65-69     0.03462  0.15990  2.61   73828   11805  340965  1002062  13.57
1975-1979     70-74     0.05343  0.23694  2.61   62023   14695  275028   661098  10.66
1975-1979     75-79     0.08366  0.34610  2.51   47327   16380  195800   386069   8.16
1975-1979     80-84     0.12718  0.48050  2.46   30947   14870  116920   190269   6.15
1975-1979     85-89     0.19233  0.63178  2.29   16077   10157   52810    73349   4.56
1975-1979     90-94     0.26511  0.75595  2.16    5920    4475   16880    20540   3.47
1975-1979     95-99     0.38198  0.86824  1.86    1445    1254    3284     3660   2.53
1975-1979    100-104    0.49983  0.93142  1.63     190     177     355      376   1.97
1975-1979    105-109    0.61837  0.96457  1.43      13      13      20       21   1.61
1975-1979    110+       0.71037  1.00000  1.41       0       0       1        1   1.41
1980-1984        0      0.01086  0.01076  0.13  100000    1076   99062  7236119  72.36
1980-1984      1-4      0.00046  0.00186  1.52   98924     184  395241  7137058  72.15
1980-1984      5-9      0.00031  0.00156  2.33   98741     154  493292  6741817  68.28
1980-1984     10-14     0.00031  0.00155  3.01   98587     153  492629  6248525  63.38
1980-1984     15-19     0.00116  0.00577  3.00   98434     568  491031  5755896  58.47
1980-1984     20-24     0.00135  0.00675  2.36   97866     660  487587  5264865  53.80
1980-1984     25-29     0.00118  0.00588  2.51   97206     571  484608  4777278  49.15
1980-1984     30-34     0.00122  0.00609  2.44   96634     588  481664  4292670  44.42
1980-1984     35-39     0.00144  0.00715  2.69   96046     687  478644  3811006  39.68
1980-1984     40-44     0.00222  0.01102  2.67   95359    1051  474344  3332362  34.95
1980-1984     45-49     0.00386  0.01912  2.74   94309    1803  467468  2858018  30.30
1980-1984     50-54     0.00719  0.03536  2.72   92506    3271  455083  2390550  25.84
1980-1984     55-59     0.01213  0.05903  2.72   89235    5268  434167  1935467  21.69
1980-1984     60-64     0.01864  0.08928  2.63   83967    7497  402103  1501300  17.88
1980-1984     65-69     0.03020  0.14089  2.63   76471   10774  356771  1099197  14.37
1980-1984     70-74     0.04750  0.21318  2.60   65697   14005  294864   742426  11.30
1980-1984     75-79     0.07550  0.31801  2.52   51692   16438  217718   447562   8.66
1980-1984     80-84     0.11905  0.45674  2.45   35253   16102  135247   229845   6.52
1980-1984     85-89     0.16786  0.57896  2.32   19152   11088   66055    94597   4.94
1980-1984     90-94     0.26196  0.74146  2.07    8064    5979   22824    28542   3.54
1980-1984     95-99     0.34995  0.84231  1.92    2085    1756    5018     5719   2.74
1980-1984    100-104    0.46089  0.91446  1.70     329     301     652      701   2.13
1980-1984    105-109    0.57627  0.95494  1.50      28      27      47       48   1.72
1980-1984    110+       0.66814  1.00000  1.50       1       1       2        2   1.50
1985-1989        0      0.00922  0.00914  0.13  100000     914   99205  7350808  73.51
1985-1989      1-4      0.00049  0.00197  1.55   99086     195  395864  7251603  73.19
1985-1989      5-9      0.00026  0.00129  2.53   98890     127  494137  6855738  69.33
1985-1989     10-14     0.00025  0.00127  2.61   98763     125  493516  6361601  64.41
1985-1989     15-19     0.00121  0.00604  2.92   98638     596  491950  5868085  59.49
1985-1989     20-24     0.00138  0.00688  2.38   98042     675  488439  5376135  54.84
1985-1989     25-29     0.00123  0.00615  2.51   97367     598  485343  4887696  50.20
1985-1989     30-34     0.00119  0.00592  2.50   96769     573  482410  4402352  45.49
1985-1989     35-39     0.00134  0.00666  2.48   96196     641  479366  3919943  40.75
1985-1989     40-44     0.00196  0.00977  2.66   95555     934  475589  3440577  36.01
1985-1989     45-49     0.00318  0.01578  2.72   94621    1494  469693  2964988  31.34
1985-1989     50-54     0.00554  0.02735  2.73   93127    2547  459862  2495295  26.79
1985-1989     55-59     0.01043  0.05095  2.73   90580    4615  442446  2035433  22.47
1985-1989     60-64     0.01636  0.07876  2.65   85966    6770  413905  1592987  18.53
1985-1989     65-69     0.02645  0.12432  2.59   79195    9845  372253  1179082  14.89
1985-1989     70-74     0.04362  0.19741  2.60   69350   13690  313842   806830  11.63
1985-1989     75-79     0.07004  0.29864  2.53   55659   16622  237322   492988   8.86
1985-1989     80-84     0.11510  0.44512  2.46   39037   17376  150968   255666   6.55
1985-1989     85-89     0.17361  0.59058  2.29   21661   12792   73686   104698   4.83
1985-1989     90-94     0.26461  0.75417  2.15    8868    6688   25276    31012   3.50
1985-1989     95-99     0.36593  0.85645  1.89    2180    1867    5102     5736   2.63
1985-1989    100-104    0.48610  0.92626  1.66     313     290     596      634   2.03
1985-1989    105-109    0.60856  0.96273  1.45      23      22      37       38   1.63
1985-1989    110+       0.70410  1.00000  1.42       1       1       1        1   1.42
1990-1994        0      0.00672  0.00668  0.14  100000     668   99423  7475508  74.76
1990-1994      1-4      0.00033  0.00131  1.76   99332     130  397037  7376085  74.26
1990-1994      5-9      0.00020  0.00098  2.26   99202      97  495743  6979047  70.35
1990-1994     10-14     0.00020  0.00101  3.02   99105     100  495325  6483305  65.42
1990-1994     15-19     0.00084  0.00417  2.96   99005     413  494181  5987979  60.48
1990-1994     20-24     0.00137  0.00683  2.46   98591     673  491247  5493798  55.72
1990-1994     25-29     0.00132  0.00659  2.39   97919     646  487909  5002551  51.09
1990-1994     30-34     0.00137  0.00684  2.45   97273     665  484671  4514642  46.41
1990-1994     35-39     0.00153  0.00761  2.64   96608     735  481303  4029971  41.71
1990-1994     40-44     0.00178  0.00884  2.60   95873     848  477331  3548668  37.01
1990-1994     45-49     0.00281  0.01398  2.62   95025    1328  471969  3071337  32.32
1990-1994     50-54     0.00495  0.02446  2.69   93697    2292  463186  2599368  27.74
1990-1994     55-59     0.00821  0.04032  2.75   91405    3685  448725  2136182  23.37
1990-1994     60-64     0.01434  0.06945  2.72   87720    6092  424735  1687457  19.24
1990-1994     65-69     0.02457  0.11603  2.61   81628    9472  385487  1262721  15.47
1990-1994     70-74     0.03913  0.17876  2.59   72156   12898  329666   877235  12.16
1990-1994     75-79     0.06410  0.27746  2.58   59258   16442  256487   547569   9.24
1990-1994     80-84     0.10701  0.42188  2.49   42816   18063  168808   291082   6.80
1990-1994     85-89     0.16957  0.58561  2.36   24753   14495   85486   122275   4.94
1990-1994     90-94     0.25394  0.73602  2.14   10257    7550   29730    36789   3.59
1990-1994     95-99     0.36917  0.85987  1.89    2708    2328    6307     7059   2.61
1990-1994    100-104    0.49726  0.93130  1.64     379     353     711      752   1.98
1990-1994    105-109    0.62659  0.96662  1.42      26      25      40       41   1.59
1990-1994    110+       0.72596  1.00000  1.38       1       1       1        1   1.38
1995-1999        0      0.00580  0.00577  0.14  100000     577   99502  7607286  76.07
1995-1999      1-4      0.00037  0.00148  1.89   99423     147  397382  7507783  75.51
1995-1999      5-9      0.00023  0.00113  2.42   99276     113  496091  7110401  71.62
1995-1999     10-14     0.00020  0.00098  2.99   99164      97  495622  6614311  66.70
1995-1999     15-19     0.00083  0.00417  2.98   99066     413  494495  6118689  61.76
1995-1999     20-24     0.00116  0.00580  2.62   98653     572  491906  5624194  57.01
1995-1999     25-29     0.00123  0.00614  2.41   98082     602  488849  5132287  52.33
1995-1999     30-34     0.00146  0.00730  2.57   97480     711  485666  4643439  47.63
1995-1999     35-39     0.00153  0.00762  2.54   96768     737  482028  4157773  42.97
1995-1999     40-44     0.00201  0.00998  2.69   96031     958  477942  3675744  38.28
1995-1999     45-49     0.00258  0.01280  2.64   95073    1217  472495  3197803  33.64
1995-1999     50-54     0.00417  0.02064  2.59   93856    1937  464615  2725308  29.04
1995-1999     55-59     0.00664  0.03268  2.67   91919    3004  452586  2260694  24.59
1995-1999     60-64     0.01180  0.05746  2.74   88915    5109  433028  1808108  20.34
1995-1999     65-69     0.02109  0.10056  2.70   83805    8428  399671  1375080  16.41
1995-1999     70-74     0.03393  0.15691  2.61   75378   11828  348595   975409  12.94
1995-1999     75-79     0.05538  0.24446  2.61   63550   15536  280546   626814   9.86
1995-1999     80-84     0.09657  0.38980  2.53   48015   18716  193811   346268   7.21
1995-1999     85-89     0.15691  0.55776  2.41   29298   16341  104144   152457   5.20
1995-1999     90-94     0.24093  0.71961  2.20   12957    9324   38699    48313   3.73
1995-1999     95-99     0.36247  0.85540  1.91    3633    3108    8574     9614   2.65
1995-1999    100-104    0.49713  0.93180  1.65     525     489     985     1041   1.98
1995-1999    105-109    0.63324  0.96813  1.41      36      35      55       56   1.57
1995-1999    110+       0.73698  1.00000  1.36       1       1       2        2   1.36
2000-2004        0      0.00448  0.00446  0.14  100000     446   99616  7744403  77.44
2000-2004      1-4      0.00032  0.00127  1.78   99554     127  397933  7644787  76.79
2000-2004      5-9      0.00021  0.00104  2.42   99427     104  496865  7246854  72.89
2000-2004     10-14     0.00021  0.00102  2.76   99323     102  496386  6749989  67.96
2000-2004     15-19     0.00065  0.00324  2.81   99221     322  495403  6253603  63.03
2000-2004     20-24     0.00097  0.00486  2.49   98900     480  493295  5758200  58.22
2000-2004     25-29     0.00119  0.00595  2.56   98419     586  490666  5264906  53.49
2000-2004     30-34     0.00134  0.00667  2.48   97834     653  487525  4774239  48.80
2000-2004     35-39     0.00149  0.00743  2.64   97181     722  484200  4286715  44.11
2000-2004     40-44     0.00181  0.00901  2.63   96459     869  480237  3802515  39.42
2000-2004     45-49     0.00257  0.01275  2.59   95590    1219  475013  3322278  34.76
2000-2004     50-54     0.00406  0.02009  2.64   94371    1896  467381  2847265  30.17
2000-2004     55-59     0.00627  0.03089  2.73   92475    2857  455888  2379884  25.74
2000-2004     60-64     0.00963  0.04708  2.69   89619    4219  438340  1923996  21.47
2000-2004     65-69     0.01650  0.07947  2.71   85399    6787  411433  1485657  17.40
2000-2004     70-74     0.02868  0.13434  2.65   78613   10561  368246  1074224  13.66
2000-2004     75-79     0.04971  0.22226  2.62   68052   15125  304298   705977  10.37
2000-2004     80-84     0.08389  0.34841  2.57   52926   18440  219808   401679   7.59
2000-2004     85-89     0.15366  0.54942  2.41   34486   18947  123307   181871   5.27
2000-2004     90-94     0.23407  0.70259  2.16   15539   10917   46642    58564   3.77
2000-2004     95-99     0.37214  0.86456  1.90    4621    3996   10737    11921   2.58
2000-2004    100-104    0.52141  0.94144  1.61     626     589    1130     1185   1.89
2000-2004    105-109    0.66850  0.97426  1.36      37      36      53       55   1.49
2000-2004    110+       0.77625  1.00000  1.29       1       1       1        1   1.29
2005-2009        0      0.00414  0.00413  0.14  100000     413   99646  7878441  78.78
2005-2009      1-4      0.00029  0.00117  1.58   99587     116  398068  7778795  78.11
2005-2009      5-9      0.00017  0.00086  1.96   99471      85  497096  7380727  74.20
2005-2009     10-14     0.00016  0.00078  2.60   99386      77  496743  6883631  69.26
2005-2009     15-19     0.00056  0.00281  3.12   99308     279  496017  6386888  64.31
2005-2009     20-24     0.00078  0.00388  2.55   99030     384  494206  5890872  59.49
2005-2009     25-29     0.00099  0.00493  2.61   98646     486  492066  5396665  54.71
2005-2009     30-34     0.00130  0.00647  2.55   98160     635  489242  4904599  49.97
2005-2009     35-39     0.00135  0.00675  2.62   97525     658  486055  4415357  45.27
2005-2009     40-44     0.00198  0.00983  2.61   96867     953  482054  3929301  40.56
2005-2009     45-49     0.00249  0.01240  2.72   95914    1189  476858  3447247  35.94
2005-2009     50-54     0.00376  0.01864  2.57   94725    1766  469338  2970389  31.36
2005-2009     55-59     0.00577  0.02847  2.65   92959    2647  458563  2501051  26.90
2005-2009     60-64     0.00862  0.04224  2.66   90313    3815  442649  2042488  22.62
2005-2009     65-69     0.01447  0.06998  2.68   86498    6053  418417  1599839  18.50
2005-2009     70-74     0.02299  0.10916  2.69   80445    8782  381923  1181422  14.69
2005-2009     75-79     0.04145  0.18893  2.66   71664   13540  326627   799498  11.16
2005-2009     80-84     0.07366  0.31271  2.59   58124   18176  246756   472871   8.14
2005-2009     85-89     0.13521  0.50189  2.43   39948   20049  148278   226115   5.66
2005-2009     90-94     0.22335  0.68893  2.22   19899   13709   61377    77838   3.91
2005-2009     95-99     0.35904  0.85511  1.94    6190    5293   14742    16461   2.66
2005-2009    100-104    0.51444  0.93962  1.62     897     843    1638     1719   1.92
2005-2009    105-109    0.66883  0.97454  1.36      54      53      79       81   1.49
2005-2009    110+       0.78131  1.00000  1.28       1       1       2        2   1.28
2010-2014        0      0.00344  0.00343  0.14  100000     343   99706  8006836  80.07
2010-2014      1-4      0.00023  0.00092  1.65   99657      91  398412  7907130  79.34
2010-2014      5-9      0.00019  0.00094  2.22   99565      93  497567  7508718  75.42
2010-2014     10-14     0.00014  0.00070  2.61   99472      69  497193  7011152  70.48
2010-2014     15-19     0.00045  0.00222  2.81   99402     221  496527  6513958  65.53
2010-2014     20-24     0.00051  0.00257  2.46   99181     255  495259  6017431  60.67
2010-2014     25-29     0.00065  0.00327  2.78   98926     323  493913  5522172  55.82
2010-2014     30-34     0.00093  0.00464  2.69   98603     457  491961  5028259  50.99
2010-2014     35-39     0.00136  0.00677  2.70   98146     664  489198  4536298  46.22
2010-2014     40-44     0.00180  0.00897  2.57   97481     875  485284  4047100  41.52
2010-2014     45-49     0.00265  0.01318  2.71   96607    1273  480122  3561816  36.87
2010-2014     50-54     0.00376  0.01865  2.63   95334    1778  472453  3081694  32.33
2010-2014     55-59     0.00534  0.02635  2.52   93555    2465  461658  2609241  27.89
2010-2014     60-64     0.00812  0.03982  2.59   91090    3627  446715  2147583  23.58
2010-2014     65-69     0.01206  0.05863  2.64   87463    5128  425226  1700868  19.45
2010-2014     70-74     0.01965  0.09392  2.64   82335    7733  393429  1275642  15.49
2010-2014     75-79     0.03490  0.16145  2.69   74603   12045  345140   882213  11.83
2010-2014     80-84     0.06519  0.28206  2.61   62558   17645  270679   537073   8.59
2010-2014     85-89     0.12287  0.47064  2.51   44913   21138  172035   266393   5.93
2010-2014     90-94     0.21939  0.68519  2.26   23775   16290   74255    94358   3.97
2010-2014     95-99     0.35438  0.85238  1.96    7485    6380   18003    20103   2.69
2010-2014    100-104    0.51857  0.94167  1.62    1105    1040    2006     2101   1.90
2010-2014    105-109    0.68093  0.97647  1.35      64      63      92       94   1.46
2010-2014    110+       0.79684  1.00000  1.25       2       2       2        2   1.25
2015-2019        0      0.00342  0.00341  0.14  100000     341   99708  8066455  80.66
2015-2019      1-4      0.00020  0.00079  1.62   99659      79  398450  7966747  79.94
2015-2019      5-9      0.00015  0.00073  2.35   99581      72  497712  7568297  76.00
2015-2019     10-14     0.00019  0.00093  2.55   99508      93  497314  7070585  71.06
2015-2019     15-19     0.00036  0.00181  3.03   99416     180  496724  6573271  66.12
2015-2019     20-24     0.00056  0.00278  2.66   99236     276  495533  6076547  61.23
2015-2019     25-29     0.00066  0.00329  2.50   98960     326  493985  5581014  56.40
2015-2019     30-34     0.00090  0.00450  2.53   98634     444  492074  5087029  51.57
2015-2019     35-39     0.00109  0.00543  2.60   98190     533  489674  4594955  46.80
2015-2019     40-44     0.00164  0.00819  2.69   97657     799  486435  4105281  42.04
2015-2019     45-49     0.00264  0.01312  2.72   96858    1271  481394  3618846  37.36
2015-2019     50-54     0.00384  0.01902  2.65   95587    1818  473671  3137451  32.82
2015-2019     55-59     0.00541  0.02670  2.65   93769    2503  462960  2663780  28.41
2015-2019     60-64     0.00840  0.04120  2.65   91266    3760  447477  2200820  24.11
2015-2019     65-69     0.01163  0.05661  2.66   87506    4953  425915  1753343  20.04
2015-2019     70-74     0.01868  0.08946  2.65   82552    7385  395374  1327428  16.08
2015-2019     75-79     0.03134  0.14594  2.64   75167   10970  349973   932054  12.40
2015-2019     80-84     0.05990  0.26185  2.60   64197   16810  280614   582081   9.07
2015-2019     85-89     0.10936  0.42954  2.50   47387   20355  186133   301467   6.36
2015-2019     90-94     0.19956  0.65091  2.33   27032   17596   88173   115334   4.27
2015-2019     95-99     0.32713  0.82760  2.02    9437    7810   23874    27161   2.88
2015-2019    100-104    0.48608  0.92976  1.68    1627    1513    3112     3287   2.02
2015-2019    105-109    0.64961  0.97193  1.39     114     111     171      175   1.53
2015-2019    110+       0.77064  1.00000  1.30       3       3       4        4   1.30
