SA, Life tables (period 5x10), Males	Last modified: 02 Jul 2018;  Methods Protocol: v6 (2017)

  Year          Age         mx       qx    ax      lx      dx      Lx       Tx     ex
1971-1979        0      0.01514  0.01494  0.12  100000    1494   98684  7020469  70.20
1971-1979      1-4      0.00085  0.00339  1.56   98506     334  393211  6921786  70.27
1971-1979      5-9      0.00032  0.00158  2.59   98172     155  490489  6528574  66.50
1971-1979     10-14     0.00029  0.00144  2.73   98018     141  489767  6038085  61.60
1971-1979     15-19     0.00155  0.00773  2.95   97876     757  487827  5548318  56.69
1971-1979     20-24     0.00148  0.00738  2.28   97119     717  483649  5060491  52.11
1971-1979     25-29     0.00127  0.00632  2.38   96402     609  480414  4576841  47.48
1971-1979     30-34     0.00121  0.00603  2.53   95793     577  477541  4096427  42.76
1971-1979     35-39     0.00182  0.00908  2.64   95216     864  474038  3618886  38.01
1971-1979     40-44     0.00271  0.01344  2.70   94351    1268  468836  3144848  33.33
1971-1979     45-49     0.00515  0.02544  2.79   93083    2368  460188  2676012  28.75
1971-1979     50-54     0.00809  0.03970  2.67   90715    3602  445179  2215824  24.43
1971-1979     55-59     0.01371  0.06646  2.72   87114    5789  422363  1770646  20.33
1971-1979     60-64     0.02248  0.10667  2.62   81324    8674  385942  1348283  16.58
1971-1979     65-69     0.03626  0.16688  2.62   72650   12124  334390   962340  13.25
1971-1979     70-74     0.05629  0.24797  2.60   60526   15008  266630   627951  10.37
1971-1979     75-79     0.08710  0.35739  2.49   45517   16267  186758   361321   7.94
1971-1979     80-84     0.13162  0.49185  2.43   29250   14387  109307   174563   5.97
1971-1979     85-89     0.20234  0.64928  2.24   14863    9650   47694    65256   4.39
1971-1979     90-94     0.27360  0.76282  2.10    5213    3976   14534    17561   3.37
1971-1979     95-99     0.39646  0.87849  1.83    1236    1086    2740     3027   2.45
1971-1979    100-104    0.51628  0.93750  1.60     150     141     273      288   1.91
1971-1979    105-109    0.63501  0.96776  1.41       9       9      14       15   1.57
1971-1979    110+       0.72612  1.00000  1.38       0       0       0        0   1.38
1980-1989        0      0.01003  0.00995  0.13  100000     995   99134  7294732  72.95
1980-1989      1-4      0.00048  0.00192  1.53   99005     190  395554  7195598  72.68
1980-1989      5-9      0.00028  0.00142  2.42   98816     141  493716  6800044  68.82
1980-1989     10-14     0.00028  0.00141  2.84   98675     139  493074  6306328  63.91
1980-1989     15-19     0.00118  0.00591  2.96   98536     582  491490  5813253  59.00
1980-1989     20-24     0.00137  0.00681  2.37   97954     667  488013  5321764  54.33
1980-1989     25-29     0.00121  0.00602  2.51   97286     585  484974  4833751  49.69
1980-1989     30-34     0.00120  0.00600  2.47   96701     580  482035  4348777  44.97
1980-1989     35-39     0.00138  0.00687  2.58   96121     660  479006  3866742  40.23
1980-1989     40-44     0.00208  0.01033  2.66   95460     986  474999  3387735  35.49
1980-1989     45-49     0.00350  0.01736  2.73   94474    1640  468650  2912736  30.83
1980-1989     50-54     0.00639  0.03148  2.73   92834    2923  457543  2444086  26.33
1980-1989     55-59     0.01130  0.05509  2.72   89911    4953  438286  1986543  22.09
1980-1989     60-64     0.01743  0.08372  2.64   84958    7112  408000  1548258  18.22
1980-1989     65-69     0.02824  0.13227  2.61   77846   10296  364622  1140257  14.65
1980-1989     70-74     0.04542  0.20474  2.60   67549   13830  304493   775636  11.48
1980-1989     75-79     0.07245  0.30724  2.53   53719   16505  227812   471142   8.77
1980-1989     80-84     0.11683  0.45024  2.45   37214   16756  143415   243330   6.54
1980-1989     85-89     0.17099  0.58532  2.31   20459   11975   70032    99915   4.88
1980-1989     90-94     0.26255  0.74608  2.11    8484    6330   24109    29883   3.52
1980-1989     95-99     0.35868  0.85019  1.91    2154    1831    5106     5775   2.68
1980-1989    100-104    0.47472  0.92114  1.68     323     297     626      669   2.07
1980-1989    105-109    0.59411  0.95943  1.47      25      24      41       43   1.67
1980-1989    110+       0.68817  1.00000  1.45       1       1       2        2   1.45
1990-1999        0      0.00627  0.00624  0.14  100000     624   99461  7542356  75.42
1990-1999      1-4      0.00035  0.00139  1.83   99376     138  397204  7442895  74.90
1990-1999      5-9      0.00021  0.00106  2.35   99238     105  495910  7045690  71.00
1990-1999     10-14     0.00020  0.00099  3.00   99133      99  495468  6549780  66.07
1990-1999     15-19     0.00084  0.00417  2.97   99034     413  494331  6054312  61.13
1990-1999     20-24     0.00127  0.00635  2.53   98621     626  491559  5559981  56.38
1990-1999     25-29     0.00128  0.00637  2.40   97995     624  488355  5068422  51.72
1990-1999     30-34     0.00142  0.00706  2.51   97371     688  485143  4580067  47.04
1990-1999     35-39     0.00153  0.00761  2.59   96684     736  481643  4094924  42.35
1990-1999     40-44     0.00189  0.00941  2.65   95948     903  477614  3613280  37.66
1990-1999     45-49     0.00269  0.01336  2.63   95044    1269  472215  3135666  32.99
1990-1999     50-54     0.00452  0.02237  2.64   93775    2098  463927  2663451  28.40
1990-1999     55-59     0.00739  0.03634  2.71   91677    3331  450763  2199524  23.99
1990-1999     60-64     0.01310  0.06362  2.73   88346    5621  428993  1748760  19.79
1990-1999     65-69     0.02287  0.10850  2.65   82725    8976  392524  1319767  15.95
1990-1999     70-74     0.03636  0.16718  2.60   73749   12330  339103   927243  12.57
1990-1999     75-79     0.05941  0.25990  2.59   61420   15963  268703   588140   9.58
1990-1999     80-84     0.10115  0.40405  2.51   45457   18367  181574   319437   7.03
1990-1999     85-89     0.16230  0.56982  2.39   27090   15436   95113   137864   5.09
1990-1999     90-94     0.24643  0.72669  2.18   11653    8468   34364    42751   3.67
1990-1999     95-99     0.36479  0.85686  1.91    3185    2729    7481     8386   2.63
1990-1999    100-104    0.49620  0.93118  1.65     456     425     856      905   1.99
1990-1999    105-109    0.62908  0.96723  1.42      31      30      48       50   1.58
1990-1999    110+       0.73084  1.00000  1.37       1       1       1        1   1.37
2000-2009        0      0.00430  0.00429  0.14  100000     429   99631  7815570  78.16
2000-2009      1-4      0.00031  0.00122  1.69   99571     122  398003  7715939  77.49
2000-2009      5-9      0.00019  0.00095  2.22   99449      95  496983  7317936  73.58
2000-2009     10-14     0.00018  0.00090  2.69   99355      90  496566  6820953  68.65
2000-2009     15-19     0.00061  0.00302  2.96   99265     300  495712  6324387  63.71
2000-2009     20-24     0.00087  0.00434  2.52   98965     429  493759  5828674  58.90
2000-2009     25-29     0.00109  0.00543  2.59   98536     535  491386  5334916  54.14
2000-2009     30-34     0.00132  0.00657  2.51   98001     644  488402  4843529  49.42
2000-2009     35-39     0.00142  0.00709  2.63   97356     690  485147  4355127  44.73
2000-2009     40-44     0.00189  0.00942  2.62   96666     910  481166  3869980  40.03
2000-2009     45-49     0.00253  0.01257  2.66   95756    1204  475960  3388814  35.39
2000-2009     50-54     0.00391  0.01935  2.61   94552    1830  468384  2912855  30.81
2000-2009     55-59     0.00600  0.02957  2.68   92722    2742  457260  2444470  26.36
2000-2009     60-64     0.00907  0.04442  2.68   89980    3997  440614  1987210  22.08
2000-2009     65-69     0.01543  0.07448  2.69   85983    6404  415133  1546596  17.99
2000-2009     70-74     0.02584  0.12188  2.67   79579    9699  375308  1131463  14.22
2000-2009     75-79     0.04553  0.20554  2.64   69880   14363  315456   756155  10.82
2000-2009     80-84     0.07728  0.32545  2.58   55517   18068  233802   440699   7.94
2000-2009     85-89     0.14160  0.51903  2.43   37449   19437  137270   206897   5.52
2000-2009     90-94     0.22681  0.69306  2.19   18012   12483   55038    69626   3.87
2000-2009     95-99     0.36244  0.85748  1.93    5528    4741   13079    14588   2.64
2000-2009    100-104    0.51497  0.93958  1.62     788     740    1438     1509   1.91
2000-2009    105-109    0.66640  0.97409  1.37      48      46      70       71   1.50
2000-2009    110+       0.77723  1.00000  1.29       1       1       2        2   1.29
2010-2016        0      0.00343  0.00342  0.14  100000     342   99706  8022949  80.23
2010-2016      1-4      0.00024  0.00095  1.67   99658      95  398409  7923243  79.50
2010-2016      5-9      0.00019  0.00093  2.29   99562      92  497563  7524834  75.58
2010-2016     10-14     0.00016  0.00081  2.45   99470      81  497145  7027271  70.65
2010-2016     15-19     0.00041  0.00206  2.78   99389     205  496493  6530126  65.70
2010-2016     20-24     0.00052  0.00259  2.54   99185     257  495292  6033633  60.83
2010-2016     25-29     0.00068  0.00338  2.73   98928     334  493879  5538341  55.98
2010-2016     30-34     0.00091  0.00455  2.64   98594     449  491909  5044462  51.16
2010-2016     35-39     0.00127  0.00634  2.72   98145     622  489308  4552553  46.39
2010-2016     40-44     0.00178  0.00887  2.58   97523     865  485524  4063245  41.66
2010-2016     45-49     0.00257  0.01277  2.74   96658    1235  480495  3577722  37.01
2010-2016     50-54     0.00380  0.01883  2.63   95423    1797  472864  3097227  32.46
2010-2016     55-59     0.00528  0.02605  2.55   93626    2439  462144  2624363  28.03
2010-2016     60-64     0.00832  0.04077  2.60   91187    3718  447014  2162219  23.71
2010-2016     65-69     0.01190  0.05790  2.65   87469    5065  425429  1715205  19.61
2010-2016     70-74     0.01957  0.09352  2.64   82404    7707  393836  1289776  15.65
2010-2016     75-79     0.03412  0.15802  2.66   74698   11804  345909   895941  11.99
2010-2016     80-84     0.06458  0.27970  2.61   62894   17592  272382   550032   8.75
2010-2016     85-89     0.11876  0.45763  2.49   45302   20732  174574   277649   6.13
2010-2016     90-94     0.20430  0.65768  2.29   24570   16159   79097   103076   4.20
2010-2016     95-99     0.33122  0.83082  2.00    8411    6988   21097    23979   2.85
2010-2016    100-104    0.48507  0.92889  1.68    1423    1322    2725     2882   2.03
2010-2016    105-109    0.64332  0.97072  1.40     101      98     153      157   1.55
2010-2016    110+       0.76157  1.00000  1.31       3       3       4        4   1.31
