SA, Death rates (period 1x5), 	Last modified: 23 May 2023;  Methods Protocol: v6 (2017)

  Year          Age             Female            Male           Total
1971-1974        0             0.013127        0.017642        0.015444
1971-1974        1             0.001111        0.001549        0.001335
1971-1974        2             0.000438        0.000900        0.000675
1971-1974        3             0.000457        0.000762        0.000613
1971-1974        4             0.000389        0.000526        0.000459
1971-1974        5             0.000185        0.000377        0.000283
1971-1974        6             0.000278        0.000155        0.000215
1971-1974        7             0.000371        0.000374        0.000372
1971-1974        8             0.000182        0.000301        0.000243
1971-1974        9             0.000243        0.000480        0.000365
1971-1974       10             0.000108        0.000164        0.000137
1971-1974       11             0.000105        0.000403        0.000257
1971-1974       12             0.000251        0.000342        0.000297
1971-1974       13             0.000250        0.000241        0.000246
1971-1974       14             0.000148        0.000346        0.000248
1971-1974       15             0.000516        0.000833        0.000677
1971-1974       16             0.000485        0.001328        0.000912
1971-1974       17             0.000565        0.001715        0.001148
1971-1974       18             0.000532        0.002037        0.001293
1971-1974       19             0.000423        0.002277        0.001355
1971-1974       20             0.000739        0.001808        0.001274
1971-1974       21             0.000557        0.001725        0.001140
1971-1974       22             0.000370        0.001320        0.000848
1971-1974       23             0.000398        0.001176        0.000789
1971-1974       24             0.000502        0.001182        0.000845
1971-1974       25             0.000296        0.001118        0.000710
1971-1974       26             0.000586        0.001477        0.001035
1971-1974       27             0.000610        0.000829        0.000721
1971-1974       28             0.000513        0.001215        0.000869
1971-1974       29             0.000669        0.001005        0.000839
1971-1974       30             0.000601        0.001042        0.000825
1971-1974       31             0.000759        0.001494        0.001134
1971-1974       32             0.000854        0.001087        0.000972
1971-1974       33             0.000728        0.000983        0.000857
1971-1974       34             0.001022        0.001424        0.001225
1971-1974       35             0.000680        0.001730        0.001208
1971-1974       36             0.000544        0.001989        0.001274
1971-1974       37             0.001144        0.002049        0.001602
1971-1974       38             0.001315        0.002043        0.001685
1971-1974       39             0.000985        0.002168        0.001586
1971-1974       40             0.001409        0.002848        0.002143
1971-1974       41             0.001478        0.002614        0.002059
1971-1974       42             0.001898        0.002881        0.002405
1971-1974       43             0.001880        0.002800        0.002354
1971-1974       44             0.001955        0.003557        0.002787
1971-1974       45             0.001764        0.003656        0.002746
1971-1974       46             0.002582        0.004935        0.003797
1971-1974       47             0.002420        0.005193        0.003839
1971-1974       48             0.003806        0.005840        0.004842
1971-1974       49             0.003689        0.007250        0.005489
1971-1974       50             0.003434        0.007581        0.005523
1971-1974       51             0.004265        0.007034        0.005657
1971-1974       52             0.004983        0.009613        0.007306
1971-1974       53             0.004717        0.008956        0.006844
1971-1974       54             0.004931        0.010553        0.007740
1971-1974       55             0.005394        0.011408        0.008396
1971-1974       56             0.006446        0.014086        0.010253
1971-1974       57             0.006228        0.015620        0.010901
1971-1974       58             0.007463        0.017331        0.012369
1971-1974       59             0.008382        0.017812        0.013031
1971-1974       60             0.008282        0.020194        0.014138
1971-1974       61             0.009766        0.019952        0.014692
1971-1974       62             0.011602        0.023162        0.017144
1971-1974       63             0.011103        0.025967        0.018168
1971-1974       64             0.013136        0.028500        0.020369
1971-1974       65             0.013583        0.032170        0.022308
1971-1974       66             0.014731        0.031619        0.022668
1971-1974       67             0.018139        0.041641        0.029101
1971-1974       68             0.019373        0.043220        0.030446
1971-1974       69             0.023312        0.046183        0.033775
1971-1974       70             0.025920        0.047496        0.035671
1971-1974       71             0.029809        0.056418        0.041568
1971-1974       72             0.029986        0.060625        0.043061
1971-1974       73             0.033493        0.068879        0.048079
1971-1974       74             0.038896        0.073041        0.052439
1971-1974       75             0.041479        0.080373        0.056443
1971-1974       76             0.050823        0.085265        0.063611
1971-1974       77             0.051805        0.092128        0.066407
1971-1974       78             0.060826        0.103560        0.076042
1971-1974       79             0.068374        0.105741        0.081723
1971-1974       80             0.067907        0.115534        0.084681
1971-1974       81             0.080825        0.126019        0.096607
1971-1974       82             0.095113        0.138435        0.110183
1971-1974       83             0.098214        0.161471        0.120093
1971-1974       84             0.113992        0.160919        0.130000
1971-1974       85             0.127686        0.197316        0.150878
1971-1974       86             0.149227        0.206030        0.167562
1971-1974       87             0.151904        0.223929        0.174266
1971-1974       88             0.178953        0.215522        0.189801
1971-1974       89             0.202422        0.266383        0.220701
1971-1974       90             0.210855        0.264098        0.225528
1971-1974       91             0.215203        0.268297        0.229464
1971-1974       92             0.249757        0.320256        0.268309
1971-1974       93             0.266102        0.334731        0.283857
1971-1974       94             0.284608        0.368178        0.305655
1971-1974       95             0.349578        0.409431        0.363810
1971-1974       96             0.281234        0.253072        0.274862
1971-1974       97             0.348588        0.311338        0.340442
1971-1974       98             0.504369        0.499811        0.503434
1971-1974       99             0.427835        1.126280        0.539318
1971-1974      100             0.572293        1.467042        0.648138
1971-1974      101             0.669483        1.671853        0.730597
1971-1974      102             0.868910        6.000000        0.935496
1971-1974      103             1.439353              .        1.439353
1971-1974      104             2.326531              .        2.326531
1971-1974      105             4.166667              .        4.166667
1971-1974      106                   .              .              .
1971-1974      107                   .              .              .
1971-1974      108                   .              .              .
1971-1974      109                   .              .              .
1971-1974      110+                  .              .              .
1975-1979        0             0.010217        0.012902        0.011595
1975-1979        1             0.000645        0.001229        0.000944
1975-1979        2             0.000419        0.000816        0.000622
1975-1979        3             0.000343        0.000652        0.000501
1975-1979        4             0.000388        0.000386        0.000387
1975-1979        5             0.000357        0.000355        0.000356
1975-1979        6             0.000274        0.000243        0.000258
1975-1979        7             0.000179        0.000257        0.000219
1975-1979        8             0.000305        0.000342        0.000324
1975-1979        9             0.000199        0.000294        0.000248
1975-1979       10             0.000146        0.000156        0.000151
1975-1979       11             0.000237        0.000344        0.000292
1975-1979       12             0.000217        0.000237        0.000227
1975-1979       13             0.000354        0.000216        0.000283
1975-1979       14             0.000242        0.000441        0.000344
1975-1979       15             0.000338        0.000533        0.000437
1975-1979       16             0.000434        0.001325        0.000886
1975-1979       17             0.000451        0.001606        0.001034
1975-1979       18             0.000707        0.002149        0.001432
1975-1979       19             0.000600        0.001830        0.001219
1975-1979       20             0.000565        0.001663        0.001119
1975-1979       21             0.000490        0.001612        0.001058
1975-1979       22             0.000351        0.001884        0.001125
1975-1979       23             0.000356        0.001287        0.000826
1975-1979       24             0.000416        0.001118        0.000770
1975-1979       25             0.000304        0.001692        0.001001
1975-1979       26             0.000495        0.001430        0.000965
1975-1979       27             0.000497        0.001228        0.000865
1975-1979       28             0.000436        0.001180        0.000811
1975-1979       29             0.000363        0.001310        0.000842
1975-1979       30             0.000237        0.001117        0.000682
1975-1979       31             0.000569        0.001162        0.000868
1975-1979       32             0.000446        0.001488        0.000971
1975-1979       33             0.000706        0.001005        0.000857
1975-1979       34             0.000947        0.001282        0.001116
1975-1979       35             0.000660        0.001384        0.001027
1975-1979       36             0.000790        0.001619        0.001210
1975-1979       37             0.000898        0.001725        0.001317
1975-1979       38             0.000939        0.001597        0.001272
1975-1979       39             0.001007        0.002169        0.001593
1975-1979       40             0.001339        0.001598        0.001470
1975-1979       41             0.001375        0.002398        0.001890
1975-1979       42             0.001500        0.002612        0.002062
1975-1979       43             0.001565        0.002811        0.002199
1975-1979       44             0.002214        0.003172        0.002702
1975-1979       45             0.001545        0.003142        0.002360
1975-1979       46             0.002145        0.004546        0.003378
1975-1979       47             0.002426        0.004714        0.003603
1975-1979       48             0.002965        0.006396        0.004731
1975-1979       49             0.003195        0.006036        0.004662
1975-1979       50             0.003578        0.006296        0.004978
1975-1979       51             0.003636        0.006744        0.005224
1975-1979       52             0.004256        0.007690        0.006000
1975-1979       53             0.004975        0.008145        0.006572
1975-1979       54             0.004976        0.009258        0.007123
1975-1979       55             0.005451        0.009366        0.007410
1975-1979       56             0.005669        0.011350        0.008500
1975-1979       57             0.005354        0.011963        0.008626
1975-1979       58             0.005737        0.014134        0.009870
1975-1979       59             0.007706        0.016586        0.012053
1975-1979       60             0.007805        0.019087        0.013278
1975-1979       61             0.009311        0.019118        0.014053
1975-1979       62             0.009517        0.022249        0.015673
1975-1979       63             0.010266        0.025014        0.017366
1975-1979       64             0.013040        0.023802        0.018188
1975-1979       65             0.012421        0.028751        0.020143
1975-1979       66             0.013454        0.030967        0.021615
1975-1979       67             0.016538        0.036683        0.025803
1975-1979       68             0.015499        0.035332        0.024513
1975-1979       69             0.019965        0.042484        0.030149
1975-1979       70             0.024147        0.042828        0.032529
1975-1979       71             0.023768        0.047318        0.034216
1975-1979       72             0.026660        0.054083        0.038736
1975-1979       73             0.030194        0.059947        0.043139
1975-1979       74             0.035619        0.066167        0.048614
1975-1979       75             0.039414        0.070287        0.052157
1975-1979       76             0.045336        0.076866        0.057940
1975-1979       77             0.048643        0.084970        0.062700
1975-1979       78             0.053084        0.093077        0.067842
1975-1979       79             0.060090        0.099341        0.073844
1975-1979       80             0.067615        0.100972        0.078966
1975-1979       81             0.071726        0.120317        0.087724
1975-1979       82             0.081193        0.128616        0.096314
1975-1979       83             0.090785        0.145881        0.107924
1975-1979       84             0.106915        0.158106        0.122517
1975-1979       85             0.117254        0.167524        0.132265
1975-1979       86             0.141728        0.173207        0.151035
1975-1979       87             0.159555        0.207456        0.173730
1975-1979       88             0.150110        0.209741        0.167581
1975-1979       89             0.171658        0.237680        0.190510
1975-1979       90             0.185114        0.214317        0.193252
1975-1979       91             0.198813        0.263041        0.216219
1975-1979       92             0.245994        0.286870        0.256546
1975-1979       93             0.253719        0.306679        0.266621
1975-1979       94             0.251480        0.276818        0.257322
1975-1979       95             0.284695        0.360959        0.301456
1975-1979       96             0.275483        0.424606        0.306091
1975-1979       97             0.336092        0.452306        0.358945
1975-1979       98             0.388959        0.304117        0.371018
1975-1979       99             0.472000        0.527364        0.485173
1975-1979      100             0.421254        0.652839        0.473967
1975-1979      101             0.470140        0.884826        0.539788
1975-1979      102             0.564884        1.385666        0.643159
1975-1979      103             0.693712        2.235294        0.779754
1975-1979      104             0.996805              .        0.996805
1975-1979      105             1.875000              .        1.875000
1975-1979      106                   .              .              .
1975-1979      107                   .              .              .
1975-1979      108                   .              .              .
1975-1979      109                   .              .              .
1975-1979      110+                  .              .              .
1980-1984        0             0.007497        0.010859        0.009217
1980-1984        1             0.000602        0.000821        0.000714
1980-1984        2             0.000521        0.000457        0.000488
1980-1984        3             0.000305        0.000312        0.000309
1980-1984        4             0.000087        0.000269        0.000181
1980-1984        5             0.000324        0.000328        0.000326
1980-1984        6             0.000191        0.000382        0.000289
1980-1984        7             0.000145        0.000293        0.000221
1980-1984        8             0.000140        0.000339        0.000243
1980-1984        9             0.000307        0.000217        0.000261
1980-1984       10             0.000130        0.000193        0.000162
1980-1984       11             0.000199        0.000223        0.000211
1980-1984       12             0.000249        0.000186        0.000216
1980-1984       13             0.000125        0.000507        0.000321
1980-1984       14             0.000180        0.000444        0.000315
1980-1984       15             0.000489        0.000412        0.000450
1980-1984       16             0.000379        0.000911        0.000651
1980-1984       17             0.000393        0.001440        0.000927
1980-1984       18             0.000614        0.001428        0.001028
1980-1984       19             0.000395        0.001596        0.001003
1980-1984       20             0.000562        0.001585        0.001079
1980-1984       21             0.000357        0.001557        0.000962
1980-1984       22             0.000344        0.001081        0.000716
1980-1984       23             0.000419        0.001280        0.000854
1980-1984       24             0.000480        0.001265        0.000877
1980-1984       25             0.000325        0.001202        0.000768
1980-1984       26             0.000329        0.001128        0.000733
1980-1984       27             0.000387        0.001121        0.000758
1980-1984       28             0.000408        0.001261        0.000837
1980-1984       29             0.000392        0.001182        0.000789
1980-1984       30             0.000337        0.001298        0.000820
1980-1984       31             0.000489        0.001231        0.000862
1980-1984       32             0.000303        0.001167        0.000736
1980-1984       33             0.000604        0.001370        0.000989
1980-1984       34             0.000495        0.001040        0.000769
1980-1984       35             0.000490        0.001248        0.000870
1980-1984       36             0.000831        0.001391        0.001112
1980-1984       37             0.000659        0.000969        0.000815
1980-1984       38             0.000843        0.001868        0.001359
1980-1984       39             0.001146        0.001702        0.001426
1980-1984       40             0.000915        0.001974        0.001449
1980-1984       41             0.001110        0.001736        0.001426
1980-1984       42             0.001193        0.002458        0.001831
1980-1984       43             0.001615        0.002256        0.001938
1980-1984       44             0.001451        0.002656        0.002055
1980-1984       45             0.001631        0.002930        0.002282
1980-1984       46             0.001974        0.003582        0.002782
1980-1984       47             0.002203        0.003747        0.002983
1980-1984       48             0.002209        0.003864        0.003049
1980-1984       49             0.002554        0.005177        0.003884
1980-1984       50             0.002943        0.005548        0.004264
1980-1984       51             0.003499        0.006841        0.005200
1980-1984       52             0.003256        0.006577        0.004949
1980-1984       53             0.004116        0.007561        0.005874
1980-1984       54             0.003853        0.009468        0.006720
1980-1984       55             0.004438        0.009045        0.006781
1980-1984       56             0.004601        0.010541        0.007604
1980-1984       57             0.005003        0.012281        0.008659
1980-1984       58             0.005890        0.014486        0.010167
1980-1984       59             0.006316        0.014494        0.010341
1980-1984       60             0.006784        0.015348        0.010959
1980-1984       61             0.007807        0.017604        0.012542
1980-1984       62             0.007788        0.018441        0.012886
1980-1984       63             0.008748        0.019903        0.014047
1980-1984       64             0.010529        0.022222        0.016055
1980-1984       65             0.011620        0.024766        0.017816
1980-1984       66             0.012771        0.027855        0.019869
1980-1984       67             0.014437        0.030685        0.022068
1980-1984       68             0.016053        0.031458        0.023237
1980-1984       69             0.017144        0.037079        0.026304
1980-1984       70             0.019924        0.040444        0.029179
1980-1984       71             0.020892        0.040933        0.029800
1980-1984       72             0.024212        0.049476        0.035276
1980-1984       73             0.025459        0.049059        0.035641
1980-1984       74             0.028151        0.059793        0.041625
1980-1984       75             0.032697        0.065378        0.046367
1980-1984       76             0.037375        0.069027        0.050364
1980-1984       77             0.040761        0.071912        0.053360
1980-1984       78             0.044605        0.085957        0.060989
1980-1984       79             0.051469        0.090267        0.066306
1980-1984       80             0.058240        0.102768        0.074449
1980-1984       81             0.069023        0.103127        0.080996
1980-1984       82             0.076036        0.124269        0.092316
1980-1984       83             0.080061        0.130971        0.096392
1980-1984       84             0.095919        0.148238        0.111816
1980-1984       85             0.098852        0.145034        0.112261
1980-1984       86             0.119208        0.163536        0.131628
1980-1984       87             0.136125        0.168655        0.144966
1980-1984       88             0.142070        0.175501        0.150973
1980-1984       89             0.164979        0.210048        0.176737
1980-1984       90             0.181813        0.247433        0.198372
1980-1984       91             0.178978        0.252291        0.196829
1980-1984       92             0.193969        0.259061        0.209441
1980-1984       93             0.226766        0.285125        0.240384
1980-1984       94             0.261298        0.280865        0.265839
1980-1984       95             0.304130        0.340487        0.312670
1980-1984       96             0.301437        0.344858        0.311478
1980-1984       97             0.342487        0.362264        0.346828
1980-1984       98             0.378431        0.417909        0.386436
1980-1984       99             0.447397        0.352009        0.429492
1980-1984      100             0.458940        0.604486        0.484561
1980-1984      101             0.517188        0.824217        0.560858
1980-1984      102             0.593440        0.763324        0.610491
1980-1984      103             0.711929        2.072727        0.766626
1980-1984      104             1.015615              .        1.015615
1980-1984      105             2.565724              .        2.565724
1980-1984      106                   .              .              .
1980-1984      107                   .              .              .
1980-1984      108                   .              .              .
1980-1984      109                   .              .              .
1980-1984      110+                  .              .              .
1985-1989        0             0.007083        0.009216        0.008178
1985-1989        1             0.000668        0.000935        0.000805
1985-1989        2             0.000578        0.000335        0.000454
1985-1989        3             0.000246        0.000372        0.000311
1985-1989        4             0.000287        0.000332        0.000310
1985-1989        5             0.000165        0.000256        0.000212
1985-1989        6             0.000252        0.000240        0.000246
1985-1989        7             0.000191        0.000304        0.000249
1985-1989        8             0.000235        0.000183        0.000209
1985-1989        9             0.000194        0.000304        0.000250
1985-1989       10             0.000235        0.000261        0.000248
1985-1989       11             0.000252        0.000216        0.000234
1985-1989       12             0.000102        0.000230        0.000168
1985-1989       13             0.000255        0.000241        0.000248
1985-1989       14             0.000151        0.000321        0.000238
1985-1989       15             0.000293        0.000604        0.000453
1985-1989       16             0.000251        0.000847        0.000557
1985-1989       17             0.000461        0.001633        0.001063
1985-1989       18             0.000691        0.001342        0.001023
1985-1989       19             0.000465        0.001633        0.001061
1985-1989       20             0.000561        0.001647        0.001116
1985-1989       21             0.000437        0.001326        0.000891
1985-1989       22             0.000507        0.001354        0.000940
1985-1989       23             0.000484        0.001374        0.000939
1985-1989       24             0.000475        0.001206        0.000847
1985-1989       25             0.000295        0.001226        0.000768
1985-1989       26             0.000516        0.001188        0.000857
1985-1989       27             0.000515        0.001254        0.000890
1985-1989       28             0.000482        0.001296        0.000894
1985-1989       29             0.000556        0.001201        0.000881
1985-1989       30             0.000354        0.001189        0.000774
1985-1989       31             0.000594        0.001156        0.000877
1985-1989       32             0.000634        0.001314        0.000975
1985-1989       33             0.000475        0.001022        0.000748
1985-1989       34             0.000643        0.001256        0.000949
1985-1989       35             0.000534        0.001539        0.001035
1985-1989       36             0.000740        0.001211        0.000975
1985-1989       37             0.000767        0.001214        0.000991
1985-1989       38             0.000634        0.001240        0.000938
1985-1989       39             0.001092        0.001481        0.001288
1985-1989       40             0.000861        0.001585        0.001228
1985-1989       41             0.000976        0.001789        0.001387
1985-1989       42             0.001215        0.002110        0.001667
1985-1989       43             0.001297        0.002101        0.001703
1985-1989       44             0.001114        0.002235        0.001680
1985-1989       45             0.001680        0.002434        0.002062
1985-1989       46             0.001913        0.002849        0.002387
1985-1989       47             0.002091        0.003148        0.002625
1985-1989       48             0.002033        0.003703        0.002877
1985-1989       49             0.002530        0.003776        0.003160
1985-1989       50             0.003178        0.004160        0.003673
1985-1989       51             0.003081        0.005284        0.004192
1985-1989       52             0.003481        0.005072        0.004284
1985-1989       53             0.002851        0.006068        0.004477
1985-1989       54             0.003503        0.007146        0.005343
1985-1989       55             0.003809        0.007996        0.005926
1985-1989       56             0.005125        0.008607        0.006891
1985-1989       57             0.005013        0.010998        0.008047
1985-1989       58             0.005599        0.011465        0.008566
1985-1989       59             0.006228        0.013225        0.009763
1985-1989       60             0.006585        0.013478        0.010040
1985-1989       61             0.006458        0.015347        0.010864
1985-1989       62             0.008514        0.016001        0.012186
1985-1989       63             0.009823        0.017269        0.013436
1985-1989       64             0.009800        0.019932        0.014677
1985-1989       65             0.011460        0.024285        0.017586
1985-1989       66             0.011145        0.023939        0.017197
1985-1989       67             0.013638        0.025618        0.019242
1985-1989       68             0.013423        0.026130        0.019314
1985-1989       69             0.016774        0.032773        0.024146
1985-1989       70             0.018468        0.036049        0.026483
1985-1989       71             0.020509        0.039432        0.029038
1985-1989       72             0.023843        0.042622        0.032212
1985-1989       73             0.026438        0.051806        0.037593
1985-1989       74             0.028940        0.049967        0.038043
1985-1989       75             0.031254        0.059985        0.043453
1985-1989       76             0.034143        0.063083        0.046200
1985-1989       77             0.038441        0.069941        0.051251
1985-1989       78             0.044093        0.077648        0.057446
1985-1989       79             0.051138        0.083926        0.063905
1985-1989       80             0.057355        0.089751        0.069577
1985-1989       81             0.056416        0.112516        0.076936
1985-1989       82             0.069325        0.119653        0.087045
1985-1989       83             0.081612        0.132474        0.098817
1985-1989       84             0.086453        0.133897        0.101888
1985-1989       85             0.100947        0.154662        0.117701
1985-1989       86             0.113993        0.152825        0.125557
1985-1989       87             0.124864        0.194186        0.144469
1985-1989       88             0.129631        0.187641        0.145063
1985-1989       89             0.152610        0.201235        0.164916
1985-1989       90             0.167204        0.223413        0.180997
1985-1989       91             0.181003        0.259796        0.199780
1985-1989       92             0.207248        0.283608        0.224588
1985-1989       93             0.233302        0.275914        0.242604
1985-1989       94             0.243880        0.350634        0.266100
1985-1989       95             0.280380        0.341697        0.292202
1985-1989       96             0.288641        0.282204        0.287410
1985-1989       97             0.362909        0.460201        0.381777
1985-1989       98             0.317263        0.377257        0.328605
1985-1989       99             0.325604        0.351700        0.330622
1985-1989      100             0.390422        0.480408        0.407893
1985-1989      101             0.416276        0.504367        0.433017
1985-1989      102             0.450604        0.604545        0.478910
1985-1989      103             0.509739        0.826000        0.560727
1985-1989      104             0.629432        1.325416        0.699664
1985-1989      105             0.864498        6.000000        0.920792
1985-1989      106             1.625616              .        1.625616
1985-1989      107                   .              .              .
1985-1989      108                   .              .              .
1985-1989      109                   .              .              .
1985-1989      110+                  .              .              .
1990-1994        0             0.005261        0.006717        0.006010
1990-1994        1             0.000438        0.000472        0.000455
1990-1994        2             0.000313        0.000313        0.000313
1990-1994        3             0.000229        0.000235        0.000232
1990-1994        4             0.000186        0.000292        0.000241
1990-1994        5             0.000184        0.000213        0.000199
1990-1994        6             0.000284        0.000250        0.000267
1990-1994        7             0.000282        0.000211        0.000245
1990-1994        8             0.000160        0.000172        0.000166
1990-1994        9             0.000221        0.000134        0.000177
1990-1994       10             0.000121        0.000077        0.000099
1990-1994       11             0.000206        0.000176        0.000191
1990-1994       12             0.000271        0.000198        0.000233
1990-1994       13             0.000189        0.000259        0.000225
1990-1994       14             0.000316        0.000299        0.000307
1990-1994       15             0.000272        0.000315        0.000294
1990-1994       16             0.000308        0.000774        0.000548
1990-1994       17             0.000500        0.000853        0.000681
1990-1994       18             0.000444        0.001141        0.000801
1990-1994       19             0.000539        0.001100        0.000826
1990-1994       20             0.000469        0.001362        0.000926
1990-1994       21             0.000445        0.001518        0.000992
1990-1994       22             0.000267        0.001246        0.000766
1990-1994       23             0.000415        0.001472        0.000954
1990-1994       24             0.000441        0.001251        0.000855
1990-1994       25             0.000446        0.001340        0.000901
1990-1994       26             0.000481        0.001611        0.001055
1990-1994       27             0.000512        0.001281        0.000902
1990-1994       28             0.000536        0.001178        0.000860
1990-1994       29             0.000574        0.001206        0.000892
1990-1994       30             0.000477        0.001455        0.000968
1990-1994       31             0.000624        0.001394        0.001009
1990-1994       32             0.000690        0.001399        0.001044
1990-1994       33             0.000609        0.001222        0.000915
1990-1994       34             0.000582        0.001391        0.000985
1990-1994       35             0.000887        0.001412        0.001149
1990-1994       36             0.000548        0.001432        0.000990
1990-1994       37             0.000767        0.001345        0.001055
1990-1994       38             0.000740        0.001561        0.001150
1990-1994       39             0.000911        0.001887        0.001398
1990-1994       40             0.000767        0.001510        0.001137
1990-1994       41             0.001050        0.001794        0.001421
1990-1994       42             0.001188        0.001841        0.001514
1990-1994       43             0.001102        0.001729        0.001416
1990-1994       44             0.001215        0.002008        0.001614
1990-1994       45             0.001350        0.002381        0.001868
1990-1994       46             0.001422        0.002621        0.002024
1990-1994       47             0.001545        0.002989        0.002271
1990-1994       48             0.001613        0.002962        0.002291
1990-1994       49             0.002163        0.003123        0.002647
1990-1994       50             0.002548        0.003864        0.003212
1990-1994       51             0.002883        0.004400        0.003650
1990-1994       52             0.003079        0.005125        0.004111
1990-1994       53             0.003408        0.005709        0.004564
1990-1994       54             0.003139        0.005669        0.004407
1990-1994       55             0.004304        0.006189        0.005246
1990-1994       56             0.003924        0.006627        0.005272
1990-1994       57             0.004541        0.008850        0.006693
1990-1994       58             0.004421        0.009096        0.006759
1990-1994       59             0.005677        0.010390        0.008027
1990-1994       60             0.006625        0.010415        0.008514
1990-1994       61             0.006238        0.013306        0.009761
1990-1994       62             0.007202        0.014025        0.010593
1990-1994       63             0.009189        0.016144        0.012638
1990-1994       64             0.008678        0.018085        0.013317
1990-1994       65             0.010288        0.020770        0.015416
1990-1994       66             0.012608        0.023484        0.017880
1990-1994       67             0.012671        0.023818        0.018014
1990-1994       68             0.014409        0.026038        0.019914
1990-1994       69             0.014443        0.029218        0.021345
1990-1994       70             0.015882        0.032432        0.023519
1990-1994       71             0.018415        0.035959        0.026404
1990-1994       72             0.020098        0.040183        0.029103
1990-1994       73             0.022467        0.043292        0.031677
1990-1994       74             0.026062        0.045044        0.034339
1990-1994       75             0.029203        0.051737        0.038889
1990-1994       76             0.033217        0.056582        0.043118
1990-1994       77             0.036187        0.068573        0.049688
1990-1994       78             0.040207        0.068486        0.051739
1990-1994       79             0.046317        0.079483        0.059508
1990-1994       80             0.054939        0.086727        0.067089
1990-1994       81             0.057318        0.094281        0.071095
1990-1994       82             0.065714        0.115622        0.083739
1990-1994       83             0.075614        0.119649        0.090962
1990-1994       84             0.083347        0.131113        0.099397
1990-1994       85             0.094877        0.137051        0.108539
1990-1994       86             0.099835        0.171740        0.122205
1990-1994       87             0.119969        0.168767        0.134474
1990-1994       88             0.127611        0.172701        0.140468
1990-1994       89             0.142358        0.228220        0.165571
1990-1994       90             0.155250        0.224280        0.172698
1990-1994       91             0.181122        0.239894        0.195051
1990-1994       92             0.203336        0.255996        0.215134
1990-1994       93             0.210920        0.307211        0.230965
1990-1994       94             0.238532        0.296321        0.249599
1990-1994       95             0.240930        0.314562        0.254431
1990-1994       96             0.311013        0.287386        0.306691
1990-1994       97             0.331877        0.436389        0.350637
1990-1994       98             0.354883        0.502419        0.379083
1990-1994       99             0.373326        0.374020        0.373434
1990-1994      100             0.385261        0.494005        0.401668
1990-1994      101             0.416920        0.558712        0.436837
1990-1994      102             0.451055        0.719534        0.482711
1990-1994      103             0.492703        0.893130        0.527721
1990-1994      104             0.554519        1.000776        0.589354
1990-1994      105             0.670861        1.676471        0.721911
1990-1994      106             0.946284        6.000000        0.988541
1990-1994      107             1.351807              .        1.351807
1990-1994      108             6.000000              .        6.000000
1990-1994      109                   .              .              .
1990-1994      110+                  .              .              .
1995-1999        0             0.003697        0.005801        0.004773
1995-1999        1             0.000260        0.000414        0.000339
1995-1999        2             0.000257        0.000366        0.000312
1995-1999        3             0.000063        0.000400        0.000236
1995-1999        4             0.000230        0.000297        0.000264
1995-1999        5             0.000083        0.000276        0.000182
1995-1999        6             0.000207        0.000196        0.000201
1995-1999        7             0.000166        0.000195        0.000181
1995-1999        8             0.000166        0.000273        0.000221
1995-1999        9             0.000124        0.000195        0.000160
1995-1999       10             0.000185        0.000116        0.000150
1995-1999       11             0.000163        0.000116        0.000139
1995-1999       12             0.000141        0.000192        0.000167
1995-1999       13             0.000080        0.000288        0.000186
1995-1999       14             0.000383        0.000270        0.000325
1995-1999       15             0.000265        0.000410        0.000339
1995-1999       16             0.000374        0.000791        0.000587
1995-1999       17             0.000231        0.000681        0.000461
1995-1999       18             0.000654        0.000989        0.000825
1995-1999       19             0.000358        0.001306        0.000844
1995-1999       20             0.000439        0.001093        0.000774
1995-1999       21             0.000517        0.000924        0.000726
1995-1999       22             0.000307        0.001344        0.000838
1995-1999       23             0.000261        0.001075        0.000678
1995-1999       24             0.000334        0.001376        0.000866
1995-1999       25             0.000614        0.001261        0.000943
1995-1999       26             0.000680        0.001372        0.001031
1995-1999       27             0.000374        0.001180        0.000783
1995-1999       28             0.000375        0.001330        0.000859
1995-1999       29             0.000245        0.001013        0.000634
1995-1999       30             0.000547        0.001299        0.000926
1995-1999       31             0.000542        0.001237        0.000891
1995-1999       32             0.000589        0.001842        0.001218
1995-1999       33             0.000683        0.001560        0.001122
1995-1999       34             0.000509        0.001387        0.000948
1995-1999       35             0.000776        0.001583        0.001180
1995-1999       36             0.000852        0.001384        0.001118
1995-1999       37             0.000799        0.001454        0.001125
1995-1999       38             0.000735        0.001567        0.001150
1995-1999       39             0.000743        0.001658        0.001198
1995-1999       40             0.000967        0.001615        0.001289
1995-1999       41             0.001054        0.001964        0.001507
1995-1999       42             0.000866        0.001882        0.001371
1995-1999       43             0.001387        0.002000        0.001691
1995-1999       44             0.001104        0.002568        0.001829
1995-1999       45             0.001485        0.002100        0.001789
1995-1999       46             0.001498        0.002546        0.002018
1995-1999       47             0.001570        0.002492        0.002028
1995-1999       48             0.001744        0.002852        0.002296
1995-1999       49             0.001788        0.002892        0.002339
1995-1999       50             0.001852        0.003451        0.002650
1995-1999       51             0.002147        0.004211        0.003176
1995-1999       52             0.002365        0.004466        0.003413
1995-1999       53             0.002766        0.004262        0.003513
1995-1999       54             0.003304        0.004466        0.003885
1995-1999       55             0.003219        0.005288        0.004256
1995-1999       56             0.003992        0.006446        0.005222
1995-1999       57             0.003899        0.006078        0.004988
1995-1999       58             0.004480        0.007827        0.006145
1995-1999       59             0.004836        0.007589        0.006201
1995-1999       60             0.005888        0.009394        0.007621
1995-1999       61             0.004942        0.009472        0.007174
1995-1999       62             0.006564        0.012179        0.009331
1995-1999       63             0.007793        0.012400        0.010063
1995-1999       64             0.007430        0.015735        0.011509
1995-1999       65             0.008293        0.015727        0.011933
1995-1999       66             0.010322        0.018480        0.014309
1995-1999       67             0.010784        0.022412        0.016442
1995-1999       68             0.012145        0.022868        0.017332
1995-1999       69             0.013139        0.026497        0.019574
1995-1999       70             0.015017        0.027922        0.021172
1995-1999       71             0.015019        0.031821        0.022907
1995-1999       72             0.018997        0.033403        0.025637
1995-1999       73             0.020221        0.037422        0.028006
1995-1999       74             0.022580        0.040099        0.030374
1995-1999       75             0.024607        0.045427        0.033711
1995-1999       76             0.027453        0.048739        0.036586
1995-1999       77             0.031509        0.054570        0.041212
1995-1999       78             0.036195        0.062761        0.047190
1995-1999       79             0.039680        0.068748        0.051503
1995-1999       80             0.047228        0.077252        0.059088
1995-1999       81             0.053383        0.085093        0.065562
1995-1999       82             0.059841        0.103565        0.076145
1995-1999       83             0.068850        0.105820        0.082189
1995-1999       84             0.076544        0.121814        0.092266
1995-1999       85             0.086297        0.124083        0.098896
1995-1999       86             0.096487        0.146256        0.112414
1995-1999       87             0.112946        0.165144        0.128948
1995-1999       88             0.124287        0.177422        0.139910
1995-1999       89             0.144062        0.201055        0.160037
1995-1999       90             0.142018        0.208732        0.159591
1995-1999       91             0.165228        0.220561        0.178936
1995-1999       92             0.212027        0.252212        0.221523
1995-1999       93             0.209800        0.277661        0.225012
1995-1999       94             0.225054        0.305196        0.241889
1995-1999       95             0.274630        0.326071        0.284822
1995-1999       96             0.277564        0.367877        0.294351
1995-1999       97             0.317676        0.424213        0.335824
1995-1999       98             0.335486        0.354377        0.338450
1995-1999       99             0.363148        0.383050        0.366131
1995-1999      100             0.430466        0.548399        0.447161
1995-1999      101             0.474551        0.647414        0.496246
1995-1999      102             0.527446        0.815267        0.557601
1995-1999      103             0.590403        1.218329        0.635513
1995-1999      104             0.671794        3.291536        0.724281
1995-1999      105             0.814786              .        0.814786
1995-1999      106             1.170077              .        1.170077
1995-1999      107             2.148438              .        2.148438
1995-1999      108             6.000000              .        6.000000
1995-1999      109                   .              .              .
1995-1999      110+                  .              .              .
2000-2004        0             0.003948        0.004482        0.004221
2000-2004        1             0.000529        0.000441        0.000484
2000-2004        2             0.000249        0.000304        0.000277
2000-2004        3             0.000134        0.000257        0.000197
2000-2004        4             0.000088        0.000274        0.000183
2000-2004        5             0.000065        0.000185        0.000127
2000-2004        6             0.000255        0.000304        0.000280
2000-2004        7             0.000063        0.000180        0.000123
2000-2004        8             0.000145        0.000158        0.000152
2000-2004        9             0.000123        0.000216        0.000171
2000-2004       10             0.000185        0.000195        0.000190
2000-2004       11             0.000062        0.000116        0.000090
2000-2004       12             0.000205        0.000213        0.000209
2000-2004       13             0.000123        0.000231        0.000179
2000-2004       14             0.000122        0.000269        0.000198
2000-2004       15             0.000202        0.000441        0.000325
2000-2004       16             0.000220        0.000611        0.000420
2000-2004       17             0.000296        0.000475        0.000387
2000-2004       18             0.000275        0.000924        0.000607
2000-2004       19             0.000256        0.000796        0.000531
2000-2004       20             0.000440        0.000997        0.000725
2000-2004       21             0.000491        0.000919        0.000710
2000-2004       22             0.000336        0.000962        0.000657
2000-2004       23             0.000301        0.001082        0.000702
2000-2004       24             0.000350        0.000908        0.000637
2000-2004       25             0.000416        0.001038        0.000735
2000-2004       26             0.000435        0.001100        0.000775
2000-2004       27             0.000447        0.001269        0.000866
2000-2004       28             0.000497        0.001587        0.001050
2000-2004       29             0.000461        0.000975        0.000721
2000-2004       30             0.000483        0.001440        0.000966
2000-2004       31             0.000302        0.001411        0.000861
2000-2004       32             0.000447        0.001008        0.000730
2000-2004       33             0.000576        0.001478        0.001031
2000-2004       34             0.000486        0.001360        0.000926
2000-2004       35             0.000467        0.001310        0.000891
2000-2004       36             0.000759        0.001374        0.001068
2000-2004       37             0.000509        0.001537        0.001024
2000-2004       38             0.001086        0.001403        0.001245
2000-2004       39             0.000855        0.001832        0.001343
2000-2004       40             0.001080        0.001687        0.001383
2000-2004       41             0.000900        0.001661        0.001279
2000-2004       42             0.001122        0.001511        0.001315
2000-2004       43             0.001303        0.002103        0.001700
2000-2004       44             0.001287        0.002089        0.001684
2000-2004       45             0.001485        0.002320        0.001899
2000-2004       46             0.001688        0.002449        0.002065
2000-2004       47             0.001924        0.002517        0.002218
2000-2004       48             0.001763        0.002757        0.002255
2000-2004       49             0.001874        0.002790        0.002327
2000-2004       50             0.002188        0.003433        0.002803
2000-2004       51             0.001899        0.004101        0.002984
2000-2004       52             0.002427        0.003724        0.003067
2000-2004       53             0.002727        0.004072        0.003392
2000-2004       54             0.002596        0.004961        0.003769
2000-2004       55             0.003528        0.004863        0.004191
2000-2004       56             0.002918        0.005516        0.004206
2000-2004       57             0.004017        0.006153        0.005077
2000-2004       58             0.003726        0.006877        0.005292
2000-2004       59             0.004642        0.007967        0.006295
2000-2004       60             0.004280        0.007830        0.006048
2000-2004       61             0.005838        0.008438        0.007129
2000-2004       62             0.005538        0.009368        0.007432
2000-2004       63             0.005857        0.011070        0.008421
2000-2004       64             0.005739        0.011517        0.008565
2000-2004       65             0.007412        0.012405        0.009845
2000-2004       66             0.008256        0.014661        0.011375
2000-2004       67             0.010022        0.017241        0.013534
2000-2004       68             0.009653        0.017714        0.013565
2000-2004       69             0.012004        0.020783        0.016229
2000-2004       70             0.012146        0.023803        0.017721
2000-2004       71             0.014246        0.025279        0.019510
2000-2004       72             0.014649        0.027962        0.020951
2000-2004       73             0.017317        0.031579        0.024007
2000-2004       74             0.018852        0.035633        0.026636
2000-2004       75             0.021565        0.038893        0.029469
2000-2004       76             0.024661        0.044431        0.033528
2000-2004       77             0.027080        0.051470        0.037788
2000-2004       78             0.031838        0.055187        0.041817
2000-2004       79             0.036432        0.061329        0.046791
2000-2004       80             0.043842        0.065882        0.052781
2000-2004       81             0.050460        0.073582        0.059651
2000-2004       82             0.054011        0.088679        0.067455
2000-2004       83             0.061440        0.092707        0.073259
2000-2004       84             0.072070        0.107207        0.085018
2000-2004       85             0.079984        0.122523        0.095101
2000-2004       86             0.092053        0.145415        0.110175
2000-2004       87             0.104322        0.158379        0.121808
2000-2004       88             0.117647        0.172815        0.134578
2000-2004       89             0.130540        0.196277        0.149617
2000-2004       90             0.156257        0.212460        0.171759
2000-2004       91             0.158197        0.219166        0.174224
2000-2004       92             0.189318        0.247423        0.203835
2000-2004       93             0.215650        0.255478        0.225208
2000-2004       94             0.239709        0.272048        0.247209
2000-2004       95             0.247070        0.334968        0.265972
2000-2004       96             0.291313        0.332788        0.299395
2000-2004       97             0.302996        0.391747        0.318974
2000-2004       98             0.342705        0.390112        0.350668
2000-2004       99             0.334934        0.383106        0.342728
2000-2004      100             0.405636        0.563632        0.429358
2000-2004      101             0.438415        0.628769        0.463196
2000-2004      102             0.472755        0.754555        0.502725
2000-2004      103             0.514514        0.999034        0.551583
2000-2004      104             0.572210        1.158664        0.598861
2000-2004      105             0.663123        6.000000        0.695574
2000-2004      106             0.884164              .        0.884164
2000-2004      107             1.983471              .        1.983471
2000-2004      108                   .              .              .
2000-2004      109                   .              .              .
2000-2004      110+                  .              .              .
2005-2009        0             0.003669        0.004140        0.003910
2005-2009        1             0.000330        0.000485        0.000409
2005-2009        2             0.000378        0.000277        0.000327
2005-2009        3             0.000112        0.000236        0.000175
2005-2009        4             0.000134        0.000172        0.000153
2005-2009        5             0.000111        0.000277        0.000196
2005-2009        6             0.000198        0.000232        0.000215
2005-2009        7             0.000130        0.000125        0.000127
2005-2009        8             0.000214        0.000124        0.000168
2005-2009        9             0.000085        0.000101        0.000093
2005-2009       10             0.000167        0.000139        0.000153
2005-2009       11             0.000165        0.000138        0.000151
2005-2009       12             0.000164        0.000195        0.000180
2005-2009       13             0.000081        0.000116        0.000099
2005-2009       14             0.000141        0.000191        0.000166
2005-2009       15             0.000260        0.000341        0.000302
2005-2009       16             0.000079        0.000188        0.000135
2005-2009       17             0.000236        0.000629        0.000438
2005-2009       18             0.000213        0.000696        0.000461
2005-2009       19             0.000170        0.000956        0.000573
2005-2009       20             0.000205        0.000784        0.000501
2005-2009       21             0.000222        0.000675        0.000453
2005-2009       22             0.000260        0.000744        0.000508
2005-2009       23             0.000355        0.000925        0.000647
2005-2009       24             0.000341        0.000756        0.000554
2005-2009       25             0.000310        0.000663        0.000491
2005-2009       26             0.000299        0.001120        0.000720
2005-2009       27             0.000286        0.001158        0.000730
2005-2009       28             0.000331        0.001005        0.000673
2005-2009       29             0.000376        0.000995        0.000689
2005-2009       30             0.000354        0.001219        0.000792
2005-2009       31             0.000248        0.001292        0.000776
2005-2009       32             0.000567        0.001238        0.000905
2005-2009       33             0.000435        0.001409        0.000925
2005-2009       34             0.000440        0.001331        0.000887
2005-2009       35             0.000539        0.001127        0.000833
2005-2009       36             0.000707        0.001354        0.001031
2005-2009       37             0.000625        0.001351        0.000989
2005-2009       38             0.000768        0.001455        0.001113
2005-2009       39             0.000862        0.001484        0.001173
2005-2009       40             0.000810        0.001760        0.001285
2005-2009       41             0.000914        0.001665        0.001289
2005-2009       42             0.001100        0.002116        0.001608
2005-2009       43             0.001293        0.002394        0.001842
2005-2009       44             0.001152        0.001948        0.001548
2005-2009       45             0.001377        0.001895        0.001634
2005-2009       46             0.001524        0.002358        0.001938
2005-2009       47             0.001752        0.002204        0.001976
2005-2009       48             0.001701        0.003084        0.002386
2005-2009       49             0.001896        0.002934        0.002409
2005-2009       50             0.001929        0.003727        0.002818
2005-2009       51             0.002091        0.003175        0.002628
2005-2009       52             0.002284        0.003793        0.003030
2005-2009       53             0.002497        0.004101        0.003289
2005-2009       54             0.003001        0.004020        0.003503
2005-2009       55             0.002714        0.004672        0.003676
2005-2009       56             0.003015        0.005650        0.004310
2005-2009       57             0.003160        0.005429        0.004275
2005-2009       58             0.003395        0.006754        0.005046
2005-2009       59             0.003922        0.006378        0.005132
2005-2009       60             0.004609        0.007127        0.005849
2005-2009       61             0.005269        0.007720        0.006472
2005-2009       62             0.005348        0.008527        0.006908
2005-2009       63             0.005865        0.009812        0.007800
2005-2009       64             0.006048        0.009971        0.007968
2005-2009       65             0.005840        0.011805        0.008757
2005-2009       66             0.008260        0.012744        0.010447
2005-2009       67             0.008037        0.014294        0.011075
2005-2009       68             0.008466        0.016259        0.012232
2005-2009       69             0.009280        0.017441        0.013204
2005-2009       70             0.010242        0.018513        0.014205
2005-2009       71             0.011247        0.018751        0.014832
2005-2009       72             0.013879        0.024186        0.018787
2005-2009       73             0.015695        0.025488        0.020327
2005-2009       74             0.016010        0.028649        0.021921
2005-2009       75             0.019889        0.031784        0.025406
2005-2009       76             0.020940        0.037026        0.028337
2005-2009       77             0.024660        0.041675        0.032378
2005-2009       78             0.027698        0.046550        0.036141
2005-2009       79             0.031560        0.052336        0.040726
2005-2009       80             0.034774        0.059569        0.045438
2005-2009       81             0.043224        0.064382        0.052075
2005-2009       82             0.051189        0.073640        0.060320
2005-2009       83             0.055682        0.082662        0.066330
2005-2009       84             0.063923        0.094558        0.075645
2005-2009       85             0.072977        0.106258        0.085353
2005-2009       86             0.085716        0.130726        0.101901
2005-2009       87             0.098799        0.140222        0.113115
2005-2009       88             0.111246        0.150615        0.124378
2005-2009       89             0.132157        0.167906        0.143667
2005-2009       90             0.142173        0.199121        0.159540
2005-2009       91             0.156259        0.197688        0.168087
2005-2009       92             0.173809        0.241612        0.191901
2005-2009       93             0.204452        0.245427        0.214608
2005-2009       94             0.228463        0.278339        0.240057
2005-2009       95             0.254613        0.322160        0.269568
2005-2009       96             0.266683        0.369427        0.288262
2005-2009       97             0.306097        0.391990        0.322792
2005-2009       98             0.352145        0.453615        0.370313
2005-2009       99             0.366751        0.460520        0.382146
2005-2009      100             0.409020        0.512483        0.424357
2005-2009      101             0.443533        0.570498        0.460326
2005-2009      102             0.480212        0.669325        0.501845
2005-2009      103             0.520626        0.899813        0.554173
2005-2009      104             0.567752        1.274809        0.606810
2005-2009      105             0.637374        3.170306        0.679082
2005-2009      106             0.779607              .        0.779607
2005-2009      107             1.184175              .        1.184175
2005-2009      108             1.846154              .        1.846154
2005-2009      109                   .              .              .
2005-2009      110+                  .              .              .
2010-2014        0             0.002732        0.003444        0.003098
2010-2014        1             0.000369        0.000351        0.000360
2010-2014        2             0.000225        0.000234        0.000230
2010-2014        3             0.000123        0.000176        0.000150
2010-2014        4             0.000144        0.000157        0.000150
2010-2014        5             0.000144        0.000236        0.000191
2010-2014        6             0.000124        0.000258        0.000193
2010-2014        7             0.000168        0.000100        0.000133
2010-2014        8             0.000170        0.000223        0.000197
2010-2014        9             0.000236        0.000122        0.000178
2010-2014       10             0.000236        0.000203        0.000219
2010-2014       11             0.000085        0.000101        0.000093
2010-2014       12             0.000168        0.000040        0.000103
2010-2014       13             0.000145        0.000119        0.000132
2010-2014       14             0.000102        0.000235        0.000170
2010-2014       15             0.000161        0.000231        0.000197
2010-2014       16             0.000219        0.000379        0.000301
2010-2014       17             0.000176        0.000446        0.000315
2010-2014       18             0.000211        0.000816        0.000522
2010-2014       19             0.000205        0.000353        0.000281
2010-2014       20             0.000109        0.000537        0.000328
2010-2014       21             0.000267        0.000459        0.000365
2010-2014       22             0.000284        0.000672        0.000484
2010-2014       23             0.000230        0.000385        0.000310
2010-2014       24             0.000248        0.000521        0.000388
2010-2014       25             0.000337        0.000527        0.000434
2010-2014       26             0.000231        0.000566        0.000402
2010-2014       27             0.000301        0.000570        0.000437
2010-2014       28             0.000390        0.000695        0.000544
2010-2014       29             0.000304        0.000917        0.000613
2010-2014       30             0.000617        0.000753        0.000686
2010-2014       31             0.000260        0.000861        0.000563
2010-2014       32             0.000362        0.000843        0.000604
2010-2014       33             0.000503        0.001108        0.000808
2010-2014       34             0.000587        0.001085        0.000837
2010-2014       35             0.000571        0.001170        0.000872
2010-2014       36             0.000648        0.001130        0.000890
2010-2014       37             0.000465        0.001385        0.000927
2010-2014       38             0.000795        0.001391        0.001094
2010-2014       39             0.000825        0.001716        0.001271
2010-2014       40             0.001030        0.001669        0.001350
2010-2014       41             0.000939        0.001899        0.001419
2010-2014       42             0.001015        0.001449        0.001232
2010-2014       43             0.001191        0.002064        0.001627
2010-2014       44             0.001554        0.001933        0.001743
2010-2014       45             0.001180        0.002134        0.001655
2010-2014       46             0.001747        0.002121        0.001933
2010-2014       47             0.001583        0.002830        0.002203
2010-2014       48             0.001394        0.003074        0.002228
2010-2014       49             0.001598        0.003106        0.002346
2010-2014       50             0.002146        0.003343        0.002740
2010-2014       51             0.002125        0.003244        0.002679
2010-2014       52             0.002375        0.004001        0.003179
2010-2014       53             0.001985        0.003965        0.002963
2010-2014       54             0.002379        0.004276        0.003313
2010-2014       55             0.002639        0.005104        0.003851
2010-2014       56             0.003311        0.005372        0.004325
2010-2014       57             0.003164        0.005390        0.004257
2010-2014       58             0.003333        0.005323        0.004309
2010-2014       59             0.003450        0.005509        0.004459
2010-2014       60             0.004036        0.007367        0.005664
2010-2014       61             0.004546        0.007804        0.006139
2010-2014       62             0.004813        0.007806        0.006277
2010-2014       63             0.005126        0.008408        0.006735
2010-2014       64             0.005613        0.009246        0.007397
2010-2014       65             0.006014        0.010696        0.008311
2010-2014       66             0.006426        0.010970        0.008649
2010-2014       67             0.006624        0.010866        0.008695
2010-2014       68             0.007103        0.013356        0.010148
2010-2014       69             0.009443        0.014535        0.011916
2010-2014       70             0.009351        0.016158        0.012649
2010-2014       71             0.011075        0.018132        0.014484
2010-2014       72             0.012722        0.018416        0.015457
2010-2014       73             0.015006        0.023713        0.019159
2010-2014       74             0.016081        0.022200        0.018977
2010-2014       75             0.017112        0.027427        0.021958
2010-2014       76             0.021522        0.029232        0.025122
2010-2014       77             0.024107        0.034214        0.028796
2010-2014       78             0.026070        0.041360        0.033079
2010-2014       79             0.029735        0.043831        0.036105
2010-2014       80             0.033534        0.051540        0.041588
2010-2014       81             0.037924        0.056462        0.046106
2010-2014       82             0.046488        0.065306        0.054640
2010-2014       83             0.051851        0.075455        0.061852
2010-2014       84             0.057352        0.082469        0.067737
2010-2014       85             0.068523        0.095142        0.079213
2010-2014       86             0.077452        0.112568        0.091037
2010-2014       87             0.089847        0.120652        0.101291
2010-2014       88             0.108772        0.142021        0.120630
2010-2014       89             0.126265        0.164752        0.139407
2010-2014       90             0.138473        0.183754        0.153306
2010-2014       91             0.158688        0.202516        0.172441
2010-2014       92             0.182084        0.234708        0.197802
2010-2014       93             0.208277        0.244995        0.218803
2010-2014       94             0.234416        0.284328        0.248212
2010-2014       95             0.257468        0.300351        0.268545
2010-2014       96             0.293798        0.336032        0.303793
2010-2014       97             0.305138        0.376680        0.320674
2010-2014       98             0.368598        0.438209        0.382372
2010-2014       99             0.405472        0.447448        0.413029
2010-2014      100             0.448434        0.486853        0.454874
2010-2014      101             0.493470        0.536739        0.500266
2010-2014      102             0.541830        0.598072        0.549975
2010-2014      103             0.595972        0.699056        0.609320
2010-2014      104             0.661356        0.932985        0.688631
2010-2014      105             0.748971        1.724051        0.796820
2010-2014      106             0.912141        6.000000        0.935989
2010-2014      107             1.437030              .        1.437030
2010-2014      108             3.604096              .        3.604096
2010-2014      109             6.000000              .        6.000000
2010-2014      110+                  .              .              .
2015-2019        0             0.002510        0.003418        0.002976
2015-2019        1             0.000311        0.000334        0.000323
2015-2019        2             0.000223        0.000154        0.000188
2015-2019        3             0.000159        0.000170        0.000165
2015-2019        4             0.000020        0.000131        0.000077
2015-2019        5             0.000118        0.000168        0.000144
2015-2019        6             0.000196        0.000166        0.000180
2015-2019        7             0.000059        0.000167        0.000114
2015-2019        8             0.000156        0.000056        0.000105
2015-2019        9             0.000215        0.000169        0.000191
2015-2019       10             0.000139        0.000227        0.000184
2015-2019       11             0.000080        0.000096        0.000088
2015-2019       12             0.000163        0.000194        0.000179
2015-2019       13             0.000249        0.000237        0.000243
2015-2019       14             0.000125        0.000179        0.000153
2015-2019       15             0.000228        0.000178        0.000202
2015-2019       16             0.000225        0.000233        0.000229
2015-2019       17             0.000201        0.000344        0.000274
2015-2019       18             0.000195        0.000558        0.000381
2015-2019       19             0.000226        0.000497        0.000366
2015-2019       20             0.000238        0.000550        0.000399
2015-2019       21             0.000161        0.000439        0.000304
2015-2019       22             0.000283        0.000485        0.000387
2015-2019       23             0.000261        0.000639        0.000455
2015-2019       24             0.000207        0.000672        0.000445
2015-2019       25             0.000241        0.000629        0.000439
2015-2019       26             0.000309        0.000705        0.000509
2015-2019       27             0.000344        0.000610        0.000478
2015-2019       28             0.000188        0.000735        0.000462
2015-2019       29             0.000323        0.000615        0.000469
2015-2019       30             0.000289        0.000785        0.000536
2015-2019       31             0.000389        0.000822        0.000604
2015-2019       32             0.000456        0.001231        0.000841
2015-2019       33             0.000477        0.000825        0.000650
2015-2019       34             0.000653        0.000848        0.000750
2015-2019       35             0.000472        0.001035        0.000753
2015-2019       36             0.000591        0.001117        0.000853
2015-2019       37             0.000568        0.000866        0.000717
2015-2019       38             0.000803        0.001095        0.000948
2015-2019       39             0.000813        0.001334        0.001073
2015-2019       40             0.000767        0.001456        0.001112
2015-2019       41             0.000974        0.001430        0.001202
2015-2019       42             0.001000        0.001472        0.001236
2015-2019       43             0.001033        0.001832        0.001432
2015-2019       44             0.001220        0.002030        0.001625
2015-2019       45             0.001379        0.002278        0.001826
2015-2019       46             0.001239        0.002053        0.001642
2015-2019       47             0.001569        0.002752        0.002154
2015-2019       48             0.001476        0.002628        0.002046
2015-2019       49             0.001553        0.003496        0.002514
2015-2019       50             0.002371        0.003235        0.002798
2015-2019       51             0.002050        0.003608        0.002821
2015-2019       52             0.002303        0.003756        0.003021
2015-2019       53             0.002422        0.004009        0.003207
2015-2019       54             0.002494        0.004592        0.003529
2015-2019       55             0.002809        0.004578        0.003682
2015-2019       56             0.002723        0.004917        0.003801
2015-2019       57             0.003082        0.005353        0.004196
2015-2019       58             0.003488        0.006034        0.004735
2015-2019       59             0.003635        0.006178        0.004874
2015-2019       60             0.004229        0.006750        0.005458
2015-2019       61             0.004588        0.008022        0.006264
2015-2019       62             0.004819        0.008246        0.006480
2015-2019       63             0.004631        0.009755        0.007111
2015-2019       64             0.005369        0.009298        0.007269
2015-2019       65             0.005643        0.009187        0.007358
2015-2019       66             0.007068        0.010835        0.008896
2015-2019       67             0.007157        0.012168        0.009589
2015-2019       68             0.007685        0.012566        0.010056
2015-2019       69             0.007652        0.013516        0.010499
2015-2019       70             0.009791        0.015877        0.012738
2015-2019       71             0.009303        0.016075        0.012570
2015-2019       72             0.010983        0.018780        0.014734
2015-2019       73             0.012106        0.021005        0.016376
2015-2019       74             0.014021        0.021982        0.017825
2015-2019       75             0.015781        0.024324        0.019831
2015-2019       76             0.017724        0.029814        0.023401
2015-2019       77             0.021179        0.030246        0.025407
2015-2019       78             0.023812        0.035988        0.029458
2015-2019       79             0.027493        0.037365        0.032040
2015-2019       80             0.029905        0.048277        0.038263
2015-2019       81             0.035095        0.052282        0.042849
2015-2019       82             0.043182        0.062137        0.051657
2015-2019       83             0.048454        0.066564        0.056405
2015-2019       84             0.054787        0.074245        0.063171
2015-2019       85             0.063958        0.088706        0.074396
2015-2019       86             0.069888        0.099971        0.082353
2015-2019       87             0.084612        0.108251        0.094134
2015-2019       88             0.096196        0.123093        0.106722
2015-2019       89             0.109676        0.140661        0.121424
2015-2019       90             0.126131        0.161416        0.138986
2015-2019       91             0.140732        0.182226        0.155139
2015-2019       92             0.176678        0.212433        0.188493
2015-2019       93             0.187643        0.227650        0.200165
2015-2019       94             0.208437        0.264486        0.224917
2015-2019       95             0.242355        0.305784        0.259953
2015-2019       96             0.290836        0.322932        0.299358
2015-2019       97             0.332299        0.382210        0.344981
2015-2019       98             0.352378        0.373593        0.357553
2015-2019       99             0.367751        0.446509        0.386183
2015-2019      100             0.479120        0.500149        0.483614
2015-2019      101             0.531047        0.554992        0.535680
2015-2019      102             0.584787        0.637345        0.593904
2015-2019      103             0.643283        0.765234        0.661334
2015-2019      104             0.718003        1.012987        0.752081
2015-2019      105             0.827572        1.899590        0.893965
2015-2019      106             1.014987              .        1.014987
2015-2019      107             1.391146              .        1.391146
2015-2019      108             2.856423              .        2.856423
2015-2019      109                   .              .              .
2015-2019      110+                  .              .              .
