TAS, Exposure to risk (period 1x5), 	Last modified: 23 May 2023;  Methods Protocol: v6 (2017)

  Year          Age             Female            Male           Total
1971-1974        0             15054.31        15459.57        30513.88
1971-1974        1             15577.14        15962.10        31539.23
1971-1974        2             15723.85        16256.39        31980.24
1971-1974        3             15799.33        16441.39        32240.72
1971-1974        4             15581.08        16284.70        31865.78
1971-1974        5             15284.36        16051.07        31335.44
1971-1974        6             15069.62        15774.58        30844.19
1971-1974        7             15024.97        15726.61        30751.58
1971-1974        8             15430.32        16091.30        31521.62
1971-1974        9             15938.37        16610.21        32548.58
1971-1974       10             16403.95        17173.90        33577.85
1971-1974       11             16768.94        17525.87        34294.81
1971-1974       12             16798.57        17661.86        34460.42
1971-1974       13             16755.25        17464.41        34219.66
1971-1974       14             16337.80        17034.60        33372.40
1971-1974       15             15822.21        16363.50        32185.71
1971-1974       16             15376.73        15786.67        31163.40
1971-1974       17             14865.68        15107.46        29973.13
1971-1974       18             14353.22        14486.92        28840.14
1971-1974       19             13875.41        13995.33        27870.74
1971-1974       20             13305.73        13535.45        26841.17
1971-1974       21             12912.79        13277.72        26190.51
1971-1974       22             12739.43        13139.68        25879.11
1971-1974       23             12699.03        13002.60        25701.62
1971-1974       24             12650.62        12897.48        25548.10
1971-1974       25             12754.05        13135.27        25889.31
1971-1974       26             12305.75        12842.73        25148.48
1971-1974       27             11761.54        12384.73        24146.27
1971-1974       28             10983.24        11661.97        22645.21
1971-1974       29             10314.17        10999.57        21313.74
1971-1974       30             10036.28        10737.32        20773.61
1971-1974       31              9794.28        10433.17        20227.45
1971-1974       32              9536.97        10145.43        19682.40
1971-1974       33              9374.78         9926.61        19301.40
1971-1974       34              9234.52         9708.33        18942.85
1971-1974       35              9045.78         9425.04        18470.82
1971-1974       36              8933.89         9176.81        18110.70
1971-1974       37              8688.41         9007.93        17696.33
1971-1974       38              8465.89         8828.72        17294.61
1971-1974       39              8386.55         8763.76        17150.31
1971-1974       40              8398.97         8761.91        17160.88
1971-1974       41              8574.86         8965.36        17540.22
1971-1974       42              8623.24         9090.94        17714.18
1971-1974       43              8693.17         9255.22        17948.38
1971-1974       44              8756.54         9359.03        18115.56
1971-1974       45              8680.05         9281.16        17961.21
1971-1974       46              8823.22         9324.56        18147.78
1971-1974       47              8954.23         9382.29        18336.51
1971-1974       48              9022.70         9346.12        18368.82
1971-1974       49              9020.43         9304.04        18324.47
1971-1974       50              8969.41         9124.73        18094.14
1971-1974       51              8965.71         8967.91        17933.62
1971-1974       52              8676.32         8569.38        17245.70
1971-1974       53              8293.92         8142.25        16436.17
1971-1974       54              7852.21         7790.73        15642.94
1971-1974       55              7718.40         7661.04        15379.43
1971-1974       56              7639.92         7522.06        15161.97
1971-1974       57              7677.07         7520.84        15197.91
1971-1974       58              7554.50         7501.44        15055.94
1971-1974       59              7418.03         7411.16        14829.20
1971-1974       60              7198.19         7205.00        14403.19
1971-1974       61              7009.79         6873.90        13883.69
1971-1974       62              6643.19         6444.38        13087.57
1971-1974       63              6343.53         6131.96        12475.49
1971-1974       64              6057.50         5807.52        11865.02
1971-1974       65              5746.62         5516.05        11262.67
1971-1974       66              5495.68         5202.12        10697.79
1971-1974       67              5160.92         4841.41        10002.33
1971-1974       68              4905.05         4469.21         9374.26
1971-1974       69              4687.57         4101.19         8788.76
1971-1974       70              4443.37         3788.13         8231.49
1971-1974       71              4319.61         3490.32         7809.92
1971-1974       72              4098.61         3217.19         7315.80
1971-1974       73              3857.59         2920.23         6777.83
1971-1974       74              3591.67         2577.32         6168.99
1971-1974       75              3353.98         2270.93         5624.91
1971-1974       76              3161.87         1995.70         5157.57
1971-1974       77              3017.04         1838.05         4855.09
1971-1974       78              2779.86         1627.17         4407.04
1971-1974       79              2604.48         1445.20         4049.68
1971-1974       80              2404.20         1338.66         3742.86
1971-1974       81              2198.65         1215.58         3414.23
1971-1974       82              2012.97         1093.06         3106.02
1971-1974       83              1784.86          955.12         2739.98
1971-1974       84              1539.67          822.82         2362.49
1971-1974       85              1289.45          685.61         1975.06
1971-1974       86              1034.95          551.36         1586.31
1971-1974       87               808.73          433.42         1242.14
1971-1974       88               641.95          333.93          975.88
1971-1974       89               514.02          264.94          778.96
1971-1974       90               403.70          201.01          604.71
1971-1974       91               308.64          136.92          445.56
1971-1974       92               230.33           93.06          323.40
1971-1974       93               169.57           63.28          232.85
1971-1974       94               117.82           46.75          164.57
1971-1974       95                83.09           39.94          123.03
1971-1974       96                64.88           32.17           97.05
1971-1974       97                47.35           24.01           71.36
1971-1974       98                29.87           14.38           44.25
1971-1974       99                17.54            7.19           24.73
1971-1974      100                10.38            3.51           13.89
1971-1974      101                 5.56            0.64            6.20
1971-1974      102                 3.41            0.00            3.41
1971-1974      103                 1.39            0.00            1.39
1971-1974      104                 0.38            0.00            0.38
1971-1974      105                 0.00            0.00            0.00
1971-1974      106                 0.00            0.00            0.00
1971-1974      107                 0.00            0.00            0.00
1971-1974      108                 0.00            0.00            0.00
1971-1974      109                 0.00            0.00            0.00
1971-1974      110+                0.00            0.00            0.00
1975-1979        0             16563.99        17242.88        33806.87
1975-1979        1             16743.21        17435.26        34178.46
1975-1979        2             17195.61        17929.09        35124.70
1975-1979        3             17944.61        18601.12        36545.74
1975-1979        4             18689.11        19257.59        37946.70
1975-1979        5             19286.58        19796.60        39083.18
1975-1979        6             19741.05        20252.59        39993.65
1975-1979        7             19860.07        20484.58        40344.65
1975-1979        8             19592.57        20427.61        40020.18
1975-1979        9             19130.02        20065.59        39195.62
1975-1979       10             18864.01        19762.04        38626.05
1975-1979       11             18897.00        19661.06        38558.07
1975-1979       12             19043.99        19798.53        38842.52
1975-1979       13             19459.50        20251.02        39710.52
1975-1979       14             20045.00        20890.02        40935.02
1975-1979       15             20376.02        21258.50        41634.52
1975-1979       16             20324.53        21063.06        41387.58
1975-1979       17             19951.54        20500.09        40451.63
1975-1979       18             19339.52        19630.61        38970.14
1975-1979       19             18658.03        18852.57        37510.60
1975-1979       20             18051.05        18348.98        36400.04
1975-1979       21             17569.09        17848.77        35417.86
1975-1979       22             17146.56        17432.31        34578.87
1975-1979       23             16943.04        17212.27        34155.31
1975-1979       24             16697.03        17025.81        33722.84
1975-1979       25             16475.56        16848.75        33324.30
1975-1979       26             16345.10        16734.70        33079.80
1975-1979       27             16204.06        16682.77        32886.82
1975-1979       28             16269.60        16851.72        33121.32
1975-1979       29             16156.59        16768.27        32924.86
1975-1979       30             15597.56        16266.15        31863.71
1975-1979       31             15048.66        15815.76        30864.42
1975-1979       32             14495.58        15318.77        29814.35
1975-1979       33             13634.60        14346.29        27980.89
1975-1979       34             12925.57        13609.15        26534.71
1975-1979       35             12558.53        13246.62        25805.14
1975-1979       36             12107.10        12800.12        24907.22
1975-1979       37             11784.58        12367.14        24151.72
1975-1979       38             11605.58        12178.68        23784.26
1975-1979       39             11301.06        11854.65        23155.71
1975-1979       40             10904.12        11442.60        22346.72
1975-1979       41             10660.08        11143.59        21803.67
1975-1979       42             10442.08        10835.10        21277.18
1975-1979       43             10184.60        10572.60        20757.20
1975-1979       44             10161.55        10510.08        20671.63
1975-1979       45             10283.13        10703.06        20986.19
1975-1979       46             10353.65        10869.59        21223.23
1975-1979       47             10382.60        10967.07        21349.67
1975-1979       48             10513.62        11095.09        21608.71
1975-1979       49             10616.13        11195.05        21811.18
1975-1979       50             10690.10        11202.05        21892.15
1975-1979       51             10682.06        11162.48        21844.54
1975-1979       52             10768.08        11158.98        21927.06
1975-1979       53             10874.11        11046.03        21920.15
1975-1979       54             10959.69        10829.56        21789.25
1975-1979       55             10792.32        10526.78        21319.10
1975-1979       56             10526.85        10221.30        20748.15
1975-1979       57             10179.86         9815.41        19995.27
1975-1979       58              9848.85         9389.37        19238.22
1975-1979       59              9550.22         9014.75        18564.98
1975-1979       60              9280.02         8695.97        17975.99
1975-1979       61              9127.63         8646.49        17774.11
1975-1979       62              9101.66         8676.08        17777.74
1975-1979       63              8929.28         8503.94        17433.23
1975-1979       64              8642.27         8242.16        16884.43
1975-1979       65              8298.16         7894.04        16192.20
1975-1979       66              7917.63         7404.54        15322.16
1975-1979       67              7541.66         6930.52        14472.18
1975-1979       68              7208.59         6500.17        13708.75
1975-1979       69              6840.62         6067.18        12907.80
1975-1979       70              6422.48         5607.03        12029.51
1975-1979       71              5993.96         5126.02        11119.98
1975-1979       72              5657.99         4638.02        10296.01
1975-1979       73              5292.46         4178.53         9470.99
1975-1979       74              4986.45         3811.02         8797.48
1975-1979       75              4763.27         3447.80         8211.07
1975-1979       76              4437.76         3062.82         7500.58
1975-1979       77              4061.26         2663.82         6725.08
1975-1979       78              3765.75         2344.83         6110.58
1975-1979       79              3429.28         2034.85         5464.13
1975-1979       80              3247.56         1720.62         4968.17
1975-1979       81              2991.10         1463.65         4454.75
1975-1979       82              2699.72         1281.38         3981.10
1975-1979       83              2397.67         1134.80         3532.47
1975-1979       84              2104.54          985.62         3090.16
1975-1979       85              1837.17          840.02         2677.19
1975-1979       86              1586.69          709.81         2296.50
1975-1979       87              1328.91          596.32         1925.24
1975-1979       88              1065.52          477.35         1542.87
1975-1979       89               840.56          358.77         1199.32
1975-1979       90               646.96          269.78          916.74
1975-1979       91               476.30          196.69          672.99
1975-1979       92               353.27          140.29          493.55
1975-1979       93               266.25          108.29          374.55
1975-1979       94               199.29           83.40          282.69
1975-1979       95               141.92           62.15          204.07
1975-1979       96                93.68           43.68          137.36
1975-1979       97                56.69           28.66           85.35
1975-1979       98                37.88           20.26           58.13
1975-1979       99                26.18           12.51           38.70
1975-1979      100                13.60            4.33           17.94
1975-1979      101                 5.53            0.65            6.18
1975-1979      102                 1.47            0.04            1.51
1975-1979      103                 0.05            0.00            0.05
1975-1979      104                 0.00            0.00            0.00
1975-1979      105                 0.00            0.00            0.00
1975-1979      106                 0.00            0.00            0.00
1975-1979      107                 0.00            0.00            0.00
1975-1979      108                 0.00            0.00            0.00
1975-1979      109                 0.00            0.00            0.00
1975-1979      110+                0.00            0.00            0.00
1980-1984        0             17269.72        17870.59        35140.32
1980-1984        1             17031.80        17716.18        34747.98
1980-1984        2             16952.07        17620.62        34572.69
1980-1984        3             16788.18        17408.11        34196.29
1980-1984        4             16623.06        17262.62        33885.67
1980-1984        5             16659.52        17430.59        34090.11
1980-1984        6             16842.52        17674.55        34517.06
1980-1984        7             17238.53        18055.54        35294.06
1980-1984        8             17824.53        18544.54        36369.07
1980-1984        9             18615.04        19111.02        37726.06
1980-1984       10             19145.50        19734.03        38879.53
1980-1984       11             19526.01        20224.51        39750.52
1980-1984       12             19773.03        20427.05        40200.08
1980-1984       13             19528.53        20244.52        39773.05
1980-1984       14             19133.54        19916.08        39049.62
1980-1984       15             18825.51        19398.03        38223.54
1980-1984       16             18677.52        19062.51        37740.04
1980-1984       17             18639.01        18912.49        37551.50
1980-1984       18             18788.01        19058.49        37846.50
1980-1984       19             19034.01        19284.51        38318.52
1980-1984       20             19160.55        19289.32        38449.87
1980-1984       21             19140.58        19080.24        38220.82
1980-1984       22             18922.06        18886.79        37808.86
1980-1984       23             18608.11        18647.24        37255.35
1980-1984       24             18261.60        18400.81        36662.41
1980-1984       25             17970.58        18194.66        36165.24
1980-1984       26             17632.59        17868.88        35501.47
1980-1984       27             17403.08        17525.73        34928.81
1980-1984       28             17192.60        17340.67        34533.27
1980-1984       29             16918.56        17185.24        34103.79
1980-1984       30             16695.61        17002.27        33697.88
1980-1984       31             16536.61        16920.16        33456.76
1980-1984       32             16358.08        16822.72        33180.79
1980-1984       33             16373.61        16829.78        33203.39
1980-1984       34             16275.62        16594.69        32870.30
1980-1984       35             15803.66        16078.62        31882.28
1980-1984       36             15310.12        15676.16        30986.29
1980-1984       37             14586.17        15059.19        29645.37
1980-1984       38             13661.61        14097.76        27759.38
1980-1984       39             12984.14        13366.70        26350.84
1980-1984       40             12517.06        13027.60        25544.66
1980-1984       41             12025.62        12569.65        24595.27
1980-1984       42             11693.64        12191.20        23884.84
1980-1984       43             11386.14        11853.19        23239.33
1980-1984       44             10989.56        11418.71        22408.28
1980-1984       45             10653.15        11026.64        21679.79
1980-1984       46             10414.15        10710.63        21124.79
1980-1984       47             10129.21        10409.14        20538.35
1980-1984       48              9928.72        10193.59        20122.31
1980-1984       49              9898.64        10240.12        20138.75
1980-1984       50              9998.64        10388.13        20386.77
1980-1984       51             10066.69        10528.17        20594.85
1980-1984       52             10206.64        10660.14        20866.78
1980-1984       53             10279.75        10786.21        21065.95
1980-1984       54             10285.74        10827.64        21113.38
1980-1984       55             10248.70        10713.70        20962.40
1980-1984       56             10306.67        10571.57        20878.24
1980-1984       57             10336.15        10470.11        20806.26
1980-1984       58             10414.70        10358.17        20772.87
1980-1984       59             10404.82        10062.24        20467.06
1980-1984       60             10323.89         9795.37        20119.26
1980-1984       61             10123.42         9396.97        19520.38
1980-1984       62              9773.92         8868.10        18642.03
1980-1984       63              9414.42         8452.42        17866.84
1980-1984       64              9089.58         8136.35        17225.93
1980-1984       65              8797.59         7860.96        16658.54
1980-1984       66              8662.14         7792.99        16455.13
1980-1984       67              8541.68         7704.53        16246.21
1980-1984       68              8287.35         7392.09        15679.45
1980-1984       69              7998.96         6961.64        14960.59
1980-1984       70              7704.33         6525.09        14229.41
1980-1984       71              7335.76         6030.65        13366.41
1980-1984       72              6963.78         5488.10        12451.88
1980-1984       73              6499.23         5031.23        11530.46
1980-1984       74              6025.21         4588.74        10613.94
1980-1984       75              5518.05         4186.96         9705.01
1980-1984       76              5091.04         3799.47         8890.51
1980-1984       77              4699.54         3366.47         8066.01
1980-1984       78              4329.54         2942.46         7272.00
1980-1984       79              3998.55         2561.98         6560.52
1980-1984       80              3741.22         2229.27         5970.49
1980-1984       81              3375.96         1912.75         5288.71
1980-1984       82              3021.16         1614.37         4635.53
1980-1984       83              2682.17         1338.50         4020.67
1980-1984       84              2361.23         1098.42         3459.64
1980-1984       85              2079.42          895.52         2974.94
1980-1984       86              1822.85          722.79         2545.65
1980-1984       87              1566.44          590.87         2157.32
1980-1984       88              1300.71          496.40         1797.11
1980-1984       89              1059.37          410.58         1469.95
1980-1984       90               869.41          321.44         1190.85
1980-1984       91               700.78          245.61          946.39
1980-1984       92               543.93          188.16          732.09
1980-1984       93               403.62          136.98          540.60
1980-1984       94               284.49           99.50          383.98
1980-1984       95               199.15           72.49          271.64
1980-1984       96               141.59           52.40          193.99
1980-1984       97                96.98           37.90          134.87
1980-1984       98                60.15           27.91           88.06
1980-1984       99                39.58           17.35           56.93
1980-1984      100                26.81            6.83           33.64
1980-1984      101                15.04            2.49           17.53
1980-1984      102                 7.15            0.60            7.75
1980-1984      103                 2.67            0.00            2.67
1980-1984      104                 1.08            0.00            1.08
1980-1984      105                 0.32            0.00            0.32
1980-1984      106                 0.00            0.00            0.00
1980-1984      107                 0.00            0.00            0.00
1980-1984      108                 0.00            0.00            0.00
1980-1984      109                 0.00            0.00            0.00
1980-1984      110+                0.00            0.00            0.00
1985-1989        0             16953.64        17717.71        34671.35
1985-1989        1             17217.66        17835.74        35053.40
1985-1989        2             17429.58        18077.59        35507.16
1985-1989        3             17620.06        18267.57        35887.63
1985-1989        4             17699.58        18320.52        36020.10
1985-1989        5             17630.08        18196.09        35826.17
1985-1989        6             17423.52        18081.09        35504.61
1985-1989        7             17217.56        17948.53        35166.09
1985-1989        8             17013.53        17756.04        34769.57
1985-1989        9             16827.51        17685.07        34512.58
1985-1989       10             16938.00        17719.03        34657.03
1985-1989       11             17148.02        17926.54        35074.56
1985-1989       12             17387.00        18345.54        35732.53
1985-1989       13             17922.51        18793.51        36716.03
1985-1989       14             18639.01        19400.53        38039.54
1985-1989       15             19183.50        19870.49        39053.99
1985-1989       16             19428.03        20063.00        39491.02
1985-1989       17             19403.51        19872.05        39275.56
1985-1989       18             18738.57        19305.10        38043.66
1985-1989       19             17895.55        18483.59        36379.14
1985-1989       20             17408.60        17621.69        35030.29
1985-1989       21             17219.07        17177.67        34396.74
1985-1989       22             17173.05        16984.17        34157.22
1985-1989       23             17444.03        17323.17        34767.20
1985-1989       24             17891.04        17917.13        35808.17
1985-1989       25             18378.09        18350.80        36728.89
1985-1989       26             18683.05        18452.67        37135.72
1985-1989       27             18749.54        18559.73        37309.27
1985-1989       28             18686.60        18636.32        37322.92
1985-1989       29             18546.09        18468.39        37014.48
1985-1989       30             18321.60        18218.25        36539.85
1985-1989       31             17928.07        17823.19        35751.26
1985-1989       32             17718.64        17574.65        35293.29
1985-1989       33             17488.16        17372.66        34860.82
1985-1989       34             17148.09        17135.67        34283.76
1985-1989       35             16926.60        17077.18        34003.78
1985-1989       36             16814.06        17099.67        33913.72
1985-1989       37             16679.08        16940.24        33619.32
1985-1989       38             16732.15        16883.66        33615.81
1985-1989       39             16565.71        16818.61        33384.32
1985-1989       40             15965.76        16287.17        32252.93
1985-1989       41             15284.71        15757.08        31041.79
1985-1989       42             14554.72        15200.29        29755.00
1985-1989       43             13702.73        14239.80        27942.52
1985-1989       44             12978.70        13401.21        26379.92
1985-1989       45             12416.60        12849.59        25266.19
1985-1989       46             11888.65        12365.16        24253.81
1985-1989       47             11539.73        11993.15        23532.88
1985-1989       48             11350.17        11822.68        23172.86
1985-1989       49             11084.16        11485.70        22569.87
1985-1989       50             10736.24        11028.74        21764.98
1985-1989       51             10372.21        10615.19        20987.40
1985-1989       52             10176.29        10307.25        20483.54
1985-1989       53              9925.24        10104.64        20029.88
1985-1989       54              9820.23        10039.65        19859.88
1985-1989       55              9899.73        10116.17        20015.90
1985-1989       56             10002.29        10217.80        20220.09
1985-1989       57              9986.25        10258.72        20244.97
1985-1989       58             10086.80        10360.29        20447.10
1985-1989       59             10131.22        10380.75        20511.96
1985-1989       60             10172.64        10224.16        20396.80
1985-1989       61             10151.58        10078.50        20230.08
1985-1989       62             10169.60         9983.51        20153.11
1985-1989       63             10221.66         9824.65        20046.31
1985-1989       64             10208.26         9482.27        19690.53
1985-1989       65             10067.84         9071.30        19139.14
1985-1989       66              9723.52         8536.38        18259.90
1985-1989       67              9204.42         7938.14        17142.55
1985-1989       68              8801.81         7480.87        16282.68
1985-1989       69              8420.82         7110.32        15531.14
1985-1989       70              8091.48         6801.79        14893.27
1985-1989       71              7988.02         6602.78        14590.80
1985-1989       72              7844.63         6361.83        14206.46
1985-1989       73              7579.36         5970.92        13550.28
1985-1989       74              7208.39         5516.71        12725.10
1985-1989       75              6810.77         5080.49        11891.26
1985-1989       76              6371.17         4583.44        10954.61
1985-1989       77              5883.18         4079.95         9963.13
1985-1989       78              5353.59         3641.00         8994.59
1985-1989       79              4873.09         3255.00         8128.09
1985-1989       80              4330.20         2821.99         7152.20
1985-1989       81              3840.22         2421.62         6261.84
1985-1989       82              3437.77         2040.24         5478.02
1985-1989       83              3084.60         1710.39         4795.00
1985-1989       84              2745.34         1433.61         4178.95
1985-1989       85              2395.81         1188.36         3584.17
1985-1989       86              2034.88          979.24         3014.12
1985-1989       87              1708.04          778.35         2486.38
1985-1989       88              1435.38          586.78         2022.16
1985-1989       89              1198.29          452.14         1650.43
1985-1989       90               992.41          345.67         1338.08
1985-1989       91               812.65          252.57         1065.21
1985-1989       92               652.72          186.82          839.54
1985-1989       93               507.68          138.18          645.86
1985-1989       94               382.73          101.38          484.11
1985-1989       95               282.77           75.36          358.13
1985-1989       96               201.08           57.85          258.92
1985-1989       97               141.96           42.90          184.86
1985-1989       98                96.58           28.34          124.92
1985-1989       99                55.85           18.23           74.08
1985-1989      100                28.28           10.29           38.56
1985-1989      101                14.51            4.52           19.03
1985-1989      102                 6.67            0.93            7.61
1985-1989      103                 2.29            0.00            2.29
1985-1989      104                 0.52            0.00            0.52
1985-1989      105                 0.32            0.00            0.32
1985-1989      106                 0.05            0.00            0.05
1985-1989      107                 0.00            0.00            0.00
1985-1989      108                 0.00            0.00            0.00
1985-1989      109                 0.00            0.00            0.00
1985-1989      110+                0.00            0.00            0.00
1990-1994        0             16915.98        17825.46        34741.44
1990-1994        1             17108.10        17953.57        35061.67
1990-1994        2             17236.66        17964.63        35201.29
1990-1994        3             17364.10        18119.54        35483.64
1990-1994        4             17403.57        18261.56        35665.12
1990-1994        5             17562.59        18329.56        35892.15
1990-1994        6             17821.59        18418.59        36240.18
1990-1994        7             17939.53        18508.05        36447.57
1990-1994        8             17997.52        18649.07        36646.59
1990-1994        9             18060.51        18726.10        36786.61
1990-1994       10             17929.03        18700.52        36629.55
1990-1994       11             17740.01        18579.01        36319.02
1990-1994       12             17558.03        18405.03        35963.06
1990-1994       13             17328.00        18107.02        35435.02
1990-1994       14             17132.04        17936.07        35068.10
1990-1994       15             17103.54        17924.51        35028.05
1990-1994       16             17132.01        17966.02        35098.02
1990-1994       17             17242.01        18011.02        35253.03
1990-1994       18             17317.03        18084.01        35401.04
1990-1994       19             17520.05        18291.03        35811.08
1990-1994       20             17691.08        18394.24        36085.32
1990-1994       21             17801.54        18195.80        35997.34
1990-1994       22             17584.53        17785.26        35369.79
1990-1994       23             17112.57        17330.88        34443.45
1990-1994       24             16705.11        16765.77        33470.89
1990-1994       25             16526.05        16358.70        32884.74
1990-1994       26             16718.08        16271.38        32989.46
1990-1994       27             17098.56        16514.67        33613.23
1990-1994       28             17580.04        17056.19        34636.23
1990-1994       29             18231.08        17705.23        35936.31
1990-1994       30             18928.62        18262.33        37190.95
1990-1994       31             19348.62        18667.25        38015.87
1990-1994       32             19469.09        18854.84        38323.93
1990-1994       33             19329.05        18774.24        38103.30
1990-1994       34             19100.57        18583.36        37683.93
1990-1994       35             18756.06        18425.68        37181.74
1990-1994       36             18375.56        18157.73        36533.29
1990-1994       37             18085.12        17765.27        35850.39
1990-1994       38             17799.61        17616.72        35416.32
1990-1994       39             17634.61        17549.66        35184.28
1990-1994       40             17477.15        17494.19        34971.34
1990-1994       41             17166.71        17397.60        34564.31
1990-1994       42             16897.16        17250.70        34147.87
1990-1994       43             16752.71        17192.76        33945.47
1990-1994       44             16403.22        16896.71        33299.93
1990-1994       45             15939.77        16365.24        32305.01
1990-1994       46             15355.24        15782.76        31138.00
1990-1994       47             14520.32        15011.21        29531.52
1990-1994       48             13559.31        13958.89        27518.20
1990-1994       49             12865.37        13197.75        26063.12
1990-1994       50             12406.71        12882.67        25289.38
1990-1994       51             11927.77        12479.84        24407.60
1990-1994       52             11598.33        12081.35        23679.68
1990-1994       53             11316.30        11662.36        22978.66
1990-1994       54             11014.78        11200.86        22215.63
1990-1994       55             10656.46        10798.46        21454.92
1990-1994       56             10353.83        10416.86        20770.69
1990-1994       57             10111.82        10074.90        20186.72
1990-1994       58              9882.32         9789.84        19672.16
1990-1994       59              9830.40         9719.85        19550.25
1990-1994       60              9905.19         9832.30        19737.49
1990-1994       61              9922.86         9868.55        19791.41
1990-1994       62              9951.40         9858.36        19809.75
1990-1994       63              9929.42         9879.52        19808.94
1990-1994       64              9907.41         9812.98        19720.39
1990-1994       65              9896.13         9629.35        19525.49
1990-1994       66              9831.62         9376.58        19208.20
1990-1994       67              9762.11         9124.16        18886.26
1990-1994       68              9661.21         8719.30        18380.51
1990-1994       69              9526.84         8290.45        17817.29
1990-1994       70              9332.05         7852.56        17184.61
1990-1994       71              8961.02         7351.85        16312.87
1990-1994       72              8522.73         6820.76        15343.48
1990-1994       73              8044.56         6334.11        14378.66
1990-1994       74              7592.97         5876.55        13469.52
1990-1994       75              7236.48         5421.37        12657.86
1990-1994       76              6974.56         5077.92        12052.48
1990-1994       77              6693.68         4785.98        11479.66
1990-1994       78              6289.01         4376.60        10665.61
1990-1994       79              5844.12         3939.70         9783.83
1990-1994       80              5421.05         3423.70         8844.74
1990-1994       81              4896.18         2967.42         7863.59
1990-1994       82              4377.20         2570.17         6947.37
1990-1994       83              3874.25         2212.61         6086.85
1990-1994       84              3393.65         1858.55         5252.21
1990-1994       85              2912.81         1517.97         4430.78
1990-1994       86              2459.47         1219.44         3678.91
1990-1994       87              2069.22          959.59         3028.82
1990-1994       88              1734.65          748.28         2482.93
1990-1994       89              1439.34          590.16         2029.50
1990-1994       90              1167.60          457.79         1625.39
1990-1994       91               911.47          346.91         1258.38
1990-1994       92               686.01          256.26          942.26
1990-1994       93               515.54          184.42          699.97
1990-1994       94               391.44          131.33          522.77
1990-1994       95               296.86           89.25          386.11
1990-1994       96               217.39           53.89          271.27
1990-1994       97               152.46           35.25          187.71
1990-1994       98               110.66           23.32          133.98
1990-1994       99                76.83           12.13           88.96
1990-1994      100                47.81            5.39           53.20
1990-1994      101                30.02            1.68           31.70
1990-1994      102                17.99            0.31           18.30
1990-1994      103                 9.59            0.00            9.59
1990-1994      104                 3.75            0.00            3.75
1990-1994      105                 1.23            0.00            1.23
1990-1994      106                 0.29            0.00            0.29
1990-1994      107                 0.00            0.00            0.00
1990-1994      108                 0.00            0.00            0.00
1990-1994      109                 0.00            0.00            0.00
1990-1994      110+                0.00            0.00            0.00
1995-1999        0             15412.59        16230.42        31643.01
1995-1999        1             15784.54        16699.56        32484.11
1995-1999        2             16060.60        17091.17        33151.78
1995-1999        3             16448.11        17439.05        33887.16
1995-1999        4             16724.02        17611.62        34335.63
1995-1999        5             16886.10        17797.58        34683.67
1995-1999        6             16989.55        17812.54        34802.10
1995-1999        7             17093.08        17810.50        34903.58
1995-1999        8             17133.04        17886.03        35019.07
1995-1999        9             17150.02        17984.02        35134.05
1995-1999       10             17273.54        18049.03        35322.57
1995-1999       11             17450.04        18049.05        35499.09
1995-1999       12             17558.53        18176.52        35735.05
1995-1999       13             17608.52        18296.02        35904.54
1995-1999       14             17627.03        18292.09        35919.12
1995-1999       15             17445.58        18094.53        35540.11
1995-1999       16             17178.02        17853.55        35031.57
1995-1999       17             16869.53        17434.05        34303.57
1995-1999       18             16132.04        16754.60        32886.64
1995-1999       19             15416.06        16205.05        31621.11
1995-1999       20             15124.09        15942.12        31066.22
1995-1999       21             15034.12        15662.20        30696.32
1995-1999       22             15169.03        15423.08        30592.11
1995-1999       23             15444.51        15430.17        30874.68
1995-1999       24             15865.58        15665.12        31530.70
1995-1999       25             16106.06        15814.70        31920.76
1995-1999       26             16369.06        15974.64        32343.70
1995-1999       27             16581.62        16109.26        32690.88
1995-1999       28             16492.54        16089.18        32581.72
1995-1999       29             16367.55        15897.80        32265.35
1995-1999       30             16398.59        15673.66        32072.25
1995-1999       31             16627.10        15777.64        32404.74
1995-1999       32             17024.55        16111.75        33136.30
1995-1999       33             17545.10        16700.63        34245.74
1995-1999       34             18188.56        17433.21        35621.77
1995-1999       35             18808.61        18054.10        36862.71
1995-1999       36             19089.58        18310.15        37399.73
1995-1999       37             19134.59        18450.17        37584.76
1995-1999       38             19042.74        18474.25        37516.99
1995-1999       39             18791.22        18375.21        37166.43
1995-1999       40             18409.64        18223.70        36633.34
1995-1999       41             18074.70        17890.69        35965.38
1995-1999       42             17879.17        17645.64        35524.81
1995-1999       43             17636.29        17524.16        35160.45
1995-1999       44             17339.24        17299.18        34638.42
1995-1999       45             17032.20        17051.22        34083.42
1995-1999       46             16757.73        16831.70        33589.43
1995-1999       47             16492.50        16608.72        33101.22
1995-1999       48             16421.84        16633.25        33055.09
1995-1999       49             16164.92        16462.39        32627.30
1995-1999       50             15597.60        15880.36        31477.96
1995-1999       51             15000.47        15318.03        30318.50
1995-1999       52             14289.54        14639.06        28928.61
1995-1999       53             13388.07        13701.57        27089.64
1995-1999       54             12653.50        12959.34        25612.84
1995-1999       55             12193.87        12531.90        24725.77
1995-1999       56             11773.06        12082.93        23855.98
1995-1999       57             11444.45        11692.88        23137.33
1995-1999       58             11208.60        11354.03        22562.63
1995-1999       59             10868.67        10925.67        21794.34
1995-1999       60             10510.63        10467.01        20977.64
1995-1999       61             10241.00        10092.56        20333.56
1995-1999       62             10007.04         9813.55        19820.58
1995-1999       63              9764.52         9542.38        19306.90
1995-1999       64              9594.57         9411.87        19006.43
1995-1999       65              9539.92         9322.93        18862.85
1995-1999       66              9534.53         9190.04        18724.57
1995-1999       67              9524.94         9084.85        18609.79
1995-1999       68              9413.13         8953.99        18367.13
1995-1999       69              9264.58         8755.44        18020.02
1995-1999       70              9124.38         8426.79        17551.17
1995-1999       71              9020.30         8110.09        17130.39
1995-1999       72              8906.38         7765.05        16671.43
1995-1999       73              8763.06         7366.30        16129.36
1995-1999       74              8606.63         6915.44        15522.08
1995-1999       75              8318.91         6393.44        14712.35
1995-1999       76              7854.04         5861.22        13715.26
1995-1999       77              7287.01         5265.35        12552.36
1995-1999       78              6800.99         4707.09        11508.08
1995-1999       79              6274.93         4233.90        10508.83
1995-1999       80              5977.77         3805.88         9783.65
1995-1999       81              5656.69         3472.64         9129.33
1995-1999       82              5258.69         3091.85         8350.54
1995-1999       83              4778.80         2699.09         7477.89
1995-1999       84              4267.11         2302.63         6569.74
1995-1999       85              3746.62         1904.15         5650.77
1995-1999       86              3243.10         1539.45         4782.55
1995-1999       87              2760.13         1238.29         3998.42
1995-1999       88              2292.48          984.31         3276.78
1995-1999       89              1873.13          758.93         2632.07
1995-1999       90              1502.88          569.39         2072.27
1995-1999       91              1185.17          418.70         1603.87
1995-1999       92               914.98          293.94         1208.92
1995-1999       93               695.10          203.87          898.98
1995-1999       94               517.92          147.88          665.80
1995-1999       95               371.78          102.91          474.68
1995-1999       96               255.42           70.06          325.47
1995-1999       97               170.39           51.66          222.05
1995-1999       98               111.22           35.95          147.17
1995-1999       99                74.77           21.37           96.14
1995-1999      100                51.00            9.61           60.61
1995-1999      101                29.60            3.60           33.21
1995-1999      102                15.39            0.80           16.18
1995-1999      103                 7.18            0.00            7.18
1995-1999      104                 3.17            0.00            3.17
1995-1999      105                 1.33            0.00            1.33
1995-1999      106                 0.36            0.00            0.36
1995-1999      107                 0.00            0.00            0.00
1995-1999      108                 0.00            0.00            0.00
1995-1999      109                 0.00            0.00            0.00
1995-1999      110+                0.00            0.00            0.00
2000-2004        0             14257.15        15163.42        29420.57
2000-2004        1             14597.55        15511.54        30109.09
2000-2004        2             14977.60        15829.06        30806.66
2000-2004        3             15132.00        15960.55        31092.55
2000-2004        4             15404.52        16158.58        31563.09
2000-2004        5             15661.05        16441.55        32102.59
2000-2004        6             15844.50        16769.54        32614.05
2000-2004        7             16096.08        17071.09        33167.16
2000-2004        8             16392.55        17330.00        33722.55
2000-2004        9             16648.50        17482.06        34130.57
2000-2004       10             16720.01        17636.03        34356.03
2000-2004       11             16724.02        17652.54        34376.56
2000-2004       12             16790.54        17635.03        34425.57
2000-2004       13             16785.53        17698.05        34483.57
2000-2004       14             16787.54        17688.03        34475.57
2000-2004       15             16844.02        17617.02        34461.04
2000-2004       16             16956.02        17534.04        34490.06
2000-2004       17             16932.06        17379.54        34311.59
2000-2004       18             16583.05        17037.59        33620.64
2000-2004       19             16006.04        16534.57        32540.61
2000-2004       20             15403.56        15953.17        31356.73
2000-2004       21             14840.07        15380.63        30220.70
2000-2004       22             14368.01        14697.67        29065.68
2000-2004       23             13945.55        14054.22        27999.77
2000-2004       24             13552.54        13643.64        27196.18
2000-2004       25             13456.54        13496.19        26952.72
2000-2004       26             13600.55        13442.22        27042.77
2000-2004       27             13915.07        13546.15        27461.22
2000-2004       28             14503.07        13958.17        28461.24
2000-2004       29             15234.52        14451.09        29685.61
2000-2004       30             15800.12        14939.12        30739.23
2000-2004       31             16224.59        15380.25        31604.84
2000-2004       32             16557.13        15702.31        32259.44
2000-2004       33             16581.10        15836.82        32417.91
2000-2004       34             16433.64        15672.35        32105.99
2000-2004       35             16417.57        15552.19        31969.76
2000-2004       36             16669.12        15738.62        32407.74
2000-2004       37             17004.61        16024.08        33028.68
2000-2004       38             17416.63        16598.11        34014.74
2000-2004       39             17986.09        17358.14        35344.23
2000-2004       40             18553.61        17897.63        36451.24
2000-2004       41             18839.13        18132.21        36971.33
2000-2004       42             18870.69        18312.79        37183.48
2000-2004       43             18727.16        18185.74        36912.89
2000-2004       44             18429.71        17924.30        36354.01
2000-2004       45             18090.20        17743.68        35833.89
2000-2004       46             17789.76        17502.81        35292.57
2000-2004       47             17532.91        17264.69        34797.60
2000-2004       48             17287.70        17099.25        34386.95
2000-2004       49             17079.91        16893.85        33973.76
2000-2004       50             16910.30        16679.28        33589.58
2000-2004       51             16751.82        16544.78        33296.60
2000-2004       52             16526.92        16463.84        32990.76
2000-2004       53             16397.42        16442.82        32840.24
2000-2004       54             16174.02        16177.76        32351.78
2000-2004       55             15655.52        15619.67        31275.19
2000-2004       56             15122.96        15195.66        30318.61
2000-2004       57             14478.18        14639.31        29117.49
2000-2004       58             13571.23        13742.37        27313.59
2000-2004       59             12811.56        13034.14        25845.69
2000-2004       60             12338.41        12564.99        24903.40
2000-2004       61             11848.97        12038.69        23887.66
2000-2004       62             11463.55        11586.59        23050.14
2000-2004       63             11138.13        11181.79        22319.92
2000-2004       64             10799.02        10740.85        21539.87
2000-2004       65             10393.03        10267.13        20660.15
2000-2004       66              9969.92         9797.12        19767.04
2000-2004       67              9607.03         9351.32        18958.35
2000-2004       68              9277.51         8988.48        18265.99
2000-2004       69              9079.93         8731.99        17811.92
2000-2004       70              9002.33         8531.05        17533.38
2000-2004       71              8878.93         8315.16        17194.09
2000-2004       72              8791.52         8105.53        16897.05
2000-2004       73              8660.96         7864.80        16525.77
2000-2004       74              8468.42         7535.61        16004.03
2000-2004       75              8277.11         7195.38        15472.49
2000-2004       76              8074.99         6742.46        14817.45
2000-2004       77              7803.51         6266.01        14069.52
2000-2004       78              7586.66         5814.20        13400.86
2000-2004       79              7299.40         5302.80        12602.20
2000-2004       80              6932.75         4580.43        11513.18
2000-2004       81              6383.63         4010.83        10394.47
2000-2004       82              5810.39         3468.22         9278.61
2000-2004       83              5280.31         2982.13         8262.44
2000-2004       84              4770.21         2563.14         7333.35
2000-2004       85              4323.91         2212.40         6536.31
2000-2004       86              3941.32         1909.17         5850.49
2000-2004       87              3471.87         1632.66         5104.52
2000-2004       88              2945.11         1339.86         4284.96
2000-2004       89              2455.76         1056.57         3512.33
2000-2004       90              2007.01          800.89         2807.90
2000-2004       91              1619.08          578.03         2197.11
2000-2004       92              1272.44          420.87         1693.31
2000-2004       93               983.92          312.87         1296.78
2000-2004       94               751.42          222.90          974.31
2000-2004       95               547.01          145.47          692.48
2000-2004       96               375.96           88.41          464.37
2000-2004       97               253.43           55.04          308.47
2000-2004       98               172.10           34.71          206.80
2000-2004       99               115.45           21.18          136.63
2000-2004      100                74.09           12.12           86.21
2000-2004      101                43.31            5.29           48.59
2000-2004      102                24.29            1.62           25.91
2000-2004      103                12.04            0.06           12.10
2000-2004      104                 4.57            0.00            4.57
2000-2004      105                 1.16            0.00            1.16
2000-2004      106                 0.05            0.00            0.05
2000-2004      107                 0.00            0.00            0.00
2000-2004      108                 0.00            0.00            0.00
2000-2004      109                 0.00            0.00            0.00
2000-2004      110+                0.00            0.00            0.00
2005-2009        0             15746.91        16775.83        32522.74
2005-2009        1             15371.54        16396.59        31768.13
2005-2009        2             15047.08        16026.53        31073.61
2005-2009        3             14795.11        15788.54        30583.65
2005-2009        4             14648.53        15720.62        30369.15
2005-2009        5             14740.59        15738.54        30479.14
2005-2009        6             15062.56        15941.00        31003.56
2005-2009        7             15325.50        16189.05        31514.55
2005-2009        8             15591.04        16466.62        32057.66
2005-2009        9             15876.13        16706.58        32582.71
2005-2009       10             16122.51        16984.02        33106.53
2005-2009       11             16282.00        17301.02        33583.02
2005-2009       12             16424.00        17570.53        33994.53
2005-2009       13             16553.51        17722.54        34276.04
2005-2009       14             16670.07        17780.00        34450.07
2005-2009       15             16694.50        17803.06        34497.56
2005-2009       16             16626.54        17774.57        34401.10
2005-2009       17             16604.06        17616.55        34220.61
2005-2009       18             16422.11        17342.06        33764.17
2005-2009       19             16054.11        16921.59        32975.70
2005-2009       20             15843.12        16528.63        32371.75
2005-2009       21             15752.04        16286.79        32038.83
2005-2009       22             15543.62        16007.73        31551.35
2005-2009       23             15270.05        15752.15        31022.20
2005-2009       24             14911.13        15221.78        30132.91
2005-2009       25             14474.65        14679.25        29153.90
2005-2009       26             14263.54        14198.69        28462.23
2005-2009       27             14231.65        13845.36        28077.01
2005-2009       28             14134.04        13606.70        27740.74
2005-2009       29             14000.07        13568.13        27568.20
2005-2009       30             14046.06        13684.14        27730.20
2005-2009       31             14255.17        13861.72        28116.89
2005-2009       32             14608.58        14103.13        28711.71
2005-2009       33             15325.09        14591.62        29916.71
2005-2009       34             16120.09        15165.71        31285.80
2005-2009       35             16714.58        15756.68        32471.26
2005-2009       36             17151.11        16328.70        33479.81
2005-2009       37             17382.67        16673.29        34055.95
2005-2009       38             17337.15        16712.20        34049.35
2005-2009       39             17115.65        16495.26        33610.91
2005-2009       40             16970.12        16392.09        33362.21
2005-2009       41             17085.19        16436.18        33521.38
2005-2009       42             17354.67        16636.14        33990.81
2005-2009       43             17793.67        17134.12        34927.79
2005-2009       44             18335.12        17769.18        36104.29
2005-2009       45             18849.78        18259.19        37108.96
2005-2009       46             19090.27        18438.32        37528.59
2005-2009       47             19028.79        18475.86        37504.65
2005-2009       48             18838.00        18371.48        37209.48
2005-2009       49             18611.86        18185.29        36797.15
2005-2009       50             18293.41        18043.86        36337.27
2005-2009       51             17966.02        17724.49        35690.51
2005-2009       52             17757.40        17469.00        35226.40
2005-2009       53             17573.64        17304.40        34878.03
2005-2009       54             17326.44        17061.03        34387.47
2005-2009       55             17117.58        16869.65        33987.22
2005-2009       56             16857.64        16713.02        33570.66
2005-2009       57             16608.56        16553.56        33162.12
2005-2009       58             16563.72        16581.19        33144.91
2005-2009       59             16364.38        16337.57        32701.95
2005-2009       60             15858.45        15826.06        31684.51
2005-2009       61             15337.90        15364.38        30702.29
2005-2009       62             14627.10        14774.04        29401.14
2005-2009       63             13678.87        13816.32        27495.19
2005-2009       64             12833.97        12971.00        25804.97
2005-2009       65             12204.20        12360.70        24564.90
2005-2009       66             11595.83        11741.46        23337.28
2005-2009       67             11127.75        11162.96        22290.71
2005-2009       68             10718.54        10625.67        21344.20
2005-2009       69             10284.27        10050.20        20334.47
2005-2009       70              9809.96         9509.93        19319.89
2005-2009       71              9378.94         8985.48        18364.42
2005-2009       72              8993.82         8483.67        17477.48
2005-2009       73              8655.32         8024.25        16679.57
2005-2009       74              8448.21         7667.71        16115.92
2005-2009       75              8293.63         7352.10        15645.73
2005-2009       76              8108.29         7043.30        15151.59
2005-2009       77              7861.94         6691.58        14553.51
2005-2009       78              7608.45         6322.31        13930.76
2005-2009       79              7323.93         5931.65        13255.58
2005-2009       80              7174.55         5510.76        12685.31
2005-2009       81              6844.91         4979.39        11824.30
2005-2009       82              6479.75         4466.43        10946.18
2005-2009       83              6092.32         3933.63        10025.95
2005-2009       84              5644.08         3405.20         9049.28
2005-2009       85              5083.40         2885.19         7968.58
2005-2009       86              4464.54         2398.36         6862.90
2005-2009       87              3866.01         1954.09         5820.10
2005-2009       88              3337.13         1571.62         4908.75
2005-2009       89              2862.09         1259.47         4121.56
2005-2009       90              2435.56         1009.59         3445.14
2005-2009       91              2036.26          796.84         2833.10
2005-2009       92              1635.66          606.15         2241.81
2005-2009       93              1261.29          445.39         1706.68
2005-2009       94               943.19          309.23         1252.43
2005-2009       95               704.47          208.96          913.43
2005-2009       96               514.48          139.62          654.11
2005-2009       97               356.26           90.23          446.49
2005-2009       98               241.61           57.35          298.96
2005-2009       99               152.06           34.96          187.02
2005-2009      100                88.52           19.06          107.58
2005-2009      101                50.53            8.82           59.35
2005-2009      102                26.85            2.79           29.64
2005-2009      103                13.07            0.11           13.18
2005-2009      104                 5.42            0.00            5.42
2005-2009      105                 1.05            0.00            1.05
2005-2009      106                 0.05            0.00            0.05
2005-2009      107                 0.00            0.00            0.00
2005-2009      108                 0.00            0.00            0.00
2005-2009      109                 0.00            0.00            0.00
2005-2009      110+                0.00            0.00            0.00
2010-2014        0             14861.16        15696.16        30557.32
2010-2014        1             15024.51        16028.55        31053.06
2010-2014        2             15227.15        16287.58        31514.73
2010-2014        3             15363.53        16506.57        31870.10
2010-2014        4             15503.51        16610.53        32114.04
2010-2014        5             15559.54        16649.04        32208.58
2010-2014        6             15390.00        16540.57        31930.57
2010-2014        7             15169.09        16285.10        31454.19
2010-2014        8             15027.05        16100.01        31127.06
2010-2014        9             14913.06        16010.54        30923.60
2010-2014       10             15041.00        16053.56        31094.57
2010-2014       11             15316.52        16241.50        31558.02
2010-2014       12             15604.50        16503.01        32107.51
2010-2014       13             15779.55        16796.06        32575.61
2010-2014       14             15931.03        16978.06        32909.09
2010-2014       15             16082.06        17153.01        33235.07
2010-2014       16             16126.07        17288.53        33414.60
2010-2014       17             16136.54        17353.02        33489.56
2010-2014       18             16078.54        17331.09        33409.62
2010-2014       19             15961.54        17308.03        33269.57
2010-2014       20             15718.06        17209.07        32927.13
2010-2014       21             15580.07        16930.17        32510.24
2010-2014       22             15637.06        16530.58        32167.65
2010-2014       23             15577.57        16243.65        31821.22
2010-2014       24             15367.06        15913.66        31280.72
2010-2014       25             15201.05        15632.64        30833.70
2010-2014       26             15156.11        15318.67        30474.78
2010-2014       27             15127.05        15188.12        30315.17
2010-2014       28             15122.08        15053.11        30175.19
2010-2014       29             15130.56        14845.71        29976.27
2010-2014       30             15040.12        14608.67        29648.79
2010-2014       31             14830.69        14444.15        29274.83
2010-2014       32             14746.13        14245.18        28991.31
2010-2014       33             14677.62        14030.73        28708.35
2010-2014       34             14516.59        14022.17        28538.76
2010-2014       35             14552.05        14127.62        28679.68
2010-2014       36             14788.09        14324.12        29112.21
2010-2014       37             15190.09        14652.67        29842.77
2010-2014       38             15857.05        15162.16        31019.21
2010-2014       39             16632.57        15815.67        32448.24
2010-2014       40             17246.16        16416.10        33662.26
2010-2014       41             17653.19        16855.63        34508.82
2010-2014       42             17873.68        17149.65        35023.32
2010-2014       43             17757.65        17128.81        34886.46
2010-2014       44             17466.21        16822.81        34289.02
2010-2014       45             17284.25        16526.71        33810.96
2010-2014       46             17365.23        16529.22        33894.45
2010-2014       47             17582.20        16791.12        34373.31
2010-2014       48             17922.26        17246.65        35168.91
2010-2014       49             18465.25        17874.70        36339.96
2010-2014       50             18983.87        18423.81        37407.68
2010-2014       51             19156.03        18609.81        37765.84
2010-2014       52             19127.92        18662.46        37790.38
2010-2014       53             19067.01        18538.91        37605.91
2010-2014       54             18818.49        18352.49        37170.98
2010-2014       55             18436.73        18151.13        36587.87
2010-2014       56             18127.62        17877.65        36005.27
2010-2014       57             17903.05        17549.69        35452.73
2010-2014       58             17637.16        17318.78        34955.94
2010-2014       59             17293.31        17110.78        34404.08
2010-2014       60             17068.57        16881.76        33950.33
2010-2014       61             16783.25        16789.36        33572.61
2010-2014       62             16488.39        16645.44        33133.83
2010-2014       63             16405.20        16559.43        32964.62
2010-2014       64             16182.42        16290.27        32472.69
2010-2014       65             15638.34        15760.88        31399.22
2010-2014       66             15024.57        15188.45        30213.02
2010-2014       67             14278.27        14444.49        28722.76
2010-2014       68             13231.72        13373.01        26604.73
2010-2014       69             12364.66        12432.65        24797.31
2010-2014       70             11686.88        11774.45        23461.33
2010-2014       71             11012.49        11069.02        22081.51
2010-2014       72             10466.50        10417.61        20884.11
2010-2014       73              9978.11         9783.66        19761.77
2010-2014       74              9441.10         9115.87        18556.96
2010-2014       75              8949.09         8395.19        17344.28
2010-2014       76              8525.10         7758.49        16283.59
2010-2014       77              8158.10         7173.56        15331.66
2010-2014       78              7746.94         6702.08        14449.02
2010-2014       79              7430.75         6272.58        13703.32
2010-2014       80              7203.68         5935.66        13139.34
2010-2014       81              6900.41         5529.34        12429.75
2010-2014       82              6554.12         5101.30        11655.43
2010-2014       83              6188.40         4673.00        10861.40
2010-2014       84              5782.72         4176.66         9959.38
2010-2014       85              5353.93         3618.03         8971.96
2010-2014       86              4898.72         3060.12         7958.84
2010-2014       87              4426.85         2578.97         7005.81
2010-2014       88              3926.81         2143.63         6070.44
2010-2014       89              3380.09         1752.20         5132.29
2010-2014       90              2819.83         1376.93         4196.76
2010-2014       91              2294.01         1025.73         3319.73
2010-2014       92              1836.92          735.66         2572.58
2010-2014       93              1448.10          530.96         1979.07
2010-2014       94              1111.47          386.75         1498.22
2010-2014       95               819.99          264.25         1084.23
2010-2014       96               591.23          177.14          768.38
2010-2014       97               418.91          116.13          535.04
2010-2014       98               279.56           73.01          352.58
2010-2014       99               181.26           49.68          230.94
2010-2014      100               118.16           29.41          147.57
2010-2014      101                71.16           14.98           86.14
2010-2014      102                40.06            6.09           46.15
2010-2014      103                20.81            1.68           22.49
2010-2014      104                 9.30            0.07            9.37
2010-2014      105                 2.76            0.00            2.76
2010-2014      106                 0.46            0.00            0.46
2010-2014      107                 0.00            0.00            0.00
2010-2014      108                 0.00            0.00            0.00
2010-2014      109                 0.00            0.00            0.00
2010-2014      110+                0.00            0.00            0.00
2015-2019        0             13935.82        14910.14        28845.96
2015-2019        1             14153.41        14967.53        29120.94
2015-2019        2             14526.88        15360.87        29887.75
2015-2019        3             14851.08        15736.32        30587.40
2015-2019        4             15059.00        15945.52        31004.52
2015-2019        5             15273.38        16275.66        31549.04
2015-2019        6             15496.48        16419.25        31915.73
2015-2019        7             15802.83        16761.22        32564.05
2015-2019        8             15909.56        17009.62        32919.18
2015-2019        9             16074.29        17085.34        33159.63
2015-2019       10             15974.19        17037.21        33011.40
2015-2019       11             15747.19        16813.03        32560.22
2015-2019       12             15372.89        16461.97        31834.87
2015-2019       13             15192.11        16151.81        31343.92
2015-2019       14             15045.31        16087.77        31133.08
2015-2019       15             15047.29        16054.68        31101.97
2015-2019       16             15156.12        16164.40        31320.53
2015-2019       17             15322.83        16322.61        31645.44
2015-2019       18             15268.74        16361.72        31630.47
2015-2019       19             15405.55        16504.38        31909.93
2015-2019       20             15480.34        16561.16        32041.49
2015-2019       21             15528.02        16845.77        32373.79
2015-2019       22             15785.18        17120.37        32905.55
2015-2019       23             16266.45        17516.39        33782.84
2015-2019       24             16653.76        17742.61        34396.36
2015-2019       25             17033.01        17708.09        34741.09
2015-2019       26             17061.95        17549.51        34611.46
2015-2019       27             17111.01        17265.51        34376.52
2015-2019       28             17078.46        17148.90        34227.36
2015-2019       29             16878.98        16959.41        33838.39
2015-2019       30             16809.62        16721.14        33530.75
2015-2019       31             16678.05        16333.42        33011.47
2015-2019       32             16449.86        16209.63        32659.49
2015-2019       33             16287.03        16060.52        32347.55
2015-2019       34             16290.33        15634.07        31924.40
2015-2019       35             16068.78        15276.56        31345.35
2015-2019       36             15722.04        15061.18        30783.23
2015-2019       37             15652.63        14784.37        30437.00
2015-2019       38             15447.71        14473.51        29921.22
2015-2019       39             15148.86        14395.45        29544.31
2015-2019       40             15314.10        14556.92        29871.02
2015-2019       41             15572.70        14754.55        30327.26
2015-2019       42             15856.27        15094.87        30951.14
2015-2019       43             16454.91        15628.02        32082.93
2015-2019       44             17159.18        16255.49        33414.66
2015-2019       45             17609.63        16714.04        34323.67
2015-2019       46             17857.18        16993.15        34850.33
2015-2019       47             18215.62        17249.28        35464.90
2015-2019       48             18108.87        17049.45        35158.32
2015-2019       49             17843.87        16703.14        34547.01
2015-2019       50             17566.49        16534.08        34100.57
2015-2019       51             17710.40        16710.16        34420.57
2015-2019       52             18089.95        17055.20        35145.15
2015-2019       53             18287.55        17341.31        35628.86
2015-2019       54             18875.80        18037.48        36913.28
2015-2019       55             19450.90        18534.10        37984.99
2015-2019       56             19527.17        18685.95        38213.12
2015-2019       57             19526.90        18785.65        38312.55
2015-2019       58             19341.47        18662.99        38004.46
2015-2019       59             19151.25        18273.80        37425.05
2015-2019       60             18641.98        18128.76        36770.74
2015-2019       61             18290.96        17557.18        35848.15
2015-2019       62             18129.94        17293.30        35423.23
2015-2019       63             17730.64        17226.30        34956.94
2015-2019       64             17447.62        16946.23        34393.85
2015-2019       65             17258.58        16650.43        33909.00
2015-2019       66             16959.09        16437.10        33396.19
2015-2019       67             16573.73        16208.94        32782.67
2015-2019       68             16455.53        16202.56        32658.09
2015-2019       69             16137.29        15843.18        31980.47
2015-2019       70             15133.33        14715.23        29848.57
2015-2019       71             14613.23        14261.18        28874.41
2015-2019       72             13647.19        13457.36        27104.54
2015-2019       73             12459.84        12116.01        24575.84
2015-2019       74             11684.96        11124.04        22809.00
2015-2019       75             10870.54        10342.45        21213.00
2015-2019       76             10071.96         9569.32        19641.29
2015-2019       77              9468.17         8804.64        18272.81
2015-2019       78              8934.43         8142.05        17076.47
2015-2019       79              8380.34         7439.48        15819.82
2015-2019       80              7790.24         6811.58        14601.82
2015-2019       81              7246.01         6196.63        13442.64
2015-2019       82              6828.44         5578.82        12407.26
2015-2019       83              6235.78         4950.59        11186.37
2015-2019       84              5819.39         4504.22        10323.61
2015-2019       85              5486.98         4090.16         9577.14
2015-2019       86              5049.19         3643.28         8692.47
2015-2019       87              4587.24         3147.16         7734.40
2015-2019       88              4100.81         2652.26         6753.07
2015-2019       89              3642.46         2184.19         5826.65
2015-2019       90              3155.84         1756.16         4911.99
2015-2019       91              2643.81         1383.92         4027.73
2015-2019       92              2160.27         1069.77         3230.04
2015-2019       93              1727.22          789.81         2517.03
2015-2019       94              1331.42          563.95         1895.38
2015-2019       95               987.35          390.97         1378.32
2015-2019       96               699.10          258.39          957.49
2015-2019       97               479.19          156.75          635.94
2015-2019       98               331.98           86.68          418.66
2015-2019       99               224.14           49.16          273.30
2015-2019      100               138.41           26.43          164.83
2015-2019      101                82.41           12.80           95.21
2015-2019      102                47.02            5.09           52.11
2015-2019      103                24.37            1.16           25.53
2015-2019      104                11.24            0.04           11.28
2015-2019      105                 4.32            0.00            4.32
2015-2019      106                 0.92            0.00            0.92
2015-2019      107                 0.05            0.00            0.05
2015-2019      108                 0.00            0.00            0.00
2015-2019      109                 0.00            0.00            0.00
2015-2019      110+                0.00            0.00            0.00
