NT, Life tables (period 1x10), Total	Last modified: 02 Jul 2018;  Methods Protocol: v6 (2017)

  Year          Age         mx       qx    ax      lx      dx      Lx       Tx     ex
1971-1979        0      0.03581  0.03477  0.16  100000    3477   97090  6433513  64.34
1971-1979        1      0.00638  0.00636  0.50   96523     614   96216  6336423  65.65
1971-1979        2      0.00234  0.00234  0.50   95909     224   95797  6240207  65.06
1971-1979        3      0.00205  0.00205  0.50   95685     196   95586  6144410  64.22
1971-1979        4      0.00112  0.00112  0.50   95488     107   95435  6048824  63.35
1971-1979        5      0.00188  0.00188  0.50   95382     179   95292  5953389  62.42
1971-1979        6      0.00125  0.00125  0.50   95202     119   95143  5858097  61.53
1971-1979        7      0.00070  0.00070  0.50   95083      66   95050  5762954  60.61
1971-1979        8      0.00063  0.00063  0.50   95017      60   94987  5667904  59.65
1971-1979        9      0.00056  0.00056  0.50   94957      54   94930  5572917  58.69
1971-1979       10      0.00060  0.00060  0.50   94903      57   94875  5477987  57.72
1971-1979       11      0.00130  0.00130  0.50   94847     124   94785  5383112  56.76
1971-1979       12      0.00096  0.00096  0.50   94723      91   94678  5288327  55.83
1971-1979       13      0.00153  0.00153  0.50   94632     144   94560  5193649  54.88
1971-1979       14      0.00189  0.00189  0.50   94488     178   94399  5099089  53.97
1971-1979       15      0.00197  0.00196  0.50   94310     185   94217  5004691  53.07
1971-1979       16      0.00129  0.00129  0.50   94125     121   94064  4910473  52.17
1971-1979       17      0.00244  0.00243  0.50   94003     229   93889  4816409  51.24
1971-1979       18      0.00289  0.00289  0.50   93775     271   93639  4722520  50.36
1971-1979       19      0.00277  0.00276  0.50   93504     259   93375  4628881  49.50
1971-1979       20      0.00213  0.00213  0.50   93245     199   93146  4535506  48.64
1971-1979       21      0.00157  0.00157  0.50   93047     146   92974  4442360  47.74
1971-1979       22      0.00225  0.00225  0.50   92900     209   92796  4349387  46.82
1971-1979       23      0.00259  0.00258  0.50   92691     240   92572  4256591  45.92
1971-1979       24      0.00239  0.00239  0.50   92452     221   92342  4164019  45.04
1971-1979       25      0.00203  0.00203  0.50   92231     187   92138  4071677  44.15
1971-1979       26      0.00199  0.00198  0.50   92044     183   91953  3979540  43.24
1971-1979       27      0.00206  0.00206  0.50   91862     189   91767  3887587  42.32
1971-1979       28      0.00212  0.00211  0.50   91673     194   91576  3795819  41.41
1971-1979       29      0.00202  0.00202  0.50   91479     185   91387  3704244  40.49
1971-1979       30      0.00268  0.00267  0.50   91294     244   91172  3612857  39.57
1971-1979       31      0.00186  0.00186  0.50   91050     169   90965  3521685  38.68
1971-1979       32      0.00323  0.00322  0.50   90881     293   90734  3430720  37.75
1971-1979       33      0.00274  0.00274  0.50   90588     248   90464  3339985  36.87
1971-1979       34      0.00373  0.00372  0.50   90340     336   90172  3249521  35.97
1971-1979       35      0.00399  0.00398  0.50   90004     359   89825  3159349  35.10
1971-1979       36      0.00377  0.00376  0.50   89645     337   89477  3069525  34.24
1971-1979       37      0.00430  0.00430  0.50   89308     384   89116  2980048  33.37
1971-1979       38      0.00426  0.00426  0.50   88924     378   88735  2890932  32.51
1971-1979       39      0.00636  0.00634  0.50   88546     561   88265  2802197  31.65
1971-1979       40      0.00534  0.00532  0.50   87985     469   87751  2713932  30.85
1971-1979       41      0.00611  0.00609  0.50   87516     533   87250  2626181  30.01
1971-1979       42      0.00643  0.00641  0.50   86983     557   86704  2538931  29.19
1971-1979       43      0.00707  0.00704  0.50   86426     609   86121  2452227  28.37
1971-1979       44      0.00661  0.00659  0.50   85817     566   85534  2366106  27.57
1971-1979       45      0.00847  0.00844  0.50   85251     719   84892  2280571  26.75
1971-1979       46      0.01059  0.01053  0.50   84532     890   84087  2195680  25.97
1971-1979       47      0.01014  0.01009  0.50   83642     844   83220  2111593  25.25
1971-1979       48      0.00898  0.00894  0.50   82798     740   82428  2028373  24.50
1971-1979       49      0.01126  0.01120  0.50   82058     919   81599  1945944  23.71
1971-1979       50      0.01307  0.01298  0.50   81139    1054   80613  1864346  22.98
1971-1979       51      0.01036  0.01031  0.50   80086     825   79673  1783733  22.27
1971-1979       52      0.01475  0.01464  0.50   79260    1160   78680  1704060  21.50
1971-1979       53      0.01359  0.01350  0.50   78100    1054   77573  1625380  20.81
1971-1979       54      0.01859  0.01842  0.50   77046    1419   76337  1547806  20.09
1971-1979       55      0.01754  0.01739  0.50   75627    1315   74969  1471470  19.46
1971-1979       56      0.01809  0.01792  0.50   74312    1332   73646  1396500  18.79
1971-1979       57      0.02102  0.02080  0.50   72980    1518   72221  1322854  18.13
1971-1979       58      0.01744  0.01729  0.50   71462    1236   70844  1250633  17.50
1971-1979       59      0.01970  0.01951  0.50   70226    1370   69541  1179789  16.80
1971-1979       60      0.02730  0.02693  0.50   68857    1854   67929  1110247  16.12
1971-1979       61      0.02411  0.02382  0.50   67002    1596   66204  1042318  15.56
1971-1979       62      0.01905  0.01887  0.50   65406    1234   64789   976114  14.92
1971-1979       63      0.03044  0.02999  0.50   64172    1924   63210   911325  14.20
1971-1979       64      0.03000  0.02956  0.50   62248    1840   61328   848115  13.62
1971-1979       65      0.03476  0.03417  0.50   60408    2064   59376   786787  13.02
1971-1979       66      0.03490  0.03430  0.50   58344    2001   57343   727411  12.47
1971-1979       67      0.03192  0.03142  0.50   56343    1770   55458   670068  11.89
1971-1979       68      0.04225  0.04138  0.50   54572    2258   53443   614610  11.26
1971-1979       69      0.03667  0.03601  0.50   52314    1884   51372   561167  10.73
1971-1979       70      0.06507  0.06302  0.50   50430    3178   48841   509794  10.11
1971-1979       71      0.04576  0.04474  0.50   47252    2114   46195   460953   9.76
1971-1979       72      0.07472  0.07203  0.50   45139    3251   43513   414757   9.19
1971-1979       73      0.06435  0.06235  0.50   41887    2612   40581   371245   8.86
1971-1979       74      0.08760  0.08392  0.50   39276    3296   37627   330663   8.42
1971-1979       75      0.11256  0.10656  0.50   35979    3834   34062   293036   8.14
1971-1979       76      0.11299  0.10695  0.50   32146    3438   30427   258973   8.06
1971-1979       77      0.10382  0.09869  0.50   28708    2833   27291   228547   7.96
1971-1979       78      0.13113  0.12306  0.50   25874    3184   24282   201256   7.78
1971-1979       79      0.11010  0.10435  0.50   22690    2368   21506   176974   7.80
1971-1979       80      0.08228  0.07903  0.50   20322    1606   19519   155468   7.65
1971-1979       81      0.08909  0.08529  0.50   18716    1596   17918   135948   7.26
1971-1979       82      0.09642  0.09198  0.50   17120    1575   16333   118030   6.89
1971-1979       83      0.10429  0.09912  0.50   15545    1541   14775   101698   6.54
1971-1979       84      0.11271  0.10670  0.50   14004    1494   13257    86923   6.21
1971-1979       85      0.12170  0.11472  0.50   12510    1435   11792    73666   5.89
1971-1979       86      0.13127  0.12319  0.50   11075    1364   10393    61873   5.59
1971-1979       87      0.14142  0.13208  0.50    9711    1283    9069    51481   5.30
1971-1979       88      0.15214  0.14139  0.50    8428    1192    7832    42411   5.03
1971-1979       89      0.16343  0.15108  0.50    7236    1093    6690    34579   4.78
1971-1979       90      0.17526  0.16114  0.50    6143     990    5648    27889   4.54
1971-1979       91      0.18762  0.17153  0.50    5153     884    4711    22241   4.32
1971-1979       92      0.20048  0.18221  0.50    4269     778    3880    17530   4.11
1971-1979       93      0.21379  0.19315  0.50    3491     674    3154    13649   3.91
1971-1979       94      0.22753  0.20429  0.50    2817     575    2529    10495   3.73
1971-1979       95      0.24166  0.21561  0.50    2242     483    2000     7966   3.55
1971-1979       96      0.25613  0.22705  0.50    1758     399    1559     5966   3.39
1971-1979       97      0.27092  0.23860  0.50    1359     324    1197     4407   3.24
1971-1979       98      0.28601  0.25022  0.50    1035     259     905     3211   3.10
1971-1979       99      0.30137  0.26191  0.50     776     203     674     2305   2.97
1971-1979      100      0.31701  0.27363  0.50     573     157     494     1631   2.85
1971-1979      101      0.33292  0.28541  0.50     416     119     357     1137   2.73
1971-1979      102      0.34911  0.29723  0.50     297      88     253      780   2.62
1971-1979      103      0.36562  0.30911  0.50     209      65     177      527   2.52
1971-1979      104      0.38244  0.32105  0.50     144      46     121      350   2.43
1971-1979      105      0.39960  0.33305  0.50      98      33      82      229   2.34
1971-1979      106      0.41709  0.34512  0.50      65      23      54      148   2.26
1971-1979      107      0.43491  0.35723  0.50      43      15      35       94   2.18
1971-1979      108      0.45305  0.36937  0.50      28      10      22       58   2.12
1971-1979      109      0.47146  0.38152  0.50      17       7      14       36   2.07
1971-1979      110+     0.49010  1.00000  2.04      11      11      22       22   2.04
1980-1989        0      0.01755  0.01728  0.11  100000    1728   98468  6910368  69.10
1980-1989        1      0.00273  0.00273  0.50   98272     268   98138  6811900  69.32
1980-1989        2      0.00139  0.00139  0.50   98004     136   97936  6713762  68.51
1980-1989        3      0.00130  0.00130  0.50   97868     128   97804  6615826  67.60
1980-1989        4      0.00097  0.00097  0.50   97740      95   97693  6518022  66.69
1980-1989        5      0.00047  0.00047  0.50   97645      46   97622  6420329  65.75
1980-1989        6      0.00088  0.00088  0.50   97599      86   97556  6322707  64.78
1980-1989        7      0.00103  0.00103  0.50   97513     101   97463  6225151  63.84
1980-1989        8      0.00100  0.00100  0.50   97413      98   97364  6127688  62.90
1980-1989        9      0.00049  0.00049  0.50   97315      47   97291  6030325  61.97
1980-1989       10      0.00094  0.00094  0.50   97268      92   97222  5933033  61.00
1980-1989       11      0.00096  0.00096  0.50   97176      93   97130  5835811  60.05
1980-1989       12      0.00112  0.00112  0.50   97083     109   97029  5738682  59.11
1980-1989       13      0.00090  0.00090  0.50   96974      87   96931  5641653  58.18
1980-1989       14      0.00105  0.00105  0.50   96887     101   96836  5544722  57.23
1980-1989       15      0.00084  0.00084  0.50   96786      81   96745  5447886  56.29
1980-1989       16      0.00186  0.00186  0.50   96704     180   96615  5351141  55.33
1980-1989       17      0.00167  0.00167  0.50   96525     161   96444  5254526  54.44
1980-1989       18      0.00202  0.00201  0.50   96364     194   96267  5158082  53.53
1980-1989       19      0.00245  0.00244  0.50   96170     235   96052  5061816  52.63
1980-1989       20      0.00222  0.00222  0.50   95935     213   95828  4965763  51.76
1980-1989       21      0.00258  0.00258  0.50   95721     247   95598  4869935  50.88
1980-1989       22      0.00215  0.00215  0.50   95474     205   95372  4774337  50.01
1980-1989       23      0.00211  0.00211  0.50   95270     201   95169  4678965  49.11
1980-1989       24      0.00227  0.00227  0.50   95069     216   94961  4583796  48.22
1980-1989       25      0.00177  0.00176  0.50   94853     167   94770  4488835  47.32
1980-1989       26      0.00228  0.00228  0.50   94686     216   94578  4394065  46.41
1980-1989       27      0.00235  0.00234  0.50   94470     221   94360  4299487  45.51
1980-1989       28      0.00208  0.00207  0.50   94249     196   94151  4205127  44.62
1980-1989       29      0.00224  0.00224  0.50   94054     210   93948  4110976  43.71
1980-1989       30      0.00258  0.00258  0.50   93843     242   93722  4017028  42.81
1980-1989       31      0.00200  0.00199  0.50   93601     187   93508  3923306  41.92
1980-1989       32      0.00226  0.00226  0.50   93414     211   93309  3829798  41.00
1980-1989       33      0.00278  0.00277  0.50   93204     258   93075  3736489  40.09
1980-1989       34      0.00281  0.00281  0.50   92945     261   92815  3643414  39.20
1980-1989       35      0.00264  0.00264  0.50   92684     244   92562  3550599  38.31
1980-1989       36      0.00206  0.00206  0.50   92440     190   92345  3458037  37.41
1980-1989       37      0.00306  0.00306  0.50   92250     282   92109  3365692  36.48
1980-1989       38      0.00287  0.00286  0.50   91968     263   91836  3273584  35.59
1980-1989       39      0.00315  0.00314  0.50   91704     288   91560  3181748  34.70
1980-1989       40      0.00375  0.00374  0.50   91416     342   91245  3090187  33.80
1980-1989       41      0.00229  0.00228  0.50   91074     208   90970  2998942  32.93
1980-1989       42      0.00425  0.00424  0.50   90866     385   90673  2907972  32.00
1980-1989       43      0.00419  0.00418  0.50   90481     378   90292  2817298  31.14
1980-1989       44      0.00452  0.00451  0.50   90102     406   89899  2727007  30.27
1980-1989       45      0.00544  0.00543  0.50   89696     487   89453  2637108  29.40
1980-1989       46      0.00565  0.00564  0.50   89209     503   88958  2547655  28.56
1980-1989       47      0.00703  0.00701  0.50   88707     622   88396  2458697  27.72
1980-1989       48      0.00788  0.00785  0.50   88085     691   87739  2370301  26.91
1980-1989       49      0.00521  0.00520  0.50   87393     454   87166  2282562  26.12
1980-1989       50      0.01087  0.01081  0.50   86939     940   86469  2195396  25.25
1980-1989       51      0.00931  0.00926  0.50   85999     797   85601  2108926  24.52
1980-1989       52      0.00980  0.00975  0.50   85203     831   84787  2023325  23.75
1980-1989       53      0.00978  0.00974  0.50   84372     821   83961  1938538  22.98
1980-1989       54      0.01316  0.01308  0.50   83550    1093   83004  1854577  22.20
1980-1989       55      0.01669  0.01655  0.50   82457    1365   81775  1771574  21.48
1980-1989       56      0.01516  0.01505  0.50   81093    1220   80483  1689798  20.84
1980-1989       57      0.01580  0.01568  0.50   79873    1252   79247  1609315  20.15
1980-1989       58      0.01754  0.01739  0.50   78620    1367   77937  1530069  19.46
1980-1989       59      0.02023  0.02003  0.50   77253    1547   76479  1452132  18.80
1980-1989       60      0.02362  0.02334  0.50   75706    1767   74822  1375653  18.17
1980-1989       61      0.01816  0.01799  0.50   73939    1330   73273  1300831  17.59
1980-1989       62      0.02417  0.02388  0.50   72608    1734   71741  1227557  16.91
1980-1989       63      0.02400  0.02372  0.50   70874    1681   70034  1155816  16.31
1980-1989       64      0.02750  0.02713  0.50   69194    1877   68255  1085782  15.69
1980-1989       65      0.03042  0.02996  0.50   67317    2017   66308  1017527  15.12
1980-1989       66      0.02870  0.02830  0.50   65299    1848   64376   951219  14.57
1980-1989       67      0.03628  0.03563  0.50   63452    2261   62321   886843  13.98
1980-1989       68      0.03874  0.03800  0.50   61191    2325   60028   824522  13.47
1980-1989       69      0.03632  0.03567  0.50   58865    2100   57815   764495  12.99
1980-1989       70      0.04324  0.04233  0.50   56765    2403   55564   706679  12.45
1980-1989       71      0.04343  0.04251  0.50   54363    2311   53207   651115  11.98
1980-1989       72      0.04936  0.04817  0.50   52052    2507   50798   597908  11.49
1980-1989       73      0.04966  0.04846  0.50   49544    2401   48344   547110  11.04
1980-1989       74      0.05856  0.05689  0.50   47143    2682   45802   498766  10.58
1980-1989       75      0.06164  0.05980  0.50   44461    2659   43132   452964  10.19
1980-1989       76      0.08137  0.07819  0.50   41803    3268   40168   409832   9.80
1980-1989       77      0.07081  0.06839  0.50   38534    2635   37216   369664   9.59
1980-1989       78      0.06591  0.06381  0.50   35899    2291   34753   332447   9.26
1980-1989       79      0.07206  0.06955  0.50   33608    2338   32439   297694   8.86
1980-1989       80      0.06825  0.06600  0.50   31271    2064   30239   265254   8.48
1980-1989       81      0.07400  0.07136  0.50   29207    2084   28165   235016   8.05
1980-1989       82      0.08028  0.07718  0.50   27123    2093   26076   206851   7.63
1980-1989       83      0.08713  0.08349  0.50   25029    2090   23984   180775   7.22
1980-1989       84      0.09458  0.09031  0.50   22940    2072   21904   156791   6.83
1980-1989       85      0.10267  0.09766  0.50   20868    2038   19849   134887   6.46
1980-1989       86      0.11145  0.10556  0.50   18830    1988   17836   115038   6.11
1980-1989       87      0.12094  0.11405  0.50   16842    1921   15882    97201   5.77
1980-1989       88      0.13120  0.12312  0.50   14921    1837   14003    81320   5.45
1980-1989       89      0.14224  0.13280  0.50   13084    1738   12216    67317   5.14
1980-1989       90      0.15410  0.14308  0.50   11347    1623   10535    55101   4.86
1980-1989       91      0.16679  0.15395  0.50    9723    1497    8975    44566   4.58
1980-1989       92      0.18034  0.16542  0.50    8226    1361    7546    35591   4.33
1980-1989       93      0.19474  0.17746  0.50    6866    1218    6256    28045   4.08
1980-1989       94      0.21000  0.19005  0.50    5647    1073    5111    21789   3.86
1980-1989       95      0.22610  0.20314  0.50    4574     929    4109    16678   3.65
1980-1989       96      0.24302  0.21669  0.50    3645     790    3250    12569   3.45
1980-1989       97      0.26071  0.23065  0.50    2855     658    2526     9319   3.26
1980-1989       98      0.27913  0.24495  0.50    2196     538    1927     6793   3.09
1980-1989       99      0.29821  0.25952  0.50    1658     430    1443     4866   2.93
1980-1989      100      0.31788  0.27428  0.50    1228     337    1060     3423   2.79
1980-1989      101      0.33804  0.28916  0.50     891     258     762     2363   2.65
1980-1989      102      0.35859  0.30407  0.50     634     193     537     1601   2.53
1980-1989      103      0.37944  0.31893  0.50     441     141     371     1063   2.41
1980-1989      104      0.40047  0.33366  0.50     300     100     250      693   2.31
1980-1989      105      0.42156  0.34818  0.50     200      70     165      443   2.21
1980-1989      106      0.44261  0.36241  0.50     130      47     107      277   2.13
1980-1989      107      0.46351  0.37630  0.50      83      31      68      171   2.05
1980-1989      108      0.48415  0.38979  0.50      52      20      42      103   1.99
1980-1989      109      0.50444  0.40284  0.50      32      13      25       61   1.94
1980-1989      110+     0.52432  1.00000  1.91      19      19      36       36   1.91
1990-1999        0      0.01345  0.01329  0.12  100000    1329   98833  7184587  71.85
1990-1999        1      0.00145  0.00145  0.50   98671     143   98599  7085755  71.81
1990-1999        2      0.00126  0.00126  0.50   98528     124   98466  6987156  70.92
1990-1999        3      0.00055  0.00055  0.50   98404      54   98377  6888690  70.00
1990-1999        4      0.00041  0.00041  0.50   98350      40   98330  6790312  69.04
1990-1999        5      0.00067  0.00067  0.50   98310      66   98277  6691982  68.07
1990-1999        6      0.00045  0.00045  0.50   98244      44   98222  6593705  67.12
1990-1999        7      0.00033  0.00033  0.50   98200      33   98184  6495483  66.15
1990-1999        8      0.00074  0.00074  0.50   98167      73   98131  6397299  65.17
1990-1999        9      0.00060  0.00060  0.50   98095      59   98065  6299168  64.22
1990-1999       10      0.00096  0.00096  0.50   98036      94   97989  6201103  63.25
1990-1999       11      0.00046  0.00046  0.50   97942      45   97919  6103114  62.31
1990-1999       12      0.00023  0.00023  0.50   97897      23   97886  6005195  61.34
1990-1999       13      0.00069  0.00069  0.50   97874      67   97841  5907309  60.36
1990-1999       14      0.00102  0.00102  0.50   97807      99   97757  5809469  59.40
1990-1999       15      0.00136  0.00136  0.50   97708     133   97641  5711711  58.46
1990-1999       16      0.00138  0.00138  0.50   97575     134   97508  5614070  57.54
1990-1999       17      0.00160  0.00160  0.50   97441     155   97363  5516562  56.61
1990-1999       18      0.00125  0.00124  0.50   97285     121   97225  5419200  55.70
1990-1999       19      0.00141  0.00141  0.50   97164     137   97095  5321975  54.77
1990-1999       20      0.00194  0.00194  0.50   97027     188   96933  5224880  53.85
1990-1999       21      0.00156  0.00155  0.50   96838     151   96763  5127947  52.95
1990-1999       22      0.00230  0.00230  0.50   96688     222   96577  5031184  52.04
1990-1999       23      0.00189  0.00189  0.50   96466     182   96375  4934607  51.15
1990-1999       24      0.00148  0.00148  0.50   96284     143   96213  4838232  50.25
1990-1999       25      0.00205  0.00205  0.50   96142     197   96043  4742019  49.32
1990-1999       26      0.00203  0.00203  0.50   95944     195   95847  4645976  48.42
1990-1999       27      0.00179  0.00179  0.50   95750     172   95664  4550129  47.52
1990-1999       28      0.00188  0.00188  0.50   95578     180   95488  4454465  46.61
1990-1999       29      0.00210  0.00210  0.50   95399     200   95299  4358976  45.69
1990-1999       30      0.00214  0.00214  0.50   95199     203   95097  4263678  44.79
1990-1999       31      0.00164  0.00164  0.50   94995     155   94918  4168581  43.88
1990-1999       32      0.00235  0.00235  0.50   94840     223   94729  4073663  42.95
1990-1999       33      0.00178  0.00178  0.50   94617     168   94533  3978934  42.05
1990-1999       34      0.00240  0.00239  0.50   94449     226   94336  3884401  41.13
1990-1999       35      0.00265  0.00264  0.50   94223     249   94098  3790065  40.22
1990-1999       36      0.00193  0.00193  0.50   93974     181   93883  3695967  39.33
1990-1999       37      0.00273  0.00272  0.50   93792     255   93665  3602084  38.40
1990-1999       38      0.00244  0.00244  0.50   93537     228   93423  3508419  37.51
1990-1999       39      0.00332  0.00331  0.50   93309     309   93155  3414996  36.60
1990-1999       40      0.00332  0.00331  0.50   93000     308   92846  3321841  35.72
1990-1999       41      0.00364  0.00363  0.50   92692     337   92523  3228996  34.84
1990-1999       42      0.00360  0.00359  0.50   92355     332   92189  3136472  33.96
1990-1999       43      0.00408  0.00407  0.50   92023     375   91836  3044283  33.08
1990-1999       44      0.00417  0.00416  0.50   91648     381   91457  2952448  32.22
1990-1999       45      0.00366  0.00365  0.50   91267     334   91100  2860990  31.35
1990-1999       46      0.00445  0.00444  0.50   90933     404   90731  2769890  30.46
1990-1999       47      0.00380  0.00379  0.50   90530     343   90358  2679159  29.59
1990-1999       48      0.00524  0.00523  0.50   90186     471   89951  2588801  28.71
1990-1999       49      0.00544  0.00543  0.50   89715     487   89471  2498850  27.85
1990-1999       50      0.00599  0.00598  0.50   89228     533   88961  2409379  27.00
1990-1999       51      0.00593  0.00591  0.50   88694     525   88432  2320418  26.16
1990-1999       52      0.00709  0.00706  0.50   88170     623   87859  2231985  25.31
1990-1999       53      0.00873  0.00869  0.50   87547     761   87167  2144127  24.49
1990-1999       54      0.00847  0.00843  0.50   86787     732   86421  2056960  23.70
1990-1999       55      0.00841  0.00837  0.50   86055     720   85694  1970539  22.90
1990-1999       56      0.01182  0.01175  0.50   85334    1003   84833  1884845  22.09
1990-1999       57      0.01187  0.01180  0.50   84331     995   83834  1800012  21.34
1990-1999       58      0.01316  0.01307  0.50   83336    1089   82791  1716178  20.59
1990-1999       59      0.01216  0.01208  0.50   82247     994   81750  1633387  19.86
1990-1999       60      0.01631  0.01618  0.50   81253    1314   80596  1551637  19.10
1990-1999       61      0.01810  0.01793  0.50   79939    1434   79222  1471041  18.40
1990-1999       62      0.02014  0.01994  0.50   78505    1566   77722  1391819  17.73
1990-1999       63      0.02288  0.02262  0.50   76940    1741   76069  1314096  17.08
1990-1999       64      0.02534  0.02502  0.50   75199    1882   74258  1238027  16.46
1990-1999       65      0.02445  0.02416  0.50   73317    1771   72432  1163769  15.87
1990-1999       66      0.02668  0.02632  0.50   71546    1883   70604  1091337  15.25
1990-1999       67      0.02956  0.02913  0.50   69663    2030   68648  1020733  14.65
1990-1999       68      0.03097  0.03050  0.50   67633    2063   66602   952085  14.08
1990-1999       69      0.03877  0.03803  0.50   65570    2494   64323   885483  13.50
1990-1999       70      0.03507  0.03446  0.50   63077    2174   61990   821160  13.02
1990-1999       71      0.03883  0.03809  0.50   60903    2320   59743   759170  12.47
1990-1999       72      0.03633  0.03569  0.50   58583    2091   57538   699427  11.94
1990-1999       73      0.04098  0.04015  0.50   56493    2268   55358   641889  11.36
1990-1999       74      0.04149  0.04065  0.50   54224    2204   53122   586531  10.82
1990-1999       75      0.05550  0.05400  0.50   52020    2809   50616   533409  10.25
1990-1999       76      0.06027  0.05851  0.50   49211    2879   47771   482793   9.81
1990-1999       77      0.06965  0.06730  0.50   46332    3118   44773   435022   9.39
1990-1999       78      0.08075  0.07762  0.50   43214    3354   41536   390249   9.03
1990-1999       79      0.08793  0.08423  0.50   39859    3357   38181   348713   8.75
1990-1999       80      0.06642  0.06428  0.50   36502    2346   35329   310532   8.51
1990-1999       81      0.07246  0.06993  0.50   34155    2388   32961   275203   8.06
1990-1999       82      0.07902  0.07602  0.50   31767    2415   30560   242242   7.63
1990-1999       83      0.08613  0.08257  0.50   29352    2424   28140   211682   7.21
1990-1999       84      0.09383  0.08963  0.50   26929    2414   25722   183542   6.82
1990-1999       85      0.10217  0.09721  0.50   24515    2383   23323   157820   6.44
1990-1999       86      0.11119  0.10533  0.50   22132    2331   20966   134497   6.08
1990-1999       87      0.12092  0.11403  0.50   19801    2258   18672   113530   5.73
1990-1999       88      0.13142  0.12332  0.50   17543    2163   16461    94859   5.41
1990-1999       89      0.14273  0.13322  0.50   15380    2049   14355    78397   5.10
1990-1999       90      0.15488  0.14375  0.50   13331    1916   12373    64042   4.80
1990-1999       91      0.16792  0.15491  0.50   11414    1768   10530    51670   4.53
1990-1999       92      0.18189  0.16673  0.50    9646    1608    8842    41139   4.26
1990-1999       93      0.19681  0.17918  0.50    8038    1440    7318    32297   4.02
1990-1999       94      0.21272  0.19227  0.50    6598    1269    5963    24979   3.79
1990-1999       95      0.22963  0.20598  0.50    5329    1098    4780    19016   3.57
1990-1999       96      0.24755  0.22028  0.50    4231     932    3765    14236   3.36
1990-1999       97      0.26648  0.23515  0.50    3299     776    2911    10470   3.17
1990-1999       98      0.28641  0.25053  0.50    2524     632    2207     7559   3.00
1990-1999       99      0.30731  0.26638  0.50    1891     504    1639     5351   2.83
1990-1999      100      0.32914  0.28263  0.50    1387     392    1191     3712   2.68
1990-1999      101      0.35185  0.29921  0.50     995     298     846     2521   2.53
1990-1999      102      0.37536  0.31605  0.50     698     220     587     1674   2.40
1990-1999      103      0.39959  0.33305  0.50     477     159     398     1087   2.28
1990-1999      104      0.42444  0.35014  0.50     318     111     262      689   2.17
1990-1999      105      0.44979  0.36721  0.50     207      76     169      427   2.06
1990-1999      106      0.47552  0.38418  0.50     131      50     106      258   1.97
1990-1999      107      0.50149  0.40095  0.50      81      32      64      152   1.89
1990-1999      108      0.52755  0.41744  0.50      48      20      38       88   1.82
1990-1999      109      0.55357  0.43356  0.50      28      12      22       50   1.76
1990-1999      110+     0.57939  1.00000  1.73      16      16      27       27   1.73
2000-2009        0      0.00945  0.00937  0.13  100000     937   99184  7467150  74.67
2000-2009        1      0.00088  0.00088  0.50   99063      88   99019  7367965  74.38
2000-2009        2      0.00126  0.00126  0.50   98975     125   98913  7268946  73.44
2000-2009        3      0.00088  0.00088  0.50   98851      87   98807  7170033  72.53
2000-2009        4      0.00034  0.00034  0.50   98764      34   98747  7071226  71.60
2000-2009        5      0.00023  0.00023  0.50   98730      23   98718  6972479  70.62
2000-2009        6      0.00043  0.00043  0.50   98707      43   98686  6873761  69.64
2000-2009        7      0.00046  0.00046  0.50   98664      46   98641  6775076  68.67
2000-2009        8      0.00038  0.00038  0.50   98618      37   98600  6676434  67.70
2000-2009        9      0.00041  0.00041  0.50   98581      40   98561  6577834  66.73
2000-2009       10      0.00056  0.00056  0.50   98541      55   98513  6479274  65.75
2000-2009       11      0.00075  0.00075  0.50   98485      73   98449  6380761  64.79
2000-2009       12      0.00057  0.00057  0.50   98412      57   98384  6282312  63.84
2000-2009       13      0.00068  0.00067  0.50   98356      66   98322  6183928  62.87
2000-2009       14      0.00087  0.00087  0.50   98289      86   98246  6085606  61.92
2000-2009       15      0.00073  0.00073  0.50   98203      72   98168  5987359  60.97
2000-2009       16      0.00136  0.00136  0.50   98132     133   98065  5889192  60.01
2000-2009       17      0.00151  0.00151  0.50   97999     148   97925  5791127  59.09
2000-2009       18      0.00148  0.00148  0.50   97851     145   97778  5693202  58.18
2000-2009       19      0.00169  0.00168  0.50   97706     165   97623  5595424  57.27
2000-2009       20      0.00145  0.00144  0.50   97541     141   97471  5497800  56.36
2000-2009       21      0.00200  0.00199  0.50   97400     194   97303  5400330  55.44
2000-2009       22      0.00169  0.00169  0.50   97206     164   97124  5303027  54.55
2000-2009       23      0.00169  0.00169  0.50   97042     164   96960  5205903  53.65
2000-2009       24      0.00148  0.00148  0.50   96878     143   96806  5108943  52.74
2000-2009       25      0.00179  0.00179  0.50   96735     173   96648  5012137  51.81
2000-2009       26      0.00164  0.00164  0.50   96562     159   96483  4915488  50.91
2000-2009       27      0.00146  0.00145  0.50   96403     140   96333  4819006  49.99
2000-2009       28      0.00204  0.00204  0.50   96263     196   96165  4722673  49.06
2000-2009       29      0.00126  0.00126  0.50   96067     121   96006  4626508  48.16
2000-2009       30      0.00180  0.00180  0.50   95945     173   95859  4530502  47.22
2000-2009       31      0.00202  0.00202  0.50   95773     194   95676  4434643  46.30
2000-2009       32      0.00251  0.00251  0.50   95579     240   95459  4338967  45.40
2000-2009       33      0.00260  0.00260  0.50   95339     248   95216  4243508  44.51
2000-2009       34      0.00210  0.00210  0.50   95092     199   94992  4148292  43.62
2000-2009       35      0.00303  0.00302  0.50   94892     287   94749  4053300  42.71
2000-2009       36      0.00283  0.00283  0.50   94606     268   94472  3958551  41.84
2000-2009       37      0.00264  0.00263  0.50   94338     249   94214  3864079  40.96
2000-2009       38      0.00306  0.00306  0.50   94090     288   93946  3769865  40.07
2000-2009       39      0.00283  0.00283  0.50   93802     265   93669  3675920  39.19
2000-2009       40      0.00319  0.00318  0.50   93537     298   93388  3582251  38.30
2000-2009       41      0.00370  0.00369  0.50   93239     344   93067  3488863  37.42
2000-2009       42      0.00342  0.00341  0.50   92895     317   92736  3395796  36.56
2000-2009       43      0.00354  0.00354  0.50   92578     328   92414  3303060  35.68
2000-2009       44      0.00351  0.00351  0.50   92250     324   92089  3210645  34.80
2000-2009       45      0.00460  0.00459  0.50   91927     422   91716  3118557  33.92
2000-2009       46      0.00381  0.00380  0.50   91505     348   91331  3026841  33.08
2000-2009       47      0.00446  0.00445  0.50   91157     406   90954  2935510  32.20
2000-2009       48      0.00378  0.00377  0.50   90751     342   90580  2844556  31.34
2000-2009       49      0.00499  0.00498  0.50   90409     450   90184  2753976  30.46
2000-2009       50      0.00474  0.00473  0.50   89959     425   89746  2663792  29.61
2000-2009       51      0.00551  0.00549  0.50   89534     492   89288  2574046  28.75
2000-2009       52      0.00479  0.00478  0.50   89042     426   88829  2484758  27.91
2000-2009       53      0.00555  0.00553  0.50   88616     490   88371  2395929  27.04
2000-2009       54      0.00586  0.00584  0.50   88126     515   87868  2307558  26.18
2000-2009       55      0.00687  0.00685  0.50   87611     600   87311  2219690  25.34
2000-2009       56      0.00611  0.00609  0.50   87011     530   86746  2132380  24.51
2000-2009       57      0.00853  0.00849  0.50   86481     734   86114  2045634  23.65
2000-2009       58      0.00892  0.00888  0.50   85746     761   85366  1959521  22.85
2000-2009       59      0.00878  0.00874  0.50   84985     743   84614  1874155  22.05
2000-2009       60      0.00913  0.00909  0.50   84243     766   83860  1789540  21.24
2000-2009       61      0.01100  0.01094  0.50   83477     913   83020  1705681  20.43
2000-2009       62      0.01012  0.01007  0.50   82564     831   82148  1622660  19.65
2000-2009       63      0.01244  0.01236  0.50   81732    1010   81227  1540513  18.85
2000-2009       64      0.01398  0.01388  0.50   80722    1121   80162  1459285  18.08
2000-2009       65      0.01559  0.01547  0.50   79602    1231   78986  1379123  17.33
2000-2009       66      0.01975  0.01955  0.50   78370    1532   77604  1300138  16.59
2000-2009       67      0.02166  0.02143  0.50   76838    1646   76015  1222534  15.91
2000-2009       68      0.02345  0.02318  0.50   75191    1743   74320  1146519  15.25
2000-2009       69      0.02321  0.02295  0.50   73448    1685   72606  1072199  14.60
2000-2009       70      0.02430  0.02401  0.50   71763    1723   70902   999593  13.93
2000-2009       71      0.03287  0.03233  0.50   70040    2265   68908   928692  13.26
2000-2009       72      0.03245  0.03193  0.50   67775    2164   66693   859784  12.69
2000-2009       73      0.03658  0.03592  0.50   65611    2357   64432   793091  12.09
2000-2009       74      0.03630  0.03565  0.50   63254    2255   62126   728659  11.52
2000-2009       75      0.03298  0.03245  0.50   60999    1979   60009   666533  10.93
2000-2009       76      0.04814  0.04701  0.50   59019    2775   57632   606524  10.28
2000-2009       77      0.04814  0.04701  0.50   56245    2644   54923   548891   9.76
2000-2009       78      0.06321  0.06127  0.50   53601    3284   51959   493968   9.22
2000-2009       79      0.05678  0.05521  0.50   50317    2778   48928   442009   8.78
2000-2009       80      0.06740  0.06520  0.50   47539    3100   45989   393082   8.27
2000-2009       81      0.07387  0.07123  0.50   44439    3166   42856   347093   7.81
2000-2009       82      0.08094  0.07779  0.50   41273    3211   39668   304236   7.37
2000-2009       83      0.08866  0.08490  0.50   38063    3231   36447   264568   6.95
2000-2009       84      0.09709  0.09260  0.50   34831    3225   33219   228121   6.55
2000-2009       85      0.10628  0.10092  0.50   31606    3190   30011   194902   6.17
2000-2009       86      0.11627  0.10988  0.50   28417    3122   26855   164891   5.80
2000-2009       87      0.12712  0.11952  0.50   25294    3023   23782   138036   5.46
2000-2009       88      0.13887  0.12985  0.50   22271    2892   20825   114253   5.13
2000-2009       89      0.15157  0.14089  0.50   19379    2730   18014    93428   4.82
2000-2009       90      0.16526  0.15265  0.50   16649    2541   15378    75414   4.53
2000-2009       91      0.17998  0.16512  0.50   14107    2329   12943    60037   4.26
2000-2009       92      0.19575  0.17830  0.50   11778    2100   10728    47094   4.00
2000-2009       93      0.21259  0.19217  0.50    9678    1860    8748    36366   3.76
2000-2009       94      0.23052  0.20670  0.50    7818    1616    7010    27618   3.53
2000-2009       95      0.24953  0.22185  0.50    6202    1376    5514    20608   3.32
2000-2009       96      0.26960  0.23758  0.50    4826    1147    4253    15094   3.13
2000-2009       97      0.29071  0.25381  0.50    3680     934    3213    10841   2.95
2000-2009       98      0.31279  0.27049  0.50    2746     743    2374     7628   2.78
2000-2009       99      0.33580  0.28752  0.50    2003     576    1715     5254   2.62
2000-2009      100      0.35964  0.30483  0.50    1427     435    1210     3539   2.48
2000-2009      101      0.38422  0.32230  0.50     992     320     832     2329   2.35
2000-2009      102      0.40943  0.33985  0.50     672     228     558     1497   2.23
2000-2009      103      0.43513  0.35738  0.50     444     159     365      939   2.12
2000-2009      104      0.46119  0.37477  0.50     285     107     232      575   2.01
2000-2009      105      0.48747  0.39194  0.50     178      70     143      343   1.92
2000-2009      106      0.51381  0.40879  0.50     108      44      86      199   1.84
2000-2009      107      0.54006  0.42523  0.50      64      27      50      113   1.77
2000-2009      108      0.56606  0.44119  0.50      37      16      29       63   1.70
2000-2009      109      0.59168  0.45660  0.50      21       9      16       34   1.65
2000-2009      110+     0.61678  1.00000  1.62      11      11      18       18   1.62
2010-2016        0      0.00725  0.00720  0.13  100000     720   99377  7680332  76.80
2010-2016        1      0.00082  0.00082  0.50   99280      81   99239  7580955  76.36
2010-2016        2      0.00071  0.00071  0.50   99199      71   99163  7481716  75.42
2010-2016        3      0.00068  0.00068  0.50   99128      68   99094  7382553  74.48
2010-2016        4      0.00069  0.00069  0.50   99060      68   99026  7283459  73.53
2010-2016        5      0.00050  0.00050  0.50   98992      50   98967  7184433  72.58
2010-2016        6      0.00024  0.00024  0.50   98942      23   98930  7085466  71.61
2010-2016        7      0.00041  0.00041  0.50   98919      40   98898  6986536  70.63
2010-2016        8      0.00020  0.00020  0.50   98878      20   98868  6887638  69.66
2010-2016        9      0.00058  0.00058  0.50   98858      58   98829  6788769  68.67
2010-2016       10      0.00047  0.00047  0.50   98801      46   98778  6689940  67.71
2010-2016       11      0.00039  0.00039  0.50   98755      39   98735  6591162  66.74
2010-2016       12      0.00083  0.00083  0.50   98716      82   98675  6492427  65.77
2010-2016       13      0.00071  0.00071  0.50   98634      70   98599  6393752  64.82
2010-2016       14      0.00094  0.00094  0.50   98564      93   98517  6295153  63.87
2010-2016       15      0.00105  0.00105  0.50   98471     103   98419  6196636  62.93
2010-2016       16      0.00138  0.00138  0.50   98368     136   98300  6098216  61.99
2010-2016       17      0.00093  0.00093  0.50   98232      91   98187  5999916  61.08
2010-2016       18      0.00116  0.00116  0.50   98141     114   98084  5901730  60.14
2010-2016       19      0.00143  0.00143  0.50   98028     141   97957  5803646  59.20
2010-2016       20      0.00127  0.00126  0.50   97887     124   97825  5705688  58.29
2010-2016       21      0.00142  0.00142  0.50   97763     139   97694  5607863  57.36
2010-2016       22      0.00133  0.00133  0.50   97624     130   97559  5510169  56.44
2010-2016       23      0.00177  0.00177  0.50   97494     172   97408  5412610  55.52
2010-2016       24      0.00113  0.00113  0.50   97322     110   97267  5315202  54.61
2010-2016       25      0.00107  0.00107  0.50   97212     104   97160  5217935  53.68
2010-2016       26      0.00129  0.00129  0.50   97107     126   97045  5120776  52.73
2010-2016       27      0.00121  0.00121  0.50   96982     117   96923  5023731  51.80
2010-2016       28      0.00103  0.00103  0.50   96865     100   96815  4926808  50.86
2010-2016       29      0.00113  0.00113  0.50   96765     109   96710  4829993  49.91
2010-2016       30      0.00136  0.00136  0.50   96656     131   96590  4733283  48.97
2010-2016       31      0.00096  0.00096  0.50   96524      93   96478  4636693  48.04
2010-2016       32      0.00151  0.00151  0.50   96431     145   96359  4540215  47.08
2010-2016       33      0.00150  0.00150  0.50   96286     144   96214  4443856  46.15
2010-2016       34      0.00159  0.00158  0.50   96142     152   96066  4347642  45.22
2010-2016       35      0.00171  0.00171  0.50   95990     164   95908  4251576  44.29
2010-2016       36      0.00178  0.00178  0.50   95825     171   95740  4155669  43.37
2010-2016       37      0.00192  0.00192  0.50   95655     184   95563  4059929  42.44
2010-2016       38      0.00226  0.00226  0.50   95471     215   95363  3964366  41.52
2010-2016       39      0.00242  0.00242  0.50   95255     230   95140  3869003  40.62
2010-2016       40      0.00245  0.00245  0.50   95025     233   94909  3773863  39.71
2010-2016       41      0.00228  0.00228  0.50   94792     216   94684  3678954  38.81
2010-2016       42      0.00294  0.00293  0.50   94576     277   94437  3584270  37.90
2010-2016       43      0.00283  0.00283  0.50   94299     267   94165  3489833  37.01
2010-2016       44      0.00363  0.00362  0.50   94032     341   93862  3395668  36.11
2010-2016       45      0.00290  0.00290  0.50   93691     272   93555  3301806  35.24
2010-2016       46      0.00356  0.00355  0.50   93419     332   93254  3208251  34.34
2010-2016       47      0.00436  0.00435  0.50   93088     405   92885  3114997  33.46
2010-2016       48      0.00362  0.00362  0.50   92682     335   92515  3022112  32.61
2010-2016       49      0.00467  0.00465  0.50   92347     430   92132  2929597  31.72
2010-2016       50      0.00462  0.00461  0.50   91917     424   91705  2837465  30.87
2010-2016       51      0.00614  0.00612  0.50   91493     560   91213  2745760  30.01
2010-2016       52      0.00563  0.00561  0.50   90934     510   90678  2654547  29.19
2010-2016       53      0.00597  0.00595  0.50   90423     538   90154  2563868  28.35
2010-2016       54      0.00609  0.00607  0.50   89885     546   89612  2473714  27.52
2010-2016       55      0.00568  0.00566  0.50   89339     506   89086  2384102  26.69
2010-2016       56      0.00548  0.00546  0.50   88833     485   88591  2295016  25.84
2010-2016       57      0.00632  0.00630  0.50   88348     556   88070  2206425  24.97
2010-2016       58      0.00823  0.00820  0.50   87792     720   87432  2118356  24.13
2010-2016       59      0.00899  0.00895  0.50   87072     779   86682  2030924  23.32
2010-2016       60      0.00867  0.00863  0.50   86293     745   85920  1944242  22.53
2010-2016       61      0.00880  0.00876  0.50   85548     750   85173  1858321  21.72
2010-2016       62      0.01177  0.01170  0.50   84798     992   84302  1773148  20.91
2010-2016       63      0.01111  0.01105  0.50   83806     926   83343  1688846  20.15
2010-2016       64      0.01154  0.01147  0.50   82880     951   82404  1605504  19.37
2010-2016       65      0.01252  0.01245  0.50   81929    1020   81419  1523099  18.59
2010-2016       66      0.01340  0.01331  0.50   80909    1077   80371  1441680  17.82
2010-2016       67      0.01385  0.01375  0.50   79832    1098   79283  1361309  17.05
2010-2016       68      0.01765  0.01750  0.50   78734    1377   78046  1282025  16.28
2010-2016       69      0.01881  0.01864  0.50   77357    1442   76636  1203980  15.56
2010-2016       70      0.02602  0.02569  0.50   75915    1950   74940  1127344  14.85
2010-2016       71      0.02190  0.02166  0.50   73965    1602   73164  1052403  14.23
2010-2016       72      0.02856  0.02815  0.50   72363    2037   71344   979240  13.53
2010-2016       73      0.02380  0.02352  0.50   70325    1654   69499   907895  12.91
2010-2016       74      0.03212  0.03161  0.50   68672    2171   67586   838397  12.21
2010-2016       75      0.03852  0.03780  0.50   66501    2513   65244   770811  11.59
2010-2016       76      0.03866  0.03792  0.50   63988    2427   62774   705566  11.03
2010-2016       77      0.05016  0.04894  0.50   61561    3013   60055   642792  10.44
2010-2016       78      0.04110  0.04027  0.50   58548    2358   57370   582737   9.95
2010-2016       79      0.04400  0.04305  0.50   56191    2419   54981   525368   9.35
2010-2016       80      0.05371  0.05230  0.50   53772    2812   52365   470387   8.75
2010-2016       81      0.06032  0.05856  0.50   50959    2984   49467   418021   8.20
2010-2016       82      0.06768  0.06547  0.50   47975    3141   46405   368554   7.68
2010-2016       83      0.07586  0.07309  0.50   44834    3277   43196   322150   7.19
2010-2016       84      0.08494  0.08148  0.50   41557    3386   39864   278954   6.71
2010-2016       85      0.09500  0.09070  0.50   38171    3462   36440   239090   6.26
2010-2016       86      0.10615  0.10080  0.50   34709    3499   32960   202649   5.84
2010-2016       87      0.11846  0.11184  0.50   31211    3491   29465   169689   5.44
2010-2016       88      0.13205  0.12387  0.50   27720    3434   26003   140224   5.06
2010-2016       89      0.14702  0.13695  0.50   24286    3326   22623   114221   4.70
2010-2016       90      0.16345  0.15110  0.50   20960    3167   19377    91598   4.37
2010-2016       91      0.18145  0.16636  0.50   17793    2960   16313    72221   4.06
2010-2016       92      0.20111  0.18273  0.50   14833    2711   13478    55908   3.77
2010-2016       93      0.22248  0.20021  0.50   12123    2427   10909    42430   3.50
2010-2016       94      0.24563  0.21876  0.50    9695    2121    8635    31521   3.25
2010-2016       95      0.27056  0.23832  0.50    7574    1805    6672    22886   3.02
2010-2016       96      0.29727  0.25880  0.50    5769    1493    5023    16214   2.81
2010-2016       97      0.32569  0.28008  0.50    4276    1198    3677    11191   2.62
2010-2016       98      0.35571  0.30200  0.50    3079     930    2614     7514   2.44
2010-2016       99      0.38717  0.32437  0.50    2149     697    1800     4900   2.28
2010-2016      100      0.41985  0.34701  0.50    1452     504    1200     3100   2.14
2010-2016      101      0.45350  0.36968  0.50     948     350     773     1900   2.00
2010-2016      102      0.48781  0.39216  0.50     598     234     480     1127   1.89
2010-2016      103      0.52244  0.41423  0.50     363     150     288      647   1.78
2010-2016      104      0.55704  0.43569  0.50     213      93     166      359   1.69
2010-2016      105      0.59125  0.45634  0.50     120      55      93      193   1.60
2010-2016      106      0.62473  0.47603  0.50      65      31      50      100   1.53
2010-2016      107      0.65717  0.49464  0.50      34      17      26       50   1.47
2010-2016      108      0.68828  0.51206  0.50      17       9      13       24   1.41
2010-2016      109      0.71785  0.52825  0.50       8       4       6       12   1.37
2010-2016      110+     0.74569  1.00000  1.34       4       4       5        5   1.34
