NT, Life tables (period 1x10), Females	Last modified: 02 Jul 2018;  Methods Protocol: v6 (2017)

  Year          Age         mx       qx    ax      lx      dx      Lx       Tx     ex
1971-1979        0      0.03347  0.03257  0.18  100000    3257   97318  6647182  66.47
1971-1979        1      0.00696  0.00694  0.50   96743     671   96407  6549864  67.70
1971-1979        2      0.00250  0.00250  0.50   96072     240   95952  6453457  67.17
1971-1979        3      0.00215  0.00215  0.50   95832     206   95729  6357505  66.34
1971-1979        4      0.00099  0.00099  0.50   95626      94   95579  6261776  65.48
1971-1979        5      0.00165  0.00165  0.50   95532     157   95453  6166197  64.55
1971-1979        6      0.00084  0.00084  0.50   95375      80   95334  6070744  63.65
1971-1979        7      0.00049  0.00049  0.50   95294      47   95271  5975410  62.70
1971-1979        8      0.00080  0.00080  0.50   95248      77   95209  5880139  61.74
1971-1979        9      0.00053  0.00053  0.50   95171      51   95146  5784930  60.78
1971-1979       10      0.00034  0.00034  0.50   95120      32   95104  5689784  59.82
1971-1979       11      0.00070  0.00070  0.50   95088      66   95055  5594680  58.84
1971-1979       12      0.00086  0.00086  0.50   95022      82   94981  5499625  57.88
1971-1979       13      0.00065  0.00065  0.50   94940      62   94909  5404644  56.93
1971-1979       14      0.00097  0.00097  0.50   94878      92   94832  5309735  55.96
1971-1979       15      0.00130  0.00130  0.50   94786     123   94725  5214903  55.02
1971-1979       16      0.00088  0.00088  0.50   94663      83   94621  5120178  54.09
1971-1979       17      0.00191  0.00191  0.50   94580     181   94489  5025557  53.14
1971-1979       18      0.00214  0.00213  0.50   94399     201   94298  4931067  52.24
1971-1979       19      0.00228  0.00227  0.50   94198     214   94090  4836769  51.35
1971-1979       20      0.00188  0.00188  0.50   93983     177   93895  4742679  50.46
1971-1979       21      0.00139  0.00139  0.50   93807     131   93741  4648784  49.56
1971-1979       22      0.00075  0.00075  0.50   93676      70   93641  4555042  48.63
1971-1979       23      0.00222  0.00222  0.50   93606     208   93502  4461402  47.66
1971-1979       24      0.00213  0.00213  0.50   93398     199   93299  4367900  46.77
1971-1979       25      0.00182  0.00182  0.50   93199     170   93115  4274601  45.87
1971-1979       26      0.00204  0.00204  0.50   93030     189   92935  4181487  44.95
1971-1979       27      0.00119  0.00119  0.50   92840     111   92785  4088552  44.04
1971-1979       28      0.00103  0.00103  0.50   92730      95   92682  3995766  43.09
1971-1979       29      0.00141  0.00141  0.50   92635     131   92569  3903084  42.13
1971-1979       30      0.00220  0.00220  0.50   92504     203   92402  3810515  41.19
1971-1979       31      0.00098  0.00098  0.50   92300      91   92255  3718113  40.28
1971-1979       32      0.00308  0.00307  0.50   92210     283   92068  3625858  39.32
1971-1979       33      0.00161  0.00161  0.50   91926     148   91852  3533790  38.44
1971-1979       34      0.00348  0.00348  0.50   91778     319   91618  3441938  37.50
1971-1979       35      0.00272  0.00272  0.50   91459     249   91335  3350320  36.63
1971-1979       36      0.00360  0.00359  0.50   91210     328   91046  3258985  35.73
1971-1979       37      0.00383  0.00382  0.50   90883     347   90709  3167939  34.86
1971-1979       38      0.00388  0.00387  0.50   90535     351   90360  3077230  33.99
1971-1979       39      0.00614  0.00612  0.50   90185     552   89909  2986870  33.12
1971-1979       40      0.00476  0.00475  0.50   89632     426   89420  2896961  32.32
1971-1979       41      0.00571  0.00569  0.50   89207     508   88953  2807541  31.47
1971-1979       42      0.00699  0.00697  0.50   88699     618   88390  2718589  30.65
1971-1979       43      0.00709  0.00706  0.50   88081     622   87770  2630199  29.86
1971-1979       44      0.00372  0.00372  0.50   87459     325   87296  2542429  29.07
1971-1979       45      0.00509  0.00507  0.50   87134     442   86913  2455133  28.18
1971-1979       46      0.00929  0.00925  0.50   86692     802   86291  2368220  27.32
1971-1979       47      0.00448  0.00447  0.50   85890     384   85698  2281929  26.57
1971-1979       48      0.00812  0.00809  0.50   85506     691   85160  2196231  25.69
1971-1979       49      0.01217  0.01210  0.50   84814    1026   84301  2111071  24.89
1971-1979       50      0.01180  0.01173  0.50   83788     983   83297  2026770  24.19
1971-1979       51      0.01105  0.01099  0.50   82805     910   82350  1943474  23.47
1971-1979       52      0.01464  0.01453  0.50   81895    1190   81300  1861123  22.73
1971-1979       53      0.00750  0.00747  0.50   80705     603   80404  1779823  22.05
1971-1979       54      0.01347  0.01338  0.50   80102    1072   79566  1699419  21.22
1971-1979       55      0.01302  0.01293  0.50   79031    1022   78520  1619853  20.50
1971-1979       56      0.01477  0.01466  0.50   78009    1144   77437  1541333  19.76
1971-1979       57      0.02150  0.02127  0.50   76865    1635   76047  1463897  19.05
1971-1979       58      0.01503  0.01491  0.50   75230    1122   74669  1387849  18.45
1971-1979       59      0.01241  0.01234  0.50   74108     914   73650  1313181  17.72
1971-1979       60      0.02292  0.02266  0.50   73193    1658   72364  1239530  16.93
1971-1979       61      0.02140  0.02117  0.50   71535    1515   70778  1167166  16.32
1971-1979       62      0.01528  0.01516  0.50   70021    1062   69490  1096388  15.66
1971-1979       63      0.02582  0.02549  0.50   68959    1758   68080  1026898  14.89
1971-1979       64      0.02246  0.02221  0.50   67201    1493   66455   958818  14.27
1971-1979       65      0.03628  0.03563  0.50   65708    2341   64538   892363  13.58
1971-1979       66      0.03800  0.03729  0.50   63367    2363   62185   827826  13.06
1971-1979       67      0.02855  0.02815  0.50   61004    1717   60145   765640  12.55
1971-1979       68      0.03479  0.03419  0.50   59286    2027   58273   705495  11.90
1971-1979       69      0.04129  0.04046  0.50   57259    2317   56101   647222  11.30
1971-1979       70      0.05761  0.05600  0.50   54943    3077   53404   591121  10.76
1971-1979       71      0.04287  0.04197  0.50   51866    2177   50778   537717  10.37
1971-1979       72      0.06786  0.06564  0.50   49689    3261   48058   486939   9.80
1971-1979       73      0.03437  0.03378  0.50   46428    1569   45643   438881   9.45
1971-1979       74      0.08147  0.07828  0.50   44859    3512   43103   393237   8.77
1971-1979       75      0.10858  0.10299  0.50   41348    4258   39218   350134   8.47
1971-1979       76      0.10084  0.09600  0.50   37089    3560   35309   310915   8.38
1971-1979       77      0.11077  0.10495  0.50   33529    3519   31769   275606   8.22
1971-1979       78      0.08578  0.08225  0.50   30010    2468   28776   243837   8.13
1971-1979       79      0.13385  0.12546  0.50   27542    3455   25814   215061   7.81
1971-1979       80      0.08202  0.07879  0.50   24086    1898   23138   189247   7.86
1971-1979       81      0.08814  0.08442  0.50   22189    1873   21252   166109   7.49
1971-1979       82      0.09467  0.09039  0.50   20315    1836   19397   144857   7.13
1971-1979       83      0.10163  0.09671  0.50   18479    1787   17585   125460   6.79
1971-1979       84      0.10904  0.10340  0.50   16692    1726   15829   107874   6.46
1971-1979       85      0.11692  0.11046  0.50   14966    1653   14139    92046   6.15
1971-1979       86      0.12528  0.11790  0.50   13313    1570   12528    77906   5.85
1971-1979       87      0.13416  0.12573  0.50   11743    1476   11005    65378   5.57
1971-1979       88      0.14356  0.13395  0.50   10267    1375    9579    54373   5.30
1971-1979       89      0.15350  0.14256  0.50    8892    1268    8258    44794   5.04
1971-1979       90      0.16400  0.15157  0.50    7624    1156    7046    36536   4.79
1971-1979       91      0.17507  0.16098  0.50    6468    1041    5948    29490   4.56
1971-1979       92      0.18672  0.17078  0.50    5427     927    4964    23542   4.34
1971-1979       93      0.19896  0.18096  0.50    4500     814    4093    18578   4.13
1971-1979       94      0.21179  0.19151  0.50    3686     706    3333    14485   3.93
1971-1979       95      0.22522  0.20242  0.50    2980     603    2678    11152   3.74
1971-1979       96      0.23923  0.21367  0.50    2377     508    2123     8474   3.57
1971-1979       97      0.25384  0.22525  0.50    1869     421    1658     6351   3.40
1971-1979       98      0.26902  0.23712  0.50    1448     343    1276     4692   3.24
1971-1979       99      0.28476  0.24927  0.50    1105     275     967     3416   3.09
1971-1979      100      0.30105  0.26166  0.50     829     217     721     2449   2.95
1971-1979      101      0.31785  0.27426  0.50     612     168     528     1728   2.82
1971-1979      102      0.33514  0.28704  0.50     444     128     381     1200   2.70
1971-1979      103      0.35289  0.29996  0.50     317      95     269      819   2.59
1971-1979      104      0.37104  0.31298  0.50     222      69     187      550   2.48
1971-1979      105      0.38958  0.32606  0.50     152      50     128      363   2.38
1971-1979      106      0.40843  0.33917  0.50     103      35      85      235   2.29
1971-1979      107      0.42756  0.35226  0.50      68      24      56      150   2.21
1971-1979      108      0.44691  0.36529  0.50      44      16      36       94   2.14
1971-1979      109      0.46642  0.37822  0.50      28      11      23       58   2.09
1971-1979      110+     0.48603  1.00000  2.06      17      17      36       36   2.06
1980-1989        0      0.01668  0.01644  0.11  100000    1644   98545  7210993  72.11
1980-1989        1      0.00278  0.00278  0.50   98356     273   98219  7112448  72.31
1980-1989        2      0.00135  0.00135  0.50   98082     132   98016  7014229  71.51
1980-1989        3      0.00123  0.00123  0.50   97950     121   97890  6916213  70.61
1980-1989        4      0.00110  0.00110  0.50   97830     108   97776  6818323  69.70
1980-1989        5      0.00063  0.00063  0.50   97722      61   97691  6720547  68.77
1980-1989        6      0.00112  0.00112  0.50   97661     109   97606  6622856  67.82
1980-1989        7      0.00093  0.00093  0.50   97551      90   97506  6525250  66.89
1980-1989        8      0.00094  0.00094  0.50   97461      92   97415  6427744  65.95
1980-1989        9      0.00065  0.00065  0.50   97369      64   97337  6330329  65.01
1980-1989       10      0.00037  0.00037  0.50   97306      36   97288  6232991  64.06
1980-1989       11      0.00015  0.00015  0.50   97270      14   97263  6135703  63.08
1980-1989       12      0.00075  0.00075  0.50   97256      73   97219  6038440  62.09
1980-1989       13      0.00086  0.00086  0.50   97183      83   97141  5941221  61.13
1980-1989       14      0.00080  0.00080  0.50   97099      78   97060  5844080  60.19
1980-1989       15      0.00099  0.00099  0.50   97021      96   96974  5747020  59.23
1980-1989       16      0.00158  0.00158  0.50   96926     153   96849  5650046  58.29
1980-1989       17      0.00084  0.00084  0.50   96772      81   96732  5553197  57.38
1980-1989       18      0.00108  0.00108  0.50   96691     104   96639  5456466  56.43
1980-1989       19      0.00146  0.00146  0.50   96587     141   96516  5359827  55.49
1980-1989       20      0.00131  0.00131  0.50   96446     126   96383  5263310  54.57
1980-1989       21      0.00181  0.00181  0.50   96320     174   96233  5166927  53.64
1980-1989       22      0.00150  0.00149  0.50   96146     144   96074  5070694  52.74
1980-1989       23      0.00157  0.00157  0.50   96002     150   95927  4974621  51.82
1980-1989       24      0.00159  0.00159  0.50   95852     153   95775  4878694  50.90
1980-1989       25      0.00082  0.00082  0.50   95699      79   95660  4782919  49.98
1980-1989       26      0.00195  0.00195  0.50   95620     187   95527  4687259  49.02
1980-1989       27      0.00116  0.00116  0.50   95434     111   95378  4591732  48.11
1980-1989       28      0.00126  0.00126  0.50   95323     120   95263  4496354  47.17
1980-1989       29      0.00094  0.00094  0.50   95203      89   95158  4401091  46.23
1980-1989       30      0.00198  0.00197  0.50   95114     188   95020  4305933  45.27
1980-1989       31      0.00187  0.00187  0.50   94926     177   94837  4210914  44.36
1980-1989       32      0.00155  0.00155  0.50   94748     146   94675  4116077  43.44
1980-1989       33      0.00152  0.00152  0.50   94602     143   94530  4021401  42.51
1980-1989       34      0.00231  0.00231  0.50   94458     218   94350  3926871  41.57
1980-1989       35      0.00233  0.00233  0.50   94241     219   94131  3832522  40.67
1980-1989       36      0.00131  0.00131  0.50   94021     123   93960  3738391  39.76
1980-1989       37      0.00235  0.00235  0.50   93898     220   93788  3644431  38.81
1980-1989       38      0.00147  0.00147  0.50   93678     138   93609  3550643  37.90
1980-1989       39      0.00246  0.00245  0.50   93540     230   93425  3457034  36.96
1980-1989       40      0.00250  0.00250  0.50   93310     233   93194  3363609  36.05
1980-1989       41      0.00268  0.00267  0.50   93077     249   92953  3270415  35.14
1980-1989       42      0.00291  0.00291  0.50   92828     270   92693  3177463  34.23
1980-1989       43      0.00372  0.00371  0.50   92558     344   92387  3084770  33.33
1980-1989       44      0.00418  0.00417  0.50   92215     384   92023  2992383  32.45
1980-1989       45      0.00343  0.00342  0.50   91830     314   91673  2900361  31.58
1980-1989       46      0.00467  0.00466  0.50   91516     426   91303  2808687  30.69
1980-1989       47      0.00607  0.00605  0.50   91090     551   90814  2717384  29.83
1980-1989       48      0.00513  0.00511  0.50   90538     463   90307  2626570  29.01
1980-1989       49      0.00350  0.00349  0.50   90076     315   89918  2536263  28.16
1980-1989       50      0.00598  0.00597  0.50   89761     536   89493  2446345  27.25
1980-1989       51      0.00740  0.00737  0.50   89225     658   88896  2356852  26.41
1980-1989       52      0.00665  0.00662  0.50   88567     587   88274  2267956  25.61
1980-1989       53      0.00550  0.00549  0.50   87981     483   87740  2179681  24.77
1980-1989       54      0.00934  0.00930  0.50   87498     814   87091  2091942  23.91
1980-1989       55      0.01111  0.01105  0.50   86684     958   86206  2004850  23.13
1980-1989       56      0.01290  0.01282  0.50   85727    1099   85177  1918645  22.38
1980-1989       57      0.01253  0.01245  0.50   84628    1054   84101  1833467  21.66
1980-1989       58      0.01410  0.01400  0.50   83574    1170   82989  1749366  20.93
1980-1989       59      0.01825  0.01809  0.50   82404    1491   81659  1666377  20.22
1980-1989       60      0.02208  0.02183  0.50   80913    1767   80030  1584718  19.59
1980-1989       61      0.01185  0.01178  0.50   79147     932   78680  1504688  19.01
1980-1989       62      0.01735  0.01720  0.50   78214    1346   77541  1426008  18.23
1980-1989       63      0.02247  0.02222  0.50   76869    1708   76015  1348467  17.54
1980-1989       64      0.02416  0.02387  0.50   75161    1794   74264  1272452  16.93
1980-1989       65      0.03271  0.03218  0.50   73366    2361   72186  1198188  16.33
1980-1989       66      0.02267  0.02241  0.50   71005    1591   70210  1126002  15.86
1980-1989       67      0.03561  0.03499  0.50   69414    2429   68200  1055793  15.21
1980-1989       68      0.02713  0.02676  0.50   66986    1793   66089   987593  14.74
1980-1989       69      0.02866  0.02825  0.50   65193    1842   64272   921503  14.14
1980-1989       70      0.04113  0.04030  0.50   63351    2553   62075   857232  13.53
1980-1989       71      0.03375  0.03319  0.50   60798    2018   59789   795157  13.08
1980-1989       72      0.04346  0.04253  0.50   58780    2500   57530   735368  12.51
1980-1989       73      0.04301  0.04210  0.50   56280    2370   55095   677838  12.04
1980-1989       74      0.05175  0.05045  0.50   53910    2720   52550   622743  11.55
1980-1989       75      0.05683  0.05526  0.50   51191    2829   49776   570192  11.14
1980-1989       76      0.06755  0.06534  0.50   48362    3160   46782   520416  10.76
1980-1989       77      0.05080  0.04954  0.50   45202    2239   44082   473634  10.48
1980-1989       78      0.05367  0.05226  0.50   42963    2245   41840   429551  10.00
1980-1989       79      0.05339  0.05200  0.50   40717    2117   39659   387711   9.52
1980-1989       80      0.05603  0.05450  0.50   38600    2104   37548   348053   9.02
1980-1989       81      0.06197  0.06011  0.50   36496    2194   35399   310504   8.51
1980-1989       82      0.06850  0.06623  0.50   34303    2272   33167   275105   8.02
1980-1989       83      0.07567  0.07291  0.50   32031    2335   30863   241938   7.55
1980-1989       84      0.08351  0.08016  0.50   29695    2380   28505   211075   7.11
1980-1989       85      0.09209  0.08803  0.50   27315    2405   26113   182570   6.68
1980-1989       86      0.10145  0.09655  0.50   24910    2405   23708   156458   6.28
1980-1989       87      0.11164  0.10574  0.50   22505    2380   21315   132750   5.90
1980-1989       88      0.12272  0.11563  0.50   20126    2327   18962   111434   5.54
1980-1989       89      0.13473  0.12623  0.50   17799    2247   16675    92472   5.20
1980-1989       90      0.14772  0.13756  0.50   15552    2139   14482    75797   4.87
1980-1989       91      0.16173  0.14963  0.50   13412    2007   12409    61315   4.57
1980-1989       92      0.17679  0.16243  0.50   11406    1853   10479    48906   4.29
1980-1989       93      0.19293  0.17596  0.50    9553    1681    8712    38427   4.02
1980-1989       94      0.21017  0.19018  0.50    7872    1497    7123    29714   3.77
1980-1989       95      0.22851  0.20508  0.50    6375    1307    5721    22591   3.54
1980-1989       96      0.24795  0.22060  0.50    5068    1118    4509    16870   3.33
1980-1989       97      0.26847  0.23670  0.50    3950     935    3482    12361   3.13
1980-1989       98      0.29003  0.25330  0.50    3015     764    2633     8879   2.95
1980-1989       99      0.31258  0.27033  0.50    2251     609    1947     6246   2.77
1980-1989      100      0.33606  0.28772  0.50    1643     473    1406     4299   2.62
1980-1989      101      0.36038  0.30535  0.50    1170     357     991     2893   2.47
1980-1989      102      0.38543  0.32315  0.50     813     263     681     1901   2.34
1980-1989      103      0.41111  0.34101  0.50     550     188     456     1220   2.22
1980-1989      104      0.43727  0.35882  0.50     363     130     297      764   2.11
1980-1989      105      0.46380  0.37649  0.50     232      88     189      466   2.01
1980-1989      106      0.49053  0.39391  0.50     145      57     116      277   1.91
1980-1989      107      0.51731  0.41100  0.50      88      36      70      161   1.83
1980-1989      108      0.54400  0.42767  0.50      52      22      41       91   1.77
1980-1989      109      0.57043  0.44384  0.50      30      13      23       51   1.71
1980-1989      110+     0.59647  1.00000  1.68      16      16      28       28   1.68
1990-1999        0      0.01354  0.01338  0.12  100000    1338   98824  7457336  74.57
1990-1999        1      0.00116  0.00116  0.50   98662     115   98604  7358512  74.58
1990-1999        2      0.00146  0.00146  0.50   98547     144   98475  7259908  73.67
1990-1999        3      0.00059  0.00059  0.50   98403      58   98374  7161433  72.78
1990-1999        4      0.00024  0.00024  0.50   98344      24   98332  7063060  71.82
1990-1999        5      0.00049  0.00049  0.50   98321      48   98297  6964727  70.84
1990-1999        6      0.00056  0.00056  0.50   98273      55   98245  6866431  69.87
1990-1999        7      0.00050  0.00050  0.50   98218      49   98193  6768185  68.91
1990-1999        8      0.00070  0.00070  0.50   98169      69   98134  6669992  67.94
1990-1999        9      0.00039  0.00039  0.50   98100      38   98081  6571857  66.99
1990-1999       10      0.00105  0.00105  0.50   98062     103   98010  6473776  66.02
1990-1999       11      0.00034  0.00034  0.50   97958      33   97942  6375766  65.09
1990-1999       12      0.00007  0.00007  0.50   97926       7   97922  6277824  64.11
1990-1999       13      0.00099  0.00099  0.50   97919      97   97870  6179902  63.11
1990-1999       14      0.00080  0.00080  0.50   97822      78   97783  6082032  62.17
1990-1999       15      0.00119  0.00119  0.50   97744     116   97686  5984249  61.22
1990-1999       16      0.00136  0.00136  0.50   97628     133   97562  5886563  60.30
1990-1999       17      0.00190  0.00190  0.50   97495     186   97403  5789001  59.38
1990-1999       18      0.00053  0.00053  0.50   97310      51   97284  5691599  58.49
1990-1999       19      0.00087  0.00087  0.50   97258      85   97216  5594315  57.52
1990-1999       20      0.00150  0.00150  0.50   97174     146   97101  5497098  56.57
1990-1999       21      0.00140  0.00140  0.50   97028     136   96960  5399998  55.65
1990-1999       22      0.00145  0.00145  0.50   96892     140   96822  5303038  54.73
1990-1999       23      0.00110  0.00110  0.50   96752     106   96698  5206216  53.81
1990-1999       24      0.00068  0.00068  0.50   96645      65   96613  5109518  52.87
1990-1999       25      0.00128  0.00128  0.50   96580     124   96518  5012905  51.90
1990-1999       26      0.00104  0.00104  0.50   96456     100   96406  4916387  50.97
1990-1999       27      0.00044  0.00044  0.50   96356      42   96335  4819981  50.02
1990-1999       28      0.00088  0.00088  0.50   96314      85   96271  4723646  49.04
1990-1999       29      0.00174  0.00174  0.50   96229     167   96145  4627375  48.09
1990-1999       30      0.00092  0.00092  0.50   96062      88   96018  4531229  47.17
1990-1999       31      0.00122  0.00122  0.50   95974     117   95915  4435212  46.21
1990-1999       32      0.00214  0.00213  0.50   95856     205   95754  4339297  45.27
1990-1999       33      0.00109  0.00109  0.50   95652     104   95600  4243542  44.36
1990-1999       34      0.00185  0.00185  0.50   95548     177   95459  4147943  43.41
1990-1999       35      0.00182  0.00182  0.50   95371     173   95284  4052483  42.49
1990-1999       36      0.00077  0.00077  0.50   95198      73   95161  3957199  41.57
1990-1999       37      0.00158  0.00158  0.50   95124     150   95049  3862038  40.60
1990-1999       38      0.00162  0.00162  0.50   94974     154   94897  3766989  39.66
1990-1999       39      0.00242  0.00241  0.50   94820     229   94706  3672092  38.73
1990-1999       40      0.00313  0.00313  0.50   94591     296   94443  3577386  37.82
1990-1999       41      0.00206  0.00206  0.50   94295     194   94198  3482942  36.94
1990-1999       42      0.00249  0.00249  0.50   94101     234   93984  3388744  36.01
1990-1999       43      0.00307  0.00307  0.50   93866     288   93722  3294761  35.10
1990-1999       44      0.00393  0.00392  0.50   93578     367   93395  3201038  34.21
1990-1999       45      0.00265  0.00265  0.50   93212     247   93088  3107643  33.34
1990-1999       46      0.00350  0.00349  0.50   92965     325   92803  3014555  32.43
1990-1999       47      0.00331  0.00330  0.50   92640     306   92487  2921752  31.54
1990-1999       48      0.00409  0.00409  0.50   92334     377   92146  2829265  30.64
1990-1999       49      0.00438  0.00437  0.50   91957     402   91756  2737119  29.77
1990-1999       50      0.00289  0.00289  0.50   91555     264   91423  2645363  28.89
1990-1999       51      0.00376  0.00375  0.50   91291     342   91120  2553940  27.98
1990-1999       52      0.00638  0.00636  0.50   90949     579   90659  2462820  27.08
1990-1999       53      0.00704  0.00702  0.50   90370     634   90053  2372161  26.25
1990-1999       54      0.00712  0.00710  0.50   89736     637   89417  2282108  25.43
1990-1999       55      0.00530  0.00529  0.50   89099     471   88863  2192691  24.61
1990-1999       56      0.00980  0.00975  0.50   88628     864   88196  2103827  23.74
1990-1999       57      0.01069  0.01063  0.50   87764     933   87297  2015632  22.97
1990-1999       58      0.01069  0.01063  0.50   86831     923   86369  1928335  22.21
1990-1999       59      0.00822  0.00819  0.50   85907     703   85556  1841966  21.44
1990-1999       60      0.01313  0.01305  0.50   85204    1111   84648  1756410  20.61
1990-1999       61      0.01412  0.01402  0.50   84092    1179   83503  1671762  19.88
1990-1999       62      0.01681  0.01667  0.50   82913    1382   82222  1588259  19.16
1990-1999       63      0.02040  0.02020  0.50   81531    1647   80708  1506037  18.47
1990-1999       64      0.01954  0.01935  0.50   79884    1546   79111  1425329  17.84
1990-1999       65      0.01620  0.01607  0.50   78338    1259   77709  1346218  17.18
1990-1999       66      0.02467  0.02437  0.50   77079    1878   76140  1268509  16.46
1990-1999       67      0.02954  0.02911  0.50   75201    2189   74107  1192368  15.86
1990-1999       68      0.02264  0.02239  0.50   73012    1635   72195  1118262  15.32
1990-1999       69      0.02306  0.02280  0.50   71377    1627   70564  1046067  14.66
1990-1999       70      0.03081  0.03034  0.50   69750    2116   68692   975503  13.99
1990-1999       71      0.04039  0.03959  0.50   67634    2678   66295   906811  13.41
1990-1999       72      0.03315  0.03261  0.50   64956    2118   63897   840516  12.94
1990-1999       73      0.03779  0.03708  0.50   62838    2330   61673   776619  12.36
1990-1999       74      0.03775  0.03705  0.50   60508    2242   59387   714946  11.82
1990-1999       75      0.05084  0.04958  0.50   58266    2889   56821   655559  11.25
1990-1999       76      0.04796  0.04684  0.50   55377    2594   54080   598738  10.81
1990-1999       77      0.05902  0.05733  0.50   52783    3026   51270   544658  10.32
1990-1999       78      0.07075  0.06833  0.50   49757    3400   48057   493387   9.92
1990-1999       79      0.06296  0.06104  0.50   46357    2830   44942   445330   9.61
1990-1999       80      0.05366  0.05225  0.50   43528    2274   42390   400388   9.20
1990-1999       81      0.05944  0.05772  0.50   41253    2381   40062   357997   8.68
1990-1999       82      0.06580  0.06371  0.50   38872    2476   37634   317935   8.18
1990-1999       83      0.07280  0.07024  0.50   36395    2556   35117   280301   7.70
1990-1999       84      0.08047  0.07736  0.50   33839    2618   32530   245184   7.25
1990-1999       85      0.08887  0.08509  0.50   31221    2657   29893   212654   6.81
1990-1999       86      0.09806  0.09348  0.50   28565    2670   27229   182761   6.40
1990-1999       87      0.10809  0.10254  0.50   25894    2655   24567   155532   6.01
1990-1999       88      0.11900  0.11232  0.50   23239    2610   21934   130965   5.64
1990-1999       89      0.13085  0.12282  0.50   20629    2534   19362   109031   5.29
1990-1999       90      0.14370  0.13406  0.50   18095    2426   16882    89669   4.96
1990-1999       91      0.15757  0.14606  0.50   15669    2289   14525    72787   4.65
1990-1999       92      0.17252  0.15882  0.50   13381    2125   12318    58262   4.35
1990-1999       93      0.18856  0.17232  0.50   11256    1940   10286    45944   4.08
1990-1999       94      0.20573  0.18654  0.50    9316    1738    8447    35658   3.83
1990-1999       95      0.22402  0.20146  0.50    7578    1527    6815    27211   3.59
1990-1999       96      0.24345  0.21703  0.50    6052    1313    5395    20396   3.37
1990-1999       97      0.26399  0.23321  0.50    4738    1105    4186    15001   3.17
1990-1999       98      0.28560  0.24991  0.50    3633     908    3179    10815   2.98
1990-1999       99      0.30825  0.26708  0.50    2725     728    2361     7636   2.80
1990-1999      100      0.33185  0.28463  0.50    1997     568    1713     5275   2.64
1990-1999      101      0.35634  0.30245  0.50    1429     432    1213     3562   2.49
1990-1999      102      0.38159  0.32045  0.50     997     319     837     2349   2.36
1990-1999      103      0.40751  0.33853  0.50     677     229     563     1512   2.23
1990-1999      104      0.43394  0.35658  0.50     448     160     368      949   2.12
1990-1999      105      0.46076  0.37449  0.50     288     108     234      581   2.02
1990-1999      106      0.48781  0.39216  0.50     180      71     145      347   1.92
1990-1999      107      0.51493  0.40950  0.50     110      45      87      202   1.84
1990-1999      108      0.54197  0.42642  0.50      65      28      51      115   1.77
1990-1999      109      0.56876  0.44283  0.50      37      16      29       64   1.71
1990-1999      110+     0.59515  1.00000  1.68      21      21      35       35   1.68
2000-2009        0      0.00775  0.00770  0.13  100000     770   99332  7773036  77.73
2000-2009        1      0.00074  0.00074  0.50   99230      73   99193  7673703  77.33
2000-2009        2      0.00127  0.00127  0.50   99157     126   99094  7574510  76.39
2000-2009        3      0.00093  0.00093  0.50   99031      92   98985  7475416  75.49
2000-2009        4      0.00047  0.00047  0.50   98938      47   98915  7376432  74.56
2000-2009        5      0.00041  0.00041  0.50   98892      41   98871  7277517  73.59
2000-2009        6      0.00030  0.00030  0.50   98851      29   98836  7178646  72.62
2000-2009        7      0.00060  0.00060  0.50   98821      59   98792  7079810  71.64
2000-2009        8      0.00061  0.00061  0.50   98762      60   98732  6981018  70.69
2000-2009        9      0.00012  0.00012  0.50   98702      12   98696  6882286  69.73
2000-2009       10      0.00006  0.00006  0.50   98690       6   98687  6783590  68.74
2000-2009       11      0.00069  0.00069  0.50   98684      68   98650  6684903  67.74
2000-2009       12      0.00069  0.00069  0.50   98616      68   98582  6586253  66.79
2000-2009       13      0.00070  0.00070  0.50   98548      69   98513  6487671  65.83
2000-2009       14      0.00058  0.00058  0.50   98479      57   98450  6389157  64.88
2000-2009       15      0.00046  0.00046  0.50   98421      45   98399  6290707  63.92
2000-2009       16      0.00127  0.00127  0.50   98376     125   98313  6192309  62.95
2000-2009       17      0.00129  0.00129  0.50   98251     126   98188  6093995  62.02
2000-2009       18      0.00102  0.00102  0.50   98125     100   98075  5995807  61.10
2000-2009       19      0.00130  0.00130  0.50   98024     127   97961  5897733  60.17
2000-2009       20      0.00067  0.00067  0.50   97897      66   97865  5799772  59.24
2000-2009       21      0.00122  0.00122  0.50   97832     120   97772  5701907  58.28
2000-2009       22      0.00148  0.00147  0.50   97712     144   97640  5604135  57.35
2000-2009       23      0.00158  0.00158  0.50   97568     154   97491  5506495  56.44
2000-2009       24      0.00085  0.00085  0.50   97414      83   97372  5409004  55.53
2000-2009       25      0.00145  0.00145  0.50   97331     141   97260  5311632  54.57
2000-2009       26      0.00121  0.00121  0.50   97190     118   97131  5214372  53.65
2000-2009       27      0.00165  0.00165  0.50   97072     160   96992  5117241  52.72
2000-2009       28      0.00170  0.00170  0.50   96912     164   96830  5020248  51.80
2000-2009       29      0.00065  0.00065  0.50   96748      63   96716  4923418  50.89
2000-2009       30      0.00125  0.00125  0.50   96685     121   96624  4826702  49.92
2000-2009       31      0.00142  0.00142  0.50   96564     137   96495  4730077  48.98
2000-2009       32      0.00176  0.00176  0.50   96427     169   96342  4633582  48.05
2000-2009       33      0.00157  0.00157  0.50   96257     151   96182  4537240  47.14
2000-2009       34      0.00124  0.00124  0.50   96107     119   96047  4441058  46.21
2000-2009       35      0.00216  0.00216  0.50   95987     208   95884  4345011  45.27
2000-2009       36      0.00214  0.00213  0.50   95780     204   95678  4249127  44.36
2000-2009       37      0.00123  0.00123  0.50   95575     118   95517  4153450  43.46
2000-2009       38      0.00220  0.00220  0.50   95458     210   95353  4057933  42.51
2000-2009       39      0.00225  0.00225  0.50   95248     214   95141  3962580  41.60
2000-2009       40      0.00236  0.00236  0.50   95034     224   94922  3867439  40.70
2000-2009       41      0.00305  0.00304  0.50   94810     288   94666  3772517  39.79
2000-2009       42      0.00264  0.00264  0.50   94522     249   94397  3677851  38.91
2000-2009       43      0.00268  0.00268  0.50   94273     253   94146  3583454  38.01
2000-2009       44      0.00260  0.00260  0.50   94020     244   93898  3489308  37.11
2000-2009       45      0.00303  0.00302  0.50   93776     283   93634  3395409  36.21
2000-2009       46      0.00279  0.00279  0.50   93493     261   93362  3301775  35.32
2000-2009       47      0.00363  0.00362  0.50   93232     338   93063  3208413  34.41
2000-2009       48      0.00200  0.00200  0.50   92894     186   92801  3115350  33.54
2000-2009       49      0.00373  0.00373  0.50   92708     345   92536  3022549  32.60
2000-2009       50      0.00345  0.00344  0.50   92363     318   92204  2930013  31.72
2000-2009       51      0.00402  0.00401  0.50   92045     369   91860  2837809  30.83
2000-2009       52      0.00423  0.00422  0.50   91676     387   91482  2745949  29.95
2000-2009       53      0.00425  0.00424  0.50   91289     387   91095  2654467  29.08
2000-2009       54      0.00421  0.00420  0.50   90901     382   90710  2563372  28.20
2000-2009       55      0.00474  0.00473  0.50   90519     428   90305  2472662  27.32
2000-2009       56      0.00477  0.00476  0.50   90091     429   89877  2382357  26.44
2000-2009       57      0.00727  0.00724  0.50   89662     649   89338  2292480  25.57
2000-2009       58      0.00618  0.00616  0.50   89013     548   88739  2203142  24.75
2000-2009       59      0.00696  0.00694  0.50   88465     614   88158  2114403  23.90
2000-2009       60      0.00767  0.00764  0.50   87851     672   87515  2026245  23.06
2000-2009       61      0.00739  0.00736  0.50   87180     642   86859  1938730  22.24
2000-2009       62      0.00634  0.00632  0.50   86538     547   86264  1851871  21.40
2000-2009       63      0.00769  0.00766  0.50   85991     659   85661  1765606  20.53
2000-2009       64      0.01137  0.01131  0.50   85332     965   84849  1679945  19.69
2000-2009       65      0.01277  0.01268  0.50   84367    1070   83832  1595096  18.91
2000-2009       66      0.01926  0.01908  0.50   83297    1589   82502  1511264  18.14
2000-2009       67      0.01380  0.01371  0.50   81707    1120   81148  1428762  17.49
2000-2009       68      0.01508  0.01497  0.50   80588    1206   79984  1347614  16.72
2000-2009       69      0.02148  0.02126  0.50   79381    1687   78537  1267630  15.97
2000-2009       70      0.02080  0.02059  0.50   77694    1599   76894  1189093  15.30
2000-2009       71      0.02585  0.02552  0.50   76094    1942   75123  1112198  14.62
2000-2009       72      0.02058  0.02037  0.50   74152    1511   73397  1037075  13.99
2000-2009       73      0.02553  0.02521  0.50   72642    1831   71726   963678  13.27
2000-2009       74      0.02634  0.02600  0.50   70810    1841   69890   891952  12.60
2000-2009       75      0.02721  0.02684  0.50   68969    1851   68044   822062  11.92
2000-2009       76      0.04470  0.04372  0.50   67118    2934   65651   754018  11.23
2000-2009       77      0.03965  0.03888  0.50   64184    2496   62936   688367  10.72
2000-2009       78      0.04636  0.04531  0.50   61688    2795   60291   625431  10.14
2000-2009       79      0.04246  0.04158  0.50   58893    2449   57669   565140   9.60
2000-2009       80      0.05533  0.05384  0.50   56445    3039   54925   507471   8.99
2000-2009       81      0.06138  0.05955  0.50   53406    3180   51815   452546   8.47
2000-2009       82      0.06804  0.06580  0.50   50225    3305   48573   400731   7.98
2000-2009       83      0.07537  0.07263  0.50   46920    3408   45216   352158   7.51
2000-2009       84      0.08341  0.08007  0.50   43512    3484   41770   306942   7.05
2000-2009       85      0.09223  0.08817  0.50   40028    3529   38264   265172   6.62
2000-2009       86      0.10188  0.09694  0.50   36499    3538   34730   226908   6.22
2000-2009       87      0.11241  0.10643  0.50   32961    3508   31207   192178   5.83
2000-2009       88      0.12388  0.11665  0.50   29453    3436   27735   160971   5.47
2000-2009       89      0.13634  0.12764  0.50   26017    3321   24357   133236   5.12
2000-2009       90      0.14984  0.13939  0.50   22696    3164   21114   108880   4.80
2000-2009       91      0.16442  0.15193  0.50   19533    2968   18049    87765   4.49
2000-2009       92      0.18012  0.16524  0.50   16565    2737   15196    69716   4.21
2000-2009       93      0.19696  0.17930  0.50   13828    2479   12588    54520   3.94
2000-2009       94      0.21497  0.19411  0.50   11348    2203   10247    41932   3.69
2000-2009       95      0.23414  0.20960  0.50    9146    1917    8187    31685   3.46
2000-2009       96      0.25447  0.22575  0.50    7229    1632    6413    23497   3.25
2000-2009       97      0.27593  0.24248  0.50    5597    1357    4918    17085   3.05
2000-2009       98      0.29847  0.25971  0.50    4240    1101    3689    12166   2.87
2000-2009       99      0.32204  0.27738  0.50    3139     871    2703     8477   2.70
2000-2009      100      0.34655  0.29537  0.50    2268     670    1933     5774   2.55
2000-2009      101      0.37190  0.31358  0.50    1598     501    1348     3841   2.40
2000-2009      102      0.39797  0.33192  0.50    1097     364     915     2493   2.27
2000-2009      103      0.42464  0.35027  0.50     733     257     605     1578   2.15
2000-2009      104      0.45175  0.36851  0.50     476     175     388      974   2.05
2000-2009      105      0.47915  0.38654  0.50     301     116     243      585   1.95
2000-2009      106      0.50668  0.40426  0.50     184      75     147      343   1.86
2000-2009      107      0.53417  0.42157  0.50     110      46      87      196   1.78
2000-2009      108      0.56145  0.43838  0.50      64      28      50      109   1.71
2000-2009      109      0.58836  0.45462  0.50      36      16      28       59   1.66
2000-2009      110+     0.61476  1.00000  1.63      19      19      32       32   1.63
2010-2016        0      0.00722  0.00718  0.13  100000     718   99379  7908892  79.09
2010-2016        1      0.00091  0.00091  0.50   99282      90   99237  7809514  78.66
2010-2016        2      0.00069  0.00069  0.50   99192      69   99157  7710277  77.73
2010-2016        3      0.00062  0.00062  0.50   99123      61   99093  7611119  76.78
2010-2016        4      0.00032  0.00032  0.50   99062      32   99046  7512027  75.83
2010-2016        5      0.00048  0.00048  0.50   99030      47   99007  7412981  74.86
2010-2016        6      0.00032  0.00032  0.50   98983      32   98967  7313974  73.89
2010-2016        7      0.00058  0.00058  0.50   98951      57   98922  7215007  72.91
2010-2016        8      0.00008  0.00008  0.50   98894       8   98889  7116085  71.96
2010-2016        9      0.00051  0.00051  0.50   98885      50   98860  7017195  70.96
2010-2016       10      0.00043  0.00043  0.50   98835      43   98813  6918335  70.00
2010-2016       11      0.00062  0.00062  0.50   98792      61   98761  6819522  69.03
2010-2016       12      0.00090  0.00090  0.50   98731      89   98686  6720761  68.07
2010-2016       13      0.00083  0.00083  0.50   98642      81   98601  6622075  67.13
2010-2016       14      0.00103  0.00103  0.50   98560     101   98509  6523474  66.19
2010-2016       15      0.00086  0.00086  0.50   98459      85   98416  6424964  65.26
2010-2016       16      0.00136  0.00136  0.50   98374     134   98307  6326548  64.31
2010-2016       17      0.00049  0.00049  0.50   98240      49   98215  6228242  63.40
2010-2016       18      0.00128  0.00128  0.50   98191     126   98128  6130026  62.43
2010-2016       19      0.00134  0.00133  0.50   98065     131   98000  6031898  61.51
2010-2016       20      0.00073  0.00073  0.50   97934      71   97899  5933898  60.59
2010-2016       21      0.00087  0.00087  0.50   97863      85   97821  5836000  59.63
2010-2016       22      0.00106  0.00106  0.50   97778     103   97726  5738179  58.69
2010-2016       23      0.00157  0.00157  0.50   97675     154   97598  5640453  57.75
2010-2016       24      0.00055  0.00055  0.50   97521      54   97494  5542855  56.84
2010-2016       25      0.00065  0.00065  0.50   97467      63   97436  5445361  55.87
2010-2016       26      0.00114  0.00114  0.50   97404     111   97348  5347926  54.90
2010-2016       27      0.00100  0.00100  0.50   97293      98   97244  5250577  53.97
2010-2016       28      0.00075  0.00075  0.50   97195      73   97159  5153333  53.02
2010-2016       29      0.00101  0.00101  0.50   97122      98   97073  5056174  52.06
2010-2016       30      0.00122  0.00122  0.50   97024     118   96965  4959101  51.11
2010-2016       31      0.00079  0.00079  0.50   96906      77   96867  4862137  50.17
2010-2016       32      0.00118  0.00117  0.50   96829     114   96772  4765269  49.21
2010-2016       33      0.00108  0.00108  0.50   96715     104   96663  4668497  48.27
2010-2016       34      0.00163  0.00163  0.50   96611     157   96533  4571834  47.32
2010-2016       35      0.00184  0.00184  0.50   96454     177   96365  4475301  46.40
2010-2016       36      0.00195  0.00195  0.50   96277     187   96183  4378936  45.48
2010-2016       37      0.00150  0.00150  0.50   96089     144   96017  4282753  44.57
2010-2016       38      0.00120  0.00120  0.50   95945     115   95887  4186736  43.64
2010-2016       39      0.00162  0.00162  0.50   95830     155   95752  4090848  42.69
2010-2016       40      0.00153  0.00153  0.50   95674     147   95601  3995096  41.76
2010-2016       41      0.00229  0.00229  0.50   95528     219   95418  3899496  40.82
2010-2016       42      0.00248  0.00247  0.50   95309     236   95191  3804077  39.91
2010-2016       43      0.00236  0.00236  0.50   95073     224   94961  3708886  39.01
2010-2016       44      0.00287  0.00287  0.50   94849     272   94713  3613925  38.10
2010-2016       45      0.00284  0.00284  0.50   94577     268   94443  3519212  37.21
2010-2016       46      0.00328  0.00327  0.50   94309     309   94154  3424769  36.31
2010-2016       47      0.00324  0.00323  0.50   94000     304   93848  3330614  35.43
2010-2016       48      0.00328  0.00328  0.50   93696     307   93543  3236766  34.55
2010-2016       49      0.00396  0.00395  0.50   93389     369   93205  3143224  33.66
2010-2016       50      0.00355  0.00354  0.50   93020     329   92855  3050019  32.79
2010-2016       51      0.00496  0.00495  0.50   92691     459   92461  2957164  31.90
2010-2016       52      0.00499  0.00498  0.50   92232     459   92002  2864702  31.06
2010-2016       53      0.00448  0.00447  0.50   91772     411   91567  2772700  30.21
2010-2016       54      0.00460  0.00459  0.50   91362     420   91152  2681133  29.35
2010-2016       55      0.00385  0.00384  0.50   90942     349   90768  2589981  28.48
2010-2016       56      0.00444  0.00443  0.50   90593     401   90392  2499213  27.59
2010-2016       57      0.00442  0.00441  0.50   90192     398   89993  2408821  26.71
2010-2016       58      0.00593  0.00591  0.50   89794     531   89529  2318828  25.82
2010-2016       59      0.00709  0.00707  0.50   89264     631   88948  2229299  24.97
2010-2016       60      0.00701  0.00699  0.50   88633     619   88323  2140351  24.15
2010-2016       61      0.00738  0.00735  0.50   88013     647   87690  2052028  23.31
2010-2016       62      0.00962  0.00957  0.50   87366     836   86948  1964338  22.48
2010-2016       63      0.00954  0.00949  0.50   86530     821   86119  1877390  21.70
2010-2016       64      0.00877  0.00873  0.50   85708     748   85334  1791271  20.90
2010-2016       65      0.00844  0.00840  0.50   84960     714   84603  1705937  20.08
2010-2016       66      0.01357  0.01348  0.50   84246    1135   83678  1621334  19.25
2010-2016       67      0.01087  0.01081  0.50   83111     899   82661  1537655  18.50
2010-2016       68      0.01188  0.01181  0.50   82212     971   81727  1454994  17.70
2010-2016       69      0.01778  0.01763  0.50   81241    1432   80525  1373267  16.90
2010-2016       70      0.02231  0.02207  0.50   79809    1761   78929  1292742  16.20
2010-2016       71      0.01672  0.01658  0.50   78048    1294   77401  1213813  15.55
2010-2016       72      0.02127  0.02105  0.50   76754    1616   75946  1136412  14.81
2010-2016       73      0.01636  0.01622  0.50   75138    1219   74529  1060466  14.11
2010-2016       74      0.02713  0.02676  0.50   73919    1978   72930   985937  13.34
2010-2016       75      0.03245  0.03193  0.50   71941    2297   70793   913007  12.69
2010-2016       76      0.03349  0.03294  0.50   69644    2294   68497   842214  12.09
2010-2016       77      0.04043  0.03963  0.50   67350    2669   66016   773717  11.49
2010-2016       78      0.03183  0.03133  0.50   64681    2026   63668   707701  10.94
2010-2016       79      0.02535  0.02503  0.50   62655    1568   61871   644033  10.28
2010-2016       80      0.04102  0.04019  0.50   61087    2455   59859   582163   9.53
2010-2016       81      0.04695  0.04588  0.50   58631    2690   57286   522304   8.91
2010-2016       82      0.05370  0.05230  0.50   55941    2926   54479   465017   8.31
2010-2016       83      0.06136  0.05953  0.50   53016    3156   51438   410539   7.74
2010-2016       84      0.07002  0.06765  0.50   49860    3373   48173   359101   7.20
2010-2016       85      0.07981  0.07674  0.50   46487    3568   44703   310928   6.69
2010-2016       86      0.09082  0.08688  0.50   42919    3729   41055   266225   6.20
2010-2016       87      0.10319  0.09813  0.50   39190    3846   37268   225170   5.75
2010-2016       88      0.11703  0.11056  0.50   35345    3908   33391   187903   5.32
2010-2016       89      0.13244  0.12422  0.50   31437    3905   29484   154512   4.91
2010-2016       90      0.14955  0.13914  0.50   27532    3831   25616   125027   4.54
2010-2016       91      0.16843  0.15535  0.50   23701    3682   21860    99411   4.19
2010-2016       92      0.18917  0.17282  0.50   20019    3460   18289    77551   3.87
2010-2016       93      0.21181  0.19153  0.50   16559    3172   14973    59262   3.58
2010-2016       94      0.23637  0.21139  0.50   13388    2830   11973    44288   3.31
2010-2016       95      0.26283  0.23231  0.50   10558    2453    9331    32316   3.06
2010-2016       96      0.29113  0.25413  0.50    8105    2060    7075    22984   2.84
2010-2016       97      0.32114  0.27671  0.50    6045    1673    5209    15909   2.63
2010-2016       98      0.35270  0.29983  0.50    4373    1311    3717    10700   2.45
2010-2016       99      0.38561  0.32328  0.50    3062     990    2567     6983   2.28
2010-2016      100      0.41959  0.34683  0.50    2072     719    1713     4417   2.13
2010-2016      101      0.45436  0.37025  0.50    1353     501    1103     2704   2.00
2010-2016      102      0.48958  0.39330  0.50     852     335     685     1601   1.88
2010-2016      103      0.52490  0.41578  0.50     517     215     410      917   1.77
2010-2016      104      0.55997  0.43748  0.50     302     132     236      507   1.68
2010-2016      105      0.59445  0.45825  0.50     170      78     131      271   1.60
2010-2016      106      0.62803  0.47795  0.50      92      44      70      140   1.52
2010-2016      107      0.66042  0.49648  0.50      48      24      36       70   1.46
2010-2016      108      0.69137  0.51377  0.50      24      12      18       34   1.41
2010-2016      109      0.72069  0.52979  0.50      12       6       9       16   1.36
2010-2016      110+     0.74824  1.00000  1.34       6       6       7        7   1.34
