NT, Life tables (period 1x5), Females	Last modified: 23 May 2023;  Methods Protocol: v6 (2017)

  Year          Age         mx       qx    ax      lx      dx      Lx       Tx     ex
1971-1974        0      0.04180  0.04047  0.21  100000    4047   96799  6590779  65.91
1971-1974        1      0.00721  0.00718  0.50   95953     689   95609  6493980  67.68
1971-1974        2      0.00352  0.00351  0.50   95264     335   95097  6398372  67.16
1971-1974        3      0.00218  0.00218  0.50   94930     207   94826  6303275  66.40
1971-1974        4      0.00123  0.00123  0.50   94723     116   94664  6208448  65.54
1971-1974        5      0.00129  0.00129  0.50   94606     122   94545  6113784  64.62
1971-1974        6      0.00091  0.00091  0.50   94484      86   94441  6019239  63.71
1971-1974        7      0.00000  0.00000  0.50   94398       0   94398  5924798  62.76
1971-1974        8      0.00100  0.00100  0.50   94398      94   94351  5830400  61.76
1971-1974        9      0.00026  0.00026  0.50   94304      25   94292  5736048  60.82
1971-1974       10      0.00000  0.00000  0.50   94279       0   94279  5641757  59.84
1971-1974       11      0.00056  0.00056  0.50   94279      53   94253  5547477  58.84
1971-1974       12      0.00000  0.00000  0.50   94227       0   94227  5453224  57.87
1971-1974       13      0.00097  0.00097  0.50   94227      92   94181  5358998  56.87
1971-1974       14      0.00000  0.00000  0.50   94135       0   94135  5264817  55.93
1971-1974       15      0.00148  0.00148  0.50   94135     140   94065  5170682  54.93
1971-1974       16      0.00112  0.00112  0.50   93995     105   93943  5076617  54.01
1971-1974       17      0.00185  0.00185  0.50   93890     173   93804  4982674  53.07
1971-1974       18      0.00140  0.00140  0.50   93717     132   93651  4888871  52.17
1971-1974       19      0.00262  0.00262  0.50   93585     245   93463  4795220  51.24
1971-1974       20      0.00152  0.00152  0.50   93340     142   93270  4701757  50.37
1971-1974       21      0.00111  0.00111  0.50   93199     103   93147  4608487  49.45
1971-1974       22      0.00000  0.00000  0.50   93096       0   93096  4515340  48.50
1971-1974       23      0.00299  0.00299  0.50   93096     278   92957  4422244  47.50
1971-1974       24      0.00308  0.00308  0.50   92817     286   92675  4329288  46.64
1971-1974       25      0.00154  0.00154  0.50   92532     142   92461  4236613  45.79
1971-1974       26      0.00314  0.00313  0.50   92389     290   92245  4144152  44.86
1971-1974       27      0.00118  0.00118  0.50   92100     109   92045  4051908  43.99
1971-1974       28      0.00025  0.00025  0.50   91991      23   91979  3959862  43.05
1971-1974       29      0.00168  0.00168  0.50   91968     155   91890  3867883  42.06
1971-1974       30      0.00184  0.00184  0.50   91813     169   91729  3775992  41.13
1971-1974       31      0.00098  0.00098  0.50   91644      90   91599  3684264  40.20
1971-1974       32      0.00282  0.00282  0.50   91554     258   91425  3592665  39.24
1971-1974       33      0.00115  0.00115  0.50   91296     105   91244  3501239  38.35
1971-1974       34      0.00333  0.00332  0.50   91191     303   91040  3409996  37.39
1971-1974       35      0.00134  0.00134  0.50   90888     122   90827  3318956  36.52
1971-1974       36      0.00508  0.00507  0.50   90766     460   90536  3228129  35.57
1971-1974       37      0.00486  0.00484  0.50   90306     437   90087  3137593  34.74
1971-1974       38      0.00678  0.00676  0.50   89868     607   89565  3047506  33.91
1971-1974       39      0.00728  0.00725  0.50   89261     647   88937  2957942  33.14
1971-1974       40      0.00672  0.00670  0.50   88614     594   88317  2869004  32.38
1971-1974       41      0.00490  0.00489  0.50   88020     431   87805  2780688  31.59
1971-1974       42      0.00564  0.00562  0.50   87589     492   87343  2692883  30.74
1971-1974       43      0.00704  0.00702  0.50   87097     611   86791  2605540  29.92
1971-1974       44      0.00533  0.00532  0.50   86485     460   86256  2518749  29.12
1971-1974       45      0.00844  0.00841  0.50   86026     723   85664  2432493  28.28
1971-1974       46      0.01081  0.01075  0.50   85302     917   84844  2346829  27.51
1971-1974       47      0.00362  0.00362  0.50   84385     305   84232  2261985  26.81
1971-1974       48      0.00710  0.00707  0.50   84080     595   83782  2177753  25.90
1971-1974       49      0.01091  0.01085  0.50   83485     906   83032  2093970  25.08
1971-1974       50      0.00915  0.00911  0.50   82580     752   82203  2010938  24.35
1971-1974       51      0.00906  0.00902  0.50   81827     738   81458  1928735  23.57
1971-1974       52      0.01665  0.01652  0.50   81089    1339   80419  1847277  22.78
1971-1974       53      0.01346  0.01337  0.50   79750    1067   79216  1766858  22.16
1971-1974       54      0.01508  0.01497  0.50   78683    1178   78094  1687641  21.45
1971-1974       55      0.00649  0.00647  0.50   77505     501   77254  1609547  20.77
1971-1974       56      0.01628  0.01615  0.50   77004    1244   76382  1532293  19.90
1971-1974       57      0.02312  0.02286  0.50   75760    1732   74894  1455911  19.22
1971-1974       58      0.01455  0.01444  0.50   74028    1069   73494  1381017  18.66
1971-1974       59      0.00651  0.00649  0.50   72959     473   72722  1307524  17.92
1971-1974       60      0.02230  0.02205  0.50   72486    1599   71686  1234801  17.04
1971-1974       61      0.02802  0.02763  0.50   70887    1958   69908  1163115  16.41
1971-1974       62      0.01490  0.01479  0.50   68929    1019   68419  1093207  15.86
1971-1974       63      0.02877  0.02836  0.50   67909    1926   66946  1024789  15.09
1971-1974       64      0.03198  0.03148  0.50   65983    2077   64944   957843  14.52
1971-1974       65      0.03931  0.03855  0.50   63906    2464   62674   892898  13.97
1971-1974       66      0.05053  0.04928  0.50   61442    3028   59928   830224  13.51
1971-1974       67      0.02897  0.02856  0.50   58414    1668   57580   770296  13.19
1971-1974       68      0.03519  0.03458  0.50   56746    1962   55765   712715  12.56
1971-1974       69      0.05976  0.05803  0.50   54784    3179   53194   656950  11.99
1971-1974       70      0.05815  0.05650  0.50   51605    2916   50147   603755  11.70
1971-1974       71      0.05074  0.04949  0.50   48689    2409   47484   553608  11.37
1971-1974       72      0.06565  0.06357  0.50   46280    2942   44809   506124  10.94
1971-1974       73      0.04546  0.04445  0.50   43338    1926   42375   461315  10.64
1971-1974       74      0.05684  0.05527  0.50   41412    2289   40267   418941  10.12
1971-1974       75      0.07377  0.07115  0.50   39123    2784   37731   378674   9.68
1971-1974       76      0.08059  0.07747  0.50   36339    2815   34932   340943   9.38
1971-1974       77      0.07258  0.07004  0.50   33524    2348   32350   306011   9.13
1971-1974       78      0.07699  0.07414  0.50   31176    2311   30020   273661   8.78
1971-1974       79      0.11544  0.10914  0.50   28865    3150   27290   243641   8.44
1971-1974       80      0.07444  0.07177  0.50   25714    1846   24792   216351   8.41
1971-1974       81      0.07996  0.07688  0.50   23869    1835   22951   191559   8.03
1971-1974       82      0.08584  0.08231  0.50   22034    1814   21127   168608   7.65
1971-1974       83      0.09212  0.08806  0.50   20220    1781   19330   147481   7.29
1971-1974       84      0.09880  0.09415  0.50   18440    1736   17572   128151   6.95
1971-1974       85      0.10591  0.10059  0.50   16704    1680   15863   110579   6.62
1971-1974       86      0.11347  0.10738  0.50   15023    1613   14217    94716   6.30
1971-1974       87      0.12150  0.11454  0.50   13410    1536   12642    80499   6.00
1971-1974       88      0.13001  0.12208  0.50   11874    1450   11149    67857   5.71
1971-1974       89      0.13902  0.12999  0.50   10425    1355    9747    56708   5.44
1971-1974       90      0.14856  0.13828  0.50    9070    1254    8442    46960   5.18
1971-1974       91      0.15862  0.14696  0.50    7815    1149    7241    38518   4.93
1971-1974       92      0.16923  0.15603  0.50    6667    1040    6147    31277   4.69
1971-1974       93      0.18040  0.16547  0.50    5627     931    5161    25130   4.47
1971-1974       94      0.19213  0.17529  0.50    4696     823    4284    19969   4.25
1971-1974       95      0.20444  0.18548  0.50    3872     718    3513    15685   4.05
1971-1974       96      0.21732  0.19602  0.50    3154     618    2845    12172   3.86
1971-1974       97      0.23078  0.20691  0.50    2536     525    2274     9327   3.68
1971-1974       98      0.24482  0.21812  0.50    2011     439    1792     7053   3.51
1971-1974       99      0.25941  0.22963  0.50    1573     361    1392     5261   3.35
1971-1974      100      0.27457  0.24142  0.50    1211     292    1065     3870   3.19
1971-1974      101      0.29026  0.25347  0.50     919     233     802     2804   3.05
1971-1974      102      0.30647  0.26574  0.50     686     182     595     2002   2.92
1971-1974      103      0.32317  0.27821  0.50     504     140     434     1407   2.79
1971-1974      104      0.34033  0.29084  0.50     364     106     311      973   2.68
1971-1974      105      0.35793  0.30359  0.50     258      78     219      663   2.57
1971-1974      106      0.37591  0.31644  0.50     180      57     151      444   2.47
1971-1974      107      0.39425  0.32933  0.50     123      40     103      293   2.39
1971-1974      108      0.41288  0.34223  0.50      82      28      68      190   2.31
1971-1974      109      0.43177  0.35511  0.50      54      19      45      122   2.25
1971-1974      110+     0.45087  1.00000  2.22      35      35      77       77   2.22
1975-1979        0      0.02648  0.02589  0.15  100000    2589   97798  6697427  66.97
1975-1979        1      0.00675  0.00673  0.50   97411     655   97083  6599630  67.75
1975-1979        2      0.00164  0.00164  0.50   96756     159   96676  6502547  67.21
1975-1979        3      0.00212  0.00212  0.50   96597     204   96494  6405870  66.32
1975-1979        4      0.00080  0.00080  0.50   96392      77   96354  6309376  65.46
1975-1979        5      0.00191  0.00191  0.50   96315     184   96223  6213022  64.51
1975-1979        6      0.00080  0.00080  0.50   96132      77   96093  6116799  63.63
1975-1979        7      0.00082  0.00082  0.50   96055      79   96016  6020706  62.68
1975-1979        8      0.00068  0.00068  0.50   95976      65   95944  5924690  61.73
1975-1979        9      0.00072  0.00072  0.50   95911      69   95877  5828746  60.77
1975-1979       10      0.00057  0.00057  0.50   95843      55   95815  5732869  59.82
1975-1979       11      0.00080  0.00080  0.50   95788      76   95750  5637054  58.85
1975-1979       12      0.00146  0.00146  0.50   95712     140   95642  5541304  57.90
1975-1979       13      0.00044  0.00044  0.50   95572      42   95551  5445662  56.98
1975-1979       14      0.00161  0.00161  0.50   95530     153   95453  5350111  56.00
1975-1979       15      0.00118  0.00118  0.50   95377     113   95320  5254658  55.09
1975-1979       16      0.00073  0.00073  0.50   95264      69   95230  5159337  54.16
1975-1979       17      0.00196  0.00196  0.50   95195     186   95102  5064108  53.20
1975-1979       18      0.00263  0.00263  0.50   95009     250   94884  4969006  52.30
1975-1979       19      0.00204  0.00204  0.50   94759     193   94662  4874122  51.44
1975-1979       20      0.00214  0.00214  0.50   94566     203   94465  4779459  50.54
1975-1979       21      0.00160  0.00160  0.50   94363     151   94288  4684995  49.65
1975-1979       22      0.00132  0.00132  0.50   94212     125   94150  4590707  48.73
1975-1979       23      0.00162  0.00162  0.50   94088     152   94012  4496557  47.79
1975-1979       24      0.00138  0.00138  0.50   93936     130   93871  4402545  46.87
1975-1979       25      0.00204  0.00204  0.50   93806     191   93711  4308674  45.93
1975-1979       26      0.00120  0.00120  0.50   93615     112   93559  4214963  45.02
1975-1979       27      0.00120  0.00120  0.50   93503     112   93447  4121404  44.08
1975-1979       28      0.00155  0.00155  0.50   93391     145   93319  4027957  43.13
1975-1979       29      0.00124  0.00124  0.50   93247     116   93189  3934638  42.20
1975-1979       30      0.00242  0.00242  0.50   93131     225   93018  3841450  41.25
1975-1979       31      0.00098  0.00098  0.50   92906      91   92860  3748432  40.35
1975-1979       32      0.00324  0.00323  0.50   92814     300   92664  3655572  39.39
1975-1979       33      0.00190  0.00190  0.50   92514     176   92426  3562908  38.51
1975-1979       34      0.00358  0.00357  0.50   92339     330   92174  3470481  37.58
1975-1979       35      0.00356  0.00356  0.50   92009     327   91845  3378308  36.72
1975-1979       36      0.00265  0.00265  0.50   91681     243   91560  3286463  35.85
1975-1979       37      0.00316  0.00315  0.50   91439     288   91295  3194903  34.94
1975-1979       38      0.00201  0.00201  0.50   91150     183   91059  3103608  34.05
1975-1979       39      0.00541  0.00539  0.50   90967     491   90722  3012549  33.12
1975-1979       40      0.00351  0.00351  0.50   90477     317   90318  2921827  32.29
1975-1979       41      0.00626  0.00624  0.50   90159     562   89878  2831510  31.41
1975-1979       42      0.00795  0.00792  0.50   89597     710   89242  2741631  30.60
1975-1979       43      0.00712  0.00709  0.50   88887     630   88572  2652389  29.84
1975-1979       44      0.00251  0.00251  0.50   88257     221   88146  2563817  29.05
1975-1979       45      0.00260  0.00259  0.50   88036     228   87921  2475671  28.12
1975-1979       46      0.00814  0.00811  0.50   87807     712   87451  2387749  27.19
1975-1979       47      0.00517  0.00515  0.50   87095     449   86871  2300298  26.41
1975-1979       48      0.00889  0.00885  0.50   86647     767   86263  2213427  25.55
1975-1979       49      0.01312  0.01303  0.50   85880    1119   85320  2127164  24.77
1975-1979       50      0.01369  0.01360  0.50   84761    1152   84184  2041844  24.09
1975-1979       51      0.01259  0.01251  0.50   83608    1046   83085  1957659  23.41
1975-1979       52      0.01306  0.01298  0.50   82562    1071   82027  1874574  22.70
1975-1979       53      0.00306  0.00306  0.50   81491     249   81366  1792547  22.00
1975-1979       54      0.01233  0.01225  0.50   81242     995   80744  1711181  21.06
1975-1979       55      0.01738  0.01723  0.50   80246    1383   79555  1630437  20.32
1975-1979       56      0.01374  0.01365  0.50   78864    1076   78326  1550882  19.67
1975-1979       57      0.02035  0.02014  0.50   77788    1567   77004  1472556  18.93
1975-1979       58      0.01536  0.01525  0.50   76221    1162   75640  1395552  18.31
1975-1979       59      0.01638  0.01625  0.50   75059    1219   74449  1319913  17.59
1975-1979       60      0.02330  0.02303  0.50   73839    1701   72989  1245464  16.87
1975-1979       61      0.01678  0.01664  0.50   72138    1200   71538  1172475  16.25
1975-1979       62      0.01556  0.01544  0.50   70938    1095   70391  1100936  15.52
1975-1979       63      0.02356  0.02329  0.50   69843    1626   69030  1030546  14.76
1975-1979       64      0.01570  0.01558  0.50   68217    1063   67685   961516  14.10
1975-1979       65      0.03436  0.03378  0.50   67154    2269   66019   893831  13.31
1975-1979       66      0.03004  0.02959  0.50   64885    1920   63925   827811  12.76
1975-1979       67      0.02828  0.02788  0.50   62965    1756   62087   763886  12.13
1975-1979       68      0.03451  0.03392  0.50   61209    2076   60171   701799  11.47
1975-1979       69      0.02967  0.02923  0.50   59133    1729   58269   641628  10.85
1975-1979       70      0.05730  0.05571  0.50   57405    3198   55806   583359  10.16
1975-1979       71      0.03804  0.03733  0.50   54207    2024   53195   527553   9.73
1975-1979       72      0.06955  0.06721  0.50   52183    3507   50429   474358   9.09
1975-1979       73      0.02595  0.02562  0.50   48676    1247   48052   423929   8.71
1975-1979       74      0.10238  0.09740  0.50   47429    4619   45119   375877   7.93
1975-1979       75      0.13476  0.12626  0.50   42809    5405   40107   330758   7.73
1975-1979       76      0.11530  0.10902  0.50   37404    4078   35365   290651   7.77
1975-1979       77      0.13923  0.13016  0.50   33326    4338   31158   255286   7.66
1975-1979       78      0.09143  0.08744  0.50   28989    2535   27721   224128   7.73
1975-1979       79      0.14730  0.13720  0.50   26454    3629   24639   196407   7.42
1975-1979       80      0.08699  0.08337  0.50   22825    1903   21873   171768   7.53
1975-1979       81      0.09354  0.08936  0.50   20922    1870   19987   149895   7.16
1975-1979       82      0.10052  0.09571  0.50   19052    1823   18140   129908   6.82
1975-1979       83      0.10796  0.10243  0.50   17229    1765   16346   111767   6.49
1975-1979       84      0.11588  0.10954  0.50   15464    1694   14617    95421   6.17
1975-1979       85      0.12431  0.11703  0.50   13770    1612   12964    80804   5.87
1975-1979       86      0.13325  0.12493  0.50   12158    1519   11399    67840   5.58
1975-1979       87      0.14273  0.13322  0.50   10640    1417    9931    56441   5.30
1975-1979       88      0.15277  0.14193  0.50    9222    1309    8568    46510   5.04
1975-1979       89      0.16337  0.15104  0.50    7913    1195    7316    37942   4.79
1975-1979       90      0.17457  0.16055  0.50    6718    1079    6179    30626   4.56
1975-1979       91      0.18635  0.17047  0.50    5639     961    5159    24448   4.34
1975-1979       92      0.19875  0.18078  0.50    4678     846    4255    19289   4.12
1975-1979       93      0.21175  0.19148  0.50    3832     734    3465    15034   3.92
1975-1979       94      0.22536  0.20254  0.50    3099     628    2785    11568   3.73
1975-1979       95      0.23959  0.21396  0.50    2471     529    2207     8783   3.55
1975-1979       96      0.25441  0.22570  0.50    1942     438    1723     6577   3.39
1975-1979       97      0.26983  0.23775  0.50    1504     358    1325     4853   3.23
1975-1979       98      0.28582  0.25008  0.50    1146     287    1003     3528   3.08
1975-1979       99      0.30237  0.26266  0.50     860     226     747     2525   2.94
1975-1979      100      0.31945  0.27545  0.50     634     175     547     1779   2.81
1975-1979      101      0.33703  0.28843  0.50     459     132     393     1232   2.68
1975-1979      102      0.35507  0.30154  0.50     327      99     278      839   2.57
1975-1979      103      0.37353  0.31475  0.50     228      72     192      561   2.46
1975-1979      104      0.39237  0.32802  0.50     156      51     131      369   2.36
1975-1979      105      0.41153  0.34130  0.50     105      36      87      238   2.27
1975-1979      106      0.43097  0.35456  0.50      69      25      57      151   2.18
1975-1979      107      0.45062  0.36776  0.50      45      16      36       94   2.11
1975-1979      108      0.47042  0.38085  0.50      28      11      23       58   2.04
1975-1979      109      0.49032  0.39378  0.50      17       7      14       35   1.99
1975-1979      110+     0.51025  1.00000  1.96      11      11      21       21   1.96
1980-1984        0      0.01690  0.01665  0.11  100000    1665   98525  7096620  70.97
1980-1984        1      0.00310  0.00310  0.50   98335     305   98183  6998095  71.17
1980-1984        2      0.00159  0.00158  0.50   98030     155   97953  6899912  70.39
1980-1984        3      0.00073  0.00073  0.50   97875      71   97839  6801959  69.50
1980-1984        4      0.00134  0.00134  0.50   97804     131   97738  6704120  68.55
1980-1984        5      0.00105  0.00105  0.50   97673     102   97622  6606382  67.64
1980-1984        6      0.00162  0.00161  0.50   97571     158   97492  6508760  66.71
1980-1984        7      0.00073  0.00073  0.50   97413      71   97377  6411268  65.82
1980-1984        8      0.00103  0.00103  0.50   97342     100   97292  6313891  64.86
1980-1984        9      0.00059  0.00059  0.50   97242      57   97213  6216599  63.93
1980-1984       10      0.00044  0.00044  0.50   97185      43   97163  6119386  62.97
1980-1984       11      0.00030  0.00030  0.50   97142      29   97127  6022223  61.99
1980-1984       12      0.00092  0.00092  0.50   97113      89   97068  5925096  61.01
1980-1984       13      0.00128  0.00128  0.50   97023     124   96961  5828028  60.07
1980-1984       14      0.00084  0.00084  0.50   96899      82   96858  5731066  59.14
1980-1984       15      0.00110  0.00110  0.50   96817     106   96764  5634208  58.19
1980-1984       16      0.00208  0.00208  0.50   96711     201   96611  5537444  57.26
1980-1984       17      0.00076  0.00076  0.50   96511      74   96474  5440833  56.38
1980-1984       18      0.00185  0.00185  0.50   96437     179   96348  5344359  55.42
1980-1984       19      0.00124  0.00123  0.50   96258     119   96199  5248011  54.52
1980-1984       20      0.00130  0.00130  0.50   96140     125   96077  5151813  53.59
1980-1984       21      0.00182  0.00182  0.50   96015     174   95927  5055735  52.66
1980-1984       22      0.00129  0.00129  0.50   95840     124   95778  4959808  51.75
1980-1984       23      0.00153  0.00153  0.50   95717     147   95643  4864030  50.82
1980-1984       24      0.00123  0.00123  0.50   95570     117   95511  4768386  49.89
1980-1984       25      0.00139  0.00139  0.50   95453     133   95386  4672875  48.95
1980-1984       26      0.00237  0.00237  0.50   95320     226   95207  4577489  48.02
1980-1984       27      0.00141  0.00141  0.50   95094     134   95027  4482282  47.14
1980-1984       28      0.00102  0.00102  0.50   94960      97   94912  4387254  46.20
1980-1984       29      0.00089  0.00089  0.50   94863      84   94821  4292343  45.25
1980-1984       30      0.00223  0.00223  0.50   94779     211   94674  4197521  44.29
1980-1984       31      0.00213  0.00213  0.50   94568     201   94468  4102848  43.39
1980-1984       32      0.00121  0.00121  0.50   94367     114   94310  4008380  42.48
1980-1984       33      0.00185  0.00185  0.50   94253     174   94166  3914070  41.53
1980-1984       34      0.00291  0.00290  0.50   94079     273   93942  3819905  40.60
1980-1984       35      0.00138  0.00138  0.50   93806     129   93741  3725962  39.72
1980-1984       36      0.00093  0.00093  0.50   93676      87   93633  3632222  38.77
1980-1984       37      0.00307  0.00307  0.50   93589     287   93445  3538589  37.81
1980-1984       38      0.00136  0.00136  0.50   93302     127   93238  3445144  36.92
1980-1984       39      0.00248  0.00247  0.50   93175     230   93059  3351905  35.97
1980-1984       40      0.00235  0.00234  0.50   92944     218   92835  3258846  35.06
1980-1984       41      0.00364  0.00364  0.50   92726     337   92558  3166011  34.14
1980-1984       42      0.00452  0.00451  0.50   92389     416   92181  3073453  33.27
1980-1984       43      0.00456  0.00455  0.50   91973     419   91763  2981272  32.41
1980-1984       44      0.00493  0.00492  0.50   91554     450   91329  2889508  31.56
1980-1984       45      0.00382  0.00381  0.50   91104     347   90930  2798179  30.71
1980-1984       46      0.00453  0.00452  0.50   90757     410   90552  2707249  29.83
1980-1984       47      0.00655  0.00653  0.50   90347     590   90052  2616697  28.96
1980-1984       48      0.00515  0.00514  0.50   89757     461   89526  2526646  28.15
1980-1984       49      0.00299  0.00299  0.50   89296     267   89162  2437119  27.29
1980-1984       50      0.00719  0.00716  0.50   89029     638   88710  2347957  26.37
1980-1984       51      0.01056  0.01050  0.50   88391     928   87927  2259247  25.56
1980-1984       52      0.00652  0.00650  0.50   87463     568   87179  2171320  24.83
1980-1984       53      0.00686  0.00683  0.50   86895     594   86598  2084141  23.98
1980-1984       54      0.01188  0.01181  0.50   86301    1019   85792  1997543  23.15
1980-1984       55      0.01106  0.01099  0.50   85282     938   84813  1911751  22.42
1980-1984       56      0.01656  0.01643  0.50   84344    1386   83651  1826938  21.66
1980-1984       57      0.01437  0.01427  0.50   82959    1184   82367  1743287  21.01
1980-1984       58      0.01524  0.01513  0.50   81775    1237   81156  1660920  20.31
1980-1984       59      0.02222  0.02198  0.50   80538    1770   79653  1579764  19.62
1980-1984       60      0.02564  0.02532  0.50   78768    1994   77770  1500111  19.04
1980-1984       61      0.01370  0.01360  0.50   76773    1044   76251  1422341  18.53
1980-1984       62      0.01901  0.01883  0.50   75729    1426   75016  1346090  17.78
1980-1984       63      0.02231  0.02207  0.50   74303    1640   73483  1271074  17.11
1980-1984       64      0.01910  0.01892  0.50   72664    1375   71976  1197590  16.48
1980-1984       65      0.03315  0.03261  0.50   71289    2325   70127  1125614  15.79
1980-1984       66      0.01647  0.01633  0.50   68964    1126   68401  1055487  15.30
1980-1984       67      0.03866  0.03793  0.50   67838    2573   66551   987086  14.55
1980-1984       68      0.02722  0.02685  0.50   65265    1752   64389   920534  14.10
1980-1984       69      0.03875  0.03801  0.50   63512    2414   62305   856146  13.48
1980-1984       70      0.02807  0.02768  0.50   61098    1691   60253   793840  12.99
1980-1984       71      0.03004  0.02960  0.50   59407    1758   58528   733588  12.35
1980-1984       72      0.06331  0.06137  0.50   57649    3538   55880   675060  11.71
1980-1984       73      0.05078  0.04952  0.50   54111    2680   52771   619180  11.44
1980-1984       74      0.06089  0.05909  0.50   51432    3039   49912   566409  11.01
1980-1984       75      0.06960  0.06726  0.50   48392    3255   46765   516497  10.67
1980-1984       76      0.06934  0.06702  0.50   45137    3025   43625   469732  10.41
1980-1984       77      0.06587  0.06377  0.50   42112    2686   40770   426107  10.12
1980-1984       78      0.07582  0.07305  0.50   39427    2880   37987   385337   9.77
1980-1984       79      0.07204  0.06953  0.50   36546    2541   35276   347351   9.50
1980-1984       80      0.05185  0.05054  0.50   34005    1719   33146   312075   9.18
1980-1984       81      0.05780  0.05618  0.50   32287    1814   31380   278929   8.64
1980-1984       82      0.06439  0.06238  0.50   30473    1901   29522   247549   8.12
1980-1984       83      0.07166  0.06918  0.50   28572    1977   27584   218027   7.63
1980-1984       84      0.07969  0.07664  0.50   26595    2038   25576   190443   7.16
1980-1984       85      0.08853  0.08478  0.50   24557    2082   23516   164867   6.71
1980-1984       86      0.09825  0.09365  0.50   22475    2105   21423   141351   6.29
1980-1984       87      0.10891  0.10328  0.50   20370    2104   19318   119928   5.89
1980-1984       88      0.12057  0.11371  0.50   18267    2077   17228   100610   5.51
1980-1984       89      0.13329  0.12496  0.50   16189    2023   15178    83382   5.15
1980-1984       90      0.14712  0.13704  0.50   14166    1941   13196    68204   4.81
1980-1984       91      0.16213  0.14997  0.50   12225    1833   11308    55008   4.50
1980-1984       92      0.17835  0.16374  0.50   10392    1702    9541    43700   4.21
1980-1984       93      0.19581  0.17835  0.50    8690    1550    7915    34159   3.93
1980-1984       94      0.21453  0.19375  0.50    7140    1383    6449    26244   3.68
1980-1984       95      0.23452  0.20990  0.50    5757    1208    5153    19795   3.44
1980-1984       96      0.25576  0.22677  0.50    4548    1031    4033    14643   3.22
1980-1984       97      0.27824  0.24426  0.50    3517     859    3087    10610   3.02
1980-1984       98      0.30188  0.26229  0.50    2658     697    2309     7523   2.83
1980-1984       99      0.32663  0.28077  0.50    1961     551    1686     5213   2.66
1980-1984      100      0.35238  0.29959  0.50    1410     423    1199     3528   2.50
1980-1984      101      0.37901  0.31863  0.50     988     315     830     2329   2.36
1980-1984      102      0.40640  0.33777  0.50     673     227     559     1498   2.23
1980-1984      103      0.43438  0.35687  0.50     446     159     366      939   2.11
1980-1984      104      0.46279  0.37583  0.50     287     108     233      573   2.00
1980-1984      105      0.49144  0.39450  0.50     179      71     144      340   1.90
1980-1984      106      0.52015  0.41279  0.50     108      45      86      196   1.81
1980-1984      107      0.54872  0.43058  0.50      64      27      50      110   1.73
1980-1984      108      0.57698  0.44779  0.50      36      16      28       60   1.67
1980-1984      109      0.60474  0.46434  0.50      20       9      15       32   1.62
1980-1984      110+     0.63184  1.00000  1.58      11      11      17       17   1.58
1985-1989        0      0.01648  0.01625  0.12  100000    1625   98562  7296891  72.97
1985-1989        1      0.00250  0.00250  0.50   98375     246   98252  7198329  73.17
1985-1989        2      0.00114  0.00114  0.50   98130     112   98074  7100076  72.35
1985-1989        3      0.00168  0.00167  0.50   98018     164   97936  7002003  71.44
1985-1989        4      0.00090  0.00090  0.50   97854      88   97810  6904067  70.56
1985-1989        5      0.00026  0.00026  0.50   97766      26   97753  6806257  69.62
1985-1989        6      0.00067  0.00067  0.50   97740      65   97707  6708504  68.64
1985-1989        7      0.00111  0.00111  0.50   97675     108   97621  6610797  67.68
1985-1989        8      0.00086  0.00086  0.50   97566      83   97525  6513176  66.76
1985-1989        9      0.00072  0.00072  0.50   97483      70   97448  6415652  65.81
1985-1989       10      0.00029  0.00029  0.50   97413      28   97399  6318204  64.86
1985-1989       11      0.00000  0.00000  0.50   97385       0   97385  6220805  63.88
1985-1989       12      0.00059  0.00059  0.50   97385      58   97356  6123420  62.88
1985-1989       13      0.00045  0.00045  0.50   97327      44   97305  6026064  61.92
1985-1989       14      0.00077  0.00077  0.50   97283      75   97246  5928759  60.94
1985-1989       15      0.00090  0.00090  0.50   97208      87   97165  5831514  59.99
1985-1989       16      0.00119  0.00119  0.50   97121     116   97063  5734349  59.04
1985-1989       17      0.00090  0.00090  0.50   97005      88   96962  5637285  58.11
1985-1989       18      0.00045  0.00045  0.50   96918      43   96896  5540324  57.17
1985-1989       19      0.00165  0.00165  0.50   96874     160   96794  5443428  56.19
1985-1989       20      0.00131  0.00131  0.50   96714     127   96651  5346634  55.28
1985-1989       21      0.00181  0.00180  0.50   96587     174   96500  5249983  54.35
1985-1989       22      0.00168  0.00168  0.50   96413     162   96332  5153483  53.45
1985-1989       23      0.00160  0.00160  0.50   96251     154   96174  5057150  52.54
1985-1989       24      0.00191  0.00191  0.50   96098     184   96006  4960976  51.62
1985-1989       25      0.00035  0.00035  0.50   95914      33   95897  4864970  50.72
1985-1989       26      0.00161  0.00161  0.50   95881     154   95804  4769073  49.74
1985-1989       27      0.00096  0.00096  0.50   95727      92   95681  4673269  48.82
1985-1989       28      0.00146  0.00146  0.50   95635     139   95565  4577588  47.87
1985-1989       29      0.00098  0.00098  0.50   95496      94   95449  4482023  46.93
1985-1989       30      0.00176  0.00176  0.50   95402     168   95318  4386574  45.98
1985-1989       31      0.00165  0.00165  0.50   95234     157   95156  4291255  45.06
1985-1989       32      0.00184  0.00184  0.50   95077     175   94990  4196100  44.13
1985-1989       33      0.00122  0.00122  0.50   94903     116   94844  4101110  43.21
1985-1989       34      0.00180  0.00179  0.50   94786     170   94701  4006265  42.27
1985-1989       35      0.00312  0.00311  0.50   94616     294   94469  3911564  41.34
1985-1989       36      0.00161  0.00161  0.50   94322     152   94246  3817095  40.47
1985-1989       37      0.00181  0.00181  0.50   94170     170   94085  3722849  39.53
1985-1989       38      0.00155  0.00155  0.50   94000     145   93927  3628764  38.60
1985-1989       39      0.00244  0.00244  0.50   93854     229   93740  3534837  37.66
1985-1989       40      0.00261  0.00261  0.50   93625     244   93503  3441098  36.75
1985-1989       41      0.00204  0.00204  0.50   93381     190   93286  3347595  35.85
1985-1989       42      0.00183  0.00183  0.50   93191     171   93105  3254309  34.92
1985-1989       43      0.00313  0.00313  0.50   93020     291   92875  3161204  33.98
1985-1989       44      0.00366  0.00365  0.50   92729     339   92560  3068329  33.09
1985-1989       45      0.00316  0.00315  0.50   92390     291   92245  2975770  32.21
1985-1989       46      0.00476  0.00475  0.50   92099     438   91880  2883525  31.31
1985-1989       47      0.00574  0.00573  0.50   91661     525   91399  2791645  30.46
1985-1989       48      0.00511  0.00510  0.50   91136     464   90904  2700246  29.63
1985-1989       49      0.00386  0.00385  0.50   90672     349   90497  2609342  28.78
1985-1989       50      0.00507  0.00506  0.50   90323     457   90094  2518844  27.89
1985-1989       51      0.00502  0.00501  0.50   89866     450   89641  2428750  27.03
1985-1989       52      0.00674  0.00672  0.50   89416     601   89116  2339109  26.16
1985-1989       53      0.00443  0.00442  0.50   88815     393   88619  2249993  25.33
1985-1989       54      0.00733  0.00730  0.50   88422     645   88100  2161375  24.44
1985-1989       55      0.01115  0.01109  0.50   87777     974   87290  2073275  23.62
1985-1989       56      0.00993  0.00988  0.50   86803     857   86375  1985985  22.88
1985-1989       57      0.01104  0.01098  0.50   85946     943   85474  1899610  22.10
1985-1989       58      0.01321  0.01312  0.50   85002    1115   84445  1814136  21.34
1985-1989       59      0.01519  0.01508  0.50   83887    1265   83254  1729691  20.62
1985-1989       60      0.01938  0.01919  0.50   82622    1586   81829  1646437  19.93
1985-1989       61      0.01045  0.01039  0.50   81036     842   80615  1564608  19.31
1985-1989       62      0.01615  0.01602  0.50   80194    1285   79552  1483993  18.50
1985-1989       63      0.02258  0.02233  0.50   78909    1762   78028  1404441  17.80
1985-1989       64      0.02786  0.02748  0.50   77147    2120   76088  1326413  17.19
1985-1989       65      0.03238  0.03187  0.50   75028    2391   73832  1250325  16.66
1985-1989       66      0.02721  0.02685  0.50   72637    1950   71662  1176493  16.20
1985-1989       67      0.03335  0.03280  0.50   70687    2319   69527  1104831  15.63
1985-1989       68      0.02706  0.02670  0.50   68368    1825   67455  1035304  15.14
1985-1989       69      0.02195  0.02171  0.50   66543    1445   65820   967848  14.54
1985-1989       70      0.05000  0.04878  0.50   65098    3175   63510   902028  13.86
1985-1989       71      0.03642  0.03577  0.50   61923    2215   60815   838518  13.54
1985-1989       72      0.03050  0.03004  0.50   59708    1794   58811   777703  13.03
1985-1989       73      0.03787  0.03716  0.50   57914    2152   56838   718892  12.41
1985-1989       74      0.04560  0.04458  0.50   55762    2486   54519   662054  11.87
1985-1989       75      0.04842  0.04727  0.50   53276    2519   52017   607535  11.40
1985-1989       76      0.06654  0.06440  0.50   50757    3269   49123   555518  10.94
1985-1989       77      0.04197  0.04111  0.50   47488    1952   46512   506395  10.66
1985-1989       78      0.03986  0.03908  0.50   45536    1780   44647   459883  10.10
1985-1989       79      0.04239  0.04151  0.50   43757    1816   42849   415236   9.49
1985-1989       80      0.05984  0.05810  0.50   41940    2437   40722   372388   8.88
1985-1989       81      0.06575  0.06366  0.50   39504    2515   38246   331666   8.40
1985-1989       82      0.07220  0.06968  0.50   36989    2578   35700   293419   7.93
1985-1989       83      0.07923  0.07621  0.50   34411    2622   33100   257719   7.49
1985-1989       84      0.08687  0.08326  0.50   31789    2647   30466   224619   7.07
1985-1989       85      0.09518  0.09086  0.50   29142    2648   27818   194153   6.66
1985-1989       86      0.10420  0.09904  0.50   26495    2624   25183   166335   6.28
1985-1989       87      0.11396  0.10781  0.50   23871    2574   22584   141152   5.91
1985-1989       88      0.12450  0.11721  0.50   21297    2496   20049   118568   5.57
1985-1989       89      0.13588  0.12723  0.50   18801    2392   17605    98519   5.24
1985-1989       90      0.14811  0.13790  0.50   16409    2263   15277    80914   4.93
1985-1989       91      0.16125  0.14922  0.50   14146    2111   13091    65637   4.64
1985-1989       92      0.17530  0.16118  0.50   12035    1940   11065    52546   4.37
1985-1989       93      0.19031  0.17377  0.50   10095    1754    9218    41481   4.11
1985-1989       94      0.20628  0.18699  0.50    8341    1560    7561    32263   3.87
1985-1989       95      0.22321  0.20080  0.50    6781    1362    6101    24702   3.64
1985-1989       96      0.24112  0.21518  0.50    5420    1166    4837    18601   3.43
1985-1989       97      0.25998  0.23008  0.50    4253     979    3764    13764   3.24
1985-1989       98      0.27978  0.24544  0.50    3275     804    2873    10000   3.05
1985-1989       99      0.30047  0.26122  0.50    2471     645    2148     7127   2.88
1985-1989      100      0.32200  0.27735  0.50    1826     506    1572     4979   2.73
1985-1989      101      0.34432  0.29375  0.50    1319     388    1125     3406   2.58
1985-1989      102      0.36735  0.31035  0.50     932     289     787     2281   2.45
1985-1989      103      0.39100  0.32706  0.50     643     210     537     1494   2.32
1985-1989      104      0.41517  0.34380  0.50     432     149     358      956   2.21
1985-1989      105      0.43976  0.36049  0.50     284     102     233      598   2.11
1985-1989      106      0.46465  0.37705  0.50     181      68     147      366   2.02
1985-1989      107      0.48971  0.39339  0.50     113      44      91      218   1.93
1985-1989      108      0.51483  0.40943  0.50      69      28      55      128   1.86
1985-1989      109      0.53987  0.42512  0.50      40      17      32       73   1.81
1985-1989      110+     0.56471  1.00000  1.77      23      23      41       41   1.77
1990-1994        0      0.01482  0.01463  0.12  100000    1463   98710  7381913  73.82
1990-1994        1      0.00095  0.00095  0.50   98537      93   98490  7283203  73.91
1990-1994        2      0.00215  0.00215  0.50   98443     212   98337  7184713  72.98
1990-1994        3      0.00024  0.00024  0.50   98232      24   98220  7086375  72.14
1990-1994        4      0.00000  0.00000  0.50   98208       0   98208  6988156  71.16
1990-1994        5      0.00038  0.00038  0.50   98208      38   98189  6889948  70.16
1990-1994        6      0.00052  0.00052  0.50   98170      51   98145  6791760  69.18
1990-1994        7      0.00052  0.00052  0.50   98119      51   98094  6693615  68.22
1990-1994        8      0.00052  0.00052  0.50   98068      51   98042  6595521  67.25
1990-1994        9      0.00026  0.00026  0.50   98017      26   98004  6497479  66.29
1990-1994       10      0.00108  0.00108  0.50   97991     106   97938  6399475  65.31
1990-1994       11      0.00000  0.00000  0.50   97885       0   97885  6301537  64.38
1990-1994       12      0.00000  0.00000  0.50   97885       0   97885  6203652  63.38
1990-1994       13      0.00121  0.00121  0.50   97885     118   97826  6105767  62.38
1990-1994       14      0.00031  0.00031  0.50   97767      30   97752  6007942  61.45
1990-1994       15      0.00175  0.00174  0.50   97736     170   97651  5910190  60.47
1990-1994       16      0.00222  0.00222  0.50   97566     216   97458  5812539  59.58
1990-1994       17      0.00187  0.00187  0.50   97350     182   97259  5715081  58.71
1990-1994       18      0.00045  0.00045  0.50   97168      44   97146  5617822  57.82
1990-1994       19      0.00072  0.00072  0.50   97124      70   97089  5520676  56.84
1990-1994       20      0.00174  0.00174  0.50   97054     169   96969  5423588  55.88
1990-1994       21      0.00150  0.00150  0.50   96885     145   96812  5326619  54.98
1990-1994       22      0.00189  0.00189  0.50   96740     183   96648  5229806  54.06
1990-1994       23      0.00103  0.00103  0.50   96557      99   96507  5133158  53.16
1990-1994       24      0.00080  0.00080  0.50   96457      77   96419  5036651  52.22
1990-1994       25      0.00104  0.00104  0.50   96381     100   96331  4940232  51.26
1990-1994       26      0.00105  0.00105  0.50   96281     101   96230  4843901  50.31
1990-1994       27      0.00035  0.00035  0.50   96180      34   96163  4747671  49.36
1990-1994       28      0.00139  0.00139  0.50   96146     134   96079  4651508  48.38
1990-1994       29      0.00199  0.00198  0.50   96012     190   95917  4555429  47.45
1990-1994       30      0.00129  0.00129  0.50   95822     124   95760  4459512  46.54
1990-1994       31      0.00154  0.00154  0.50   95698     147   95625  4363752  45.60
1990-1994       32      0.00121  0.00121  0.50   95551     115   95493  4268127  44.67
1990-1994       33      0.00050  0.00050  0.50   95436      47   95412  4172633  43.72
1990-1994       34      0.00255  0.00255  0.50   95388     243   95267  4077221  42.74
1990-1994       35      0.00225  0.00224  0.50   95145     213   95039  3981954  41.85
1990-1994       36      0.00068  0.00068  0.50   94932      65   94900  3886916  40.94
1990-1994       37      0.00169  0.00168  0.50   94867     160   94787  3792016  39.97
1990-1994       38      0.00129  0.00129  0.50   94708     122   94646  3697229  39.04
1990-1994       39      0.00263  0.00263  0.50   94585     249   94461  3602582  38.09
1990-1994       40      0.00301  0.00300  0.50   94337     283   94195  3508121  37.19
1990-1994       41      0.00205  0.00204  0.50   94053     192   93957  3413927  36.30
1990-1994       42      0.00162  0.00162  0.50   93861     152   93785  3319969  35.37
1990-1994       43      0.00322  0.00322  0.50   93709     301   93558  3226185  34.43
1990-1994       44      0.00443  0.00442  0.50   93407     413   93201  3132626  33.54
1990-1994       45      0.00300  0.00299  0.50   92994     278   92855  3039426  32.68
1990-1994       46      0.00301  0.00300  0.50   92716     278   92577  2946571  31.78
1990-1994       47      0.00391  0.00390  0.50   92438     361   92257  2853994  30.87
1990-1994       48      0.00476  0.00475  0.50   92077     437   91858  2761736  29.99
1990-1994       49      0.00466  0.00465  0.50   91640     426   91427  2669878  29.13
1990-1994       50      0.00198  0.00198  0.50   91213     181   91123  2578451  28.27
1990-1994       51      0.00526  0.00525  0.50   91033     478   90794  2487328  27.32
1990-1994       52      0.00739  0.00736  0.50   90555     667   90222  2396534  26.46
1990-1994       53      0.00815  0.00812  0.50   89888     729   89523  2306313  25.66
1990-1994       54      0.01141  0.01135  0.50   89159    1012   88653  2216789  24.86
1990-1994       55      0.00721  0.00719  0.50   88147     634   87830  2128136  24.14
1990-1994       56      0.01314  0.01305  0.50   87514    1142   86943  2040306  23.31
1990-1994       57      0.01201  0.01194  0.50   86371    1031   85856  1953364  22.62
1990-1994       58      0.01482  0.01471  0.50   85340    1255   84712  1867508  21.88
1990-1994       59      0.00776  0.00773  0.50   84085     650   83760  1782795  21.20
1990-1994       60      0.01240  0.01233  0.50   83435    1029   82920  1699036  20.36
1990-1994       61      0.01146  0.01140  0.50   82406     939   81936  1616116  19.61
1990-1994       62      0.01986  0.01966  0.50   81467    1602   80666  1534179  18.83
1990-1994       63      0.01888  0.01871  0.50   79865    1494   79118  1453513  18.20
1990-1994       64      0.02328  0.02301  0.50   78371    1804   77469  1374395  17.54
1990-1994       65      0.01712  0.01697  0.50   76567    1299   75918  1296926  16.94
1990-1994       66      0.03037  0.02991  0.50   75268    2252   74142  1221009  16.22
1990-1994       67      0.04040  0.03960  0.50   73016    2891   71571  1146867  15.71
1990-1994       68      0.02118  0.02096  0.50   70125    1470   69390  1075296  15.33
1990-1994       69      0.02719  0.02683  0.50   68655    1842   67734  1005906  14.65
1990-1994       70      0.03712  0.03644  0.50   66813    2435   65596   938172  14.04
1990-1994       71      0.03735  0.03667  0.50   64379    2361   63198   872576  13.55
1990-1994       72      0.03523  0.03462  0.50   62018    2147   60944   809377  13.05
1990-1994       73      0.04059  0.03978  0.50   59871    2382   58680   748433  12.50
1990-1994       74      0.04887  0.04771  0.50   57489    2743   56118   689753  12.00
1990-1994       75      0.04640  0.04535  0.50   54746    2483   53505   633635  11.57
1990-1994       76      0.06453  0.06251  0.50   52264    3267   50630   580130  11.10
1990-1994       77      0.05397  0.05256  0.50   48997    2575   47709   529500  10.81
1990-1994       78      0.05380  0.05239  0.50   46421    2432   45205   481791  10.38
1990-1994       79      0.07773  0.07482  0.50   43989    3291   42344   436586   9.92
1990-1994       80      0.05957  0.05785  0.50   40698    2354   39521   394242   9.69
1990-1994       81      0.06409  0.06210  0.50   38343    2381   37153   354722   9.25
1990-1994       82      0.06893  0.06663  0.50   35962    2396   34764   317569   8.83
1990-1994       83      0.07410  0.07145  0.50   33566    2398   32367   282804   8.43
1990-1994       84      0.07962  0.07658  0.50   31168    2387   29974   250438   8.04
1990-1994       85      0.08552  0.08202  0.50   28781    2361   27601   220463   7.66
1990-1994       86      0.09182  0.08779  0.50   26421    2319   25261   192862   7.30
1990-1994       87      0.09852  0.09390  0.50   24101    2263   22970   167602   6.95
1990-1994       88      0.10566  0.10036  0.50   21838    2192   20742   144632   6.62
1990-1994       89      0.11325  0.10719  0.50   19646    2106   18593   123890   6.31
1990-1994       90      0.12132  0.11438  0.50   17541    2006   16537   105296   6.00
1990-1994       91      0.12987  0.12195  0.50   15534    1894   14587    88759   5.71
1990-1994       92      0.13893  0.12991  0.50   13640    1772   12754    74172   5.44
1990-1994       93      0.14852  0.13825  0.50   11868    1641   11048    61418   5.18
1990-1994       94      0.15864  0.14698  0.50   10227    1503    9476    50370   4.93
1990-1994       95      0.16932  0.15610  0.50    8724    1362    8043    40895   4.69
1990-1994       96      0.18056  0.16561  0.50    7362    1219    6753    32852   4.46
1990-1994       97      0.19238  0.17550  0.50    6143    1078    5604    26099   4.25
1990-1994       98      0.20477  0.18575  0.50    5065     941    4594    20495   4.05
1990-1994       99      0.21775  0.19637  0.50    4124     810    3719    15901   3.86
1990-1994      100      0.23131  0.20733  0.50    3314     687    2971    12182   3.68
1990-1994      101      0.24545  0.21862  0.50    2627     574    2340     9211   3.51
1990-1994      102      0.26017  0.23022  0.50    2053     473    1816     6871   3.35
1990-1994      103      0.27544  0.24210  0.50    1580     383    1389     5055   3.20
1990-1994      104      0.29126  0.25423  0.50    1198     304    1045     3666   3.06
1990-1994      105      0.30760  0.26660  0.50     893     238     774     2620   2.93
1990-1994      106      0.32444  0.27915  0.50     655     183     564     1846   2.82
1990-1994      107      0.34174  0.29187  0.50     472     138     403     1283   2.72
1990-1994      108      0.35948  0.30471  0.50     334     102     283      879   2.63
1990-1994      109      0.37760  0.31763  0.50     232      74     196      596   2.56
1990-1994      110+     0.39608  1.00000  2.52     159     159     401      401   2.52
1995-1999        0      0.01229  0.01216  0.12  100000    1216   98935  7523894  75.24
1995-1999        1      0.00137  0.00137  0.50   98784     135   98717  7424959  75.16
1995-1999        2      0.00080  0.00080  0.50   98649      79   98609  7326242  74.27
1995-1999        3      0.00092  0.00092  0.50   98570      91   98525  7227633  73.32
1995-1999        4      0.00046  0.00046  0.50   98479      46   98456  7129108  72.39
1995-1999        5      0.00058  0.00058  0.50   98434      57   98405  7030652  71.43
1995-1999        6      0.00059  0.00059  0.50   98376      58   98347  6932247  70.47
1995-1999        7      0.00049  0.00049  0.50   98318      48   98294  6833900  69.51
1995-1999        8      0.00087  0.00087  0.50   98270      85   98228  6735606  68.54
1995-1999        9      0.00051  0.00051  0.50   98185      50   98160  6637378  67.60
1995-1999       10      0.00103  0.00103  0.50   98135     101   98085  6539218  66.63
1995-1999       11      0.00065  0.00065  0.50   98034      64   98002  6441134  65.70
1995-1999       12      0.00013  0.00013  0.50   97970      13   97964  6343132  64.75
1995-1999       13      0.00080  0.00080  0.50   97957      78   97918  6245168  63.75
1995-1999       14      0.00122  0.00122  0.50   97879     119   97819  6147250  62.80
1995-1999       15      0.00070  0.00070  0.50   97760      68   97726  6049430  61.88
1995-1999       16      0.00058  0.00058  0.50   97692      56   97664  5951704  60.92
1995-1999       17      0.00194  0.00194  0.50   97635     189   97541  5854041  59.96
1995-1999       18      0.00060  0.00060  0.50   97446      59   97417  5756500  59.07
1995-1999       19      0.00102  0.00102  0.50   97388      99   97338  5659083  58.11
1995-1999       20      0.00126  0.00126  0.50   97289     122   97227  5561745  57.17
1995-1999       21      0.00131  0.00131  0.50   97166     127   97103  5464518  56.24
1995-1999       22      0.00098  0.00098  0.50   97040      95   96992  5367415  55.31
1995-1999       23      0.00117  0.00117  0.50   96944     113   96888  5270423  54.37
1995-1999       24      0.00056  0.00056  0.50   96831      54   96804  5173535  53.43
1995-1999       25      0.00151  0.00150  0.50   96777     146   96704  5076731  52.46
1995-1999       26      0.00104  0.00104  0.50   96631     100   96581  4980027  51.54
1995-1999       27      0.00052  0.00052  0.50   96531      50   96506  4883447  50.59
1995-1999       28      0.00042  0.00042  0.50   96481      40   96461  4786941  49.62
1995-1999       29      0.00151  0.00151  0.50   96441     145   96368  4690480  48.64
1995-1999       30      0.00056  0.00056  0.50   96295      54   96268  4594112  47.71
1995-1999       31      0.00092  0.00092  0.50   96241      88   96197  4497844  46.74
1995-1999       32      0.00303  0.00303  0.50   96153     291   96007  4401647  45.78
1995-1999       33      0.00165  0.00165  0.50   95862     158   95782  4305640  44.92
1995-1999       34      0.00119  0.00119  0.50   95703     114   95646  4209857  43.99
1995-1999       35      0.00143  0.00143  0.50   95589     137   95521  4114211  43.04
1995-1999       36      0.00085  0.00085  0.50   95452      81   95412  4018690  42.10
1995-1999       37      0.00149  0.00149  0.50   95371     142   95300  3923279  41.14
1995-1999       38      0.00191  0.00191  0.50   95229     182   95138  3827979  40.20
1995-1999       39      0.00223  0.00222  0.50   95047     211   94941  3732841  39.27
1995-1999       40      0.00325  0.00324  0.50   94836     308   94682  3637900  38.36
1995-1999       41      0.00208  0.00208  0.50   94528     196   94430  3543218  37.48
1995-1999       42      0.00326  0.00325  0.50   94332     307   94179  3448788  36.56
1995-1999       43      0.00294  0.00294  0.50   94025     276   93887  3354609  35.68
1995-1999       44      0.00349  0.00349  0.50   93749     327   93585  3260722  34.78
1995-1999       45      0.00236  0.00236  0.50   93422     220   93312  3167137  33.90
1995-1999       46      0.00390  0.00389  0.50   93202     363   93021  3073825  32.98
1995-1999       47      0.00285  0.00284  0.50   92839     264   92707  2980804  32.11
1995-1999       48      0.00361  0.00361  0.50   92575     334   92409  2888097  31.20
1995-1999       49      0.00418  0.00417  0.50   92242     385   92049  2795688  30.31
1995-1999       50      0.00352  0.00351  0.50   91857     322   91696  2703639  29.43
1995-1999       51      0.00273  0.00273  0.50   91534     250   91409  2611943  28.54
1995-1999       52      0.00570  0.00568  0.50   91285     519   91025  2520534  27.61
1995-1999       53      0.00629  0.00627  0.50   90766     569   90481  2429509  26.77
1995-1999       54      0.00419  0.00418  0.50   90196     377   90008  2339028  25.93
1995-1999       55      0.00400  0.00399  0.50   89820     358   89641  2249020  25.04
1995-1999       56      0.00747  0.00744  0.50   89461     666   89129  2159379  24.14
1995-1999       57      0.00974  0.00969  0.50   88796     861   88366  2070250  23.31
1995-1999       58      0.00774  0.00771  0.50   87935     678   87596  1981885  22.54
1995-1999       59      0.00857  0.00853  0.50   87257     744   86885  1894289  21.71
1995-1999       60      0.01370  0.01361  0.50   86513    1178   85924  1807403  20.89
1995-1999       61      0.01626  0.01613  0.50   85335    1376   84647  1721479  20.17
1995-1999       62      0.01434  0.01423  0.50   83959    1195   83362  1636832  19.50
1995-1999       63      0.02167  0.02144  0.50   82764    1774   81877  1553470  18.77
1995-1999       64      0.01635  0.01621  0.50   80990    1313   80333  1471593  18.17
1995-1999       65      0.01542  0.01530  0.50   79677    1219   79067  1391260  17.46
1995-1999       66      0.01973  0.01954  0.50   78458    1533   77691  1312193  16.72
1995-1999       67      0.02072  0.02051  0.50   76925    1578   76136  1234502  16.05
1995-1999       68      0.02378  0.02351  0.50   75347    1771   74462  1158366  15.37
1995-1999       69      0.01975  0.01956  0.50   73576    1439   72856  1083904  14.73
1995-1999       70      0.02571  0.02538  0.50   72137    1831   71221  1011048  14.02
1995-1999       71      0.04294  0.04204  0.50   70306    2955   68828   939827  13.37
1995-1999       72      0.03144  0.03096  0.50   67351    2085   66308   870998  12.93
1995-1999       73      0.03552  0.03490  0.50   65266    2278   64127   804690  12.33
1995-1999       74      0.02853  0.02812  0.50   62988    1771   62102   740563  11.76
1995-1999       75      0.05431  0.05287  0.50   61216    3237   59598   678461  11.08
1995-1999       76      0.03528  0.03467  0.50   57980    2010   56975   618863  10.67
1995-1999       77      0.06294  0.06102  0.50   55970    3415   54262   561888  10.04
1995-1999       78      0.08284  0.07955  0.50   52555    4180   50464   507626   9.66
1995-1999       79      0.05363  0.05223  0.50   48374    2526   47111   457162   9.45
1995-1999       80      0.05024  0.04901  0.50   45848    2247   44724   410051   8.94
1995-1999       81      0.05673  0.05516  0.50   43601    2405   42398   365326   8.38
1995-1999       82      0.06400  0.06201  0.50   41196    2555   39918   322928   7.84
1995-1999       83      0.07213  0.06962  0.50   38641    2690   37296   283010   7.32
1995-1999       84      0.08121  0.07804  0.50   35951    2806   34548   245714   6.83
1995-1999       85      0.09131  0.08732  0.50   33145    2894   31698   211166   6.37
1995-1999       86      0.10253  0.09753  0.50   30251    2950   28776   179468   5.93
1995-1999       87      0.11496  0.10871  0.50   27300    2968   25817   150692   5.52
1995-1999       88      0.12868  0.12090  0.50   24333    2942   22862   124876   5.13
1995-1999       89      0.14376  0.13412  0.50   21391    2869   19956   102014   4.77
1995-1999       90      0.16029  0.14840  0.50   18522    2749   17148    82058   4.43
1995-1999       91      0.17833  0.16373  0.50   15773    2583   14482    64910   4.12
1995-1999       92      0.19792  0.18009  0.50   13191    2376   12003    50428   3.82
1995-1999       93      0.21908  0.19745  0.50   10815    2135    9747    38425   3.55
1995-1999       94      0.24182  0.21574  0.50    8680    1873    7743    28678   3.30
1995-1999       95      0.26613  0.23487  0.50    6807    1599    6008    20934   3.08
1995-1999       96      0.29193  0.25475  0.50    5208    1327    4545    14927   2.87
1995-1999       97      0.31915  0.27523  0.50    3882    1068    3347    10382   2.67
1995-1999       98      0.34766  0.29617  0.50    2813     833    2397     7034   2.50
1995-1999       99      0.37730  0.31742  0.50    1980     628    1666     4638   2.34
1995-1999      100      0.40789  0.33880  0.50    1352     458    1123     2972   2.20
1995-1999      101      0.43922  0.36013  0.50     894     322     733     1849   2.07
1995-1999      102      0.47103  0.38124  0.50     572     218     463     1117   1.95
1995-1999      103      0.50308  0.40197  0.50     354     142     283      654   1.85
1995-1999      104      0.53511  0.42216  0.50     212      89     167      371   1.75
1995-1999      105      0.56685  0.44167  0.50     122      54      95      204   1.67
1995-1999      106      0.59805  0.46038  0.50      68      31      53      109   1.60
1995-1999      107      0.62848  0.47821  0.50      37      18      28       56   1.53
1995-1999      108      0.65792  0.49506  0.50      19      10      14       28   1.47
1995-1999      109      0.68619  0.51090  0.50      10       5       7       14   1.43
1995-1999      110+     0.71314  1.00000  1.40       5       5       7        7   1.40
2000-2004        0      0.00836  0.00830  0.13  100000     830   99279  7742302  77.42
2000-2004        1      0.00057  0.00057  0.50   99170      57   99141  7643023  77.07
2000-2004        2      0.00116  0.00116  0.50   99113     115   99056  7543881  76.11
2000-2004        3      0.00153  0.00153  0.50   98998     151   98923  7444826  75.20
2000-2004        4      0.00048  0.00048  0.50   98847      47   98824  7345903  74.32
2000-2004        5      0.00072  0.00072  0.50   98800      71   98764  7247079  73.35
2000-2004        6      0.00024  0.00024  0.50   98729      24   98717  7148315  72.40
2000-2004        7      0.00073  0.00073  0.50   98705      72   98669  7049598  71.42
2000-2004        8      0.00036  0.00036  0.50   98633      36   98615  6950929  70.47
2000-2004        9      0.00000  0.00000  0.50   98598       0   98598  6852313  69.50
2000-2004       10      0.00012  0.00012  0.50   98598      12   98592  6753716  68.50
2000-2004       11      0.00049  0.00049  0.50   98586      48   98562  6655124  67.51
2000-2004       12      0.00050  0.00050  0.50   98537      49   98513  6556562  66.54
2000-2004       13      0.00039  0.00039  0.50   98488      38   98469  6458050  65.57
2000-2004       14      0.00066  0.00066  0.50   98450      65   98417  6359581  64.60
2000-2004       15      0.00014  0.00014  0.50   98385      13   98378  6261164  63.64
2000-2004       16      0.00097  0.00097  0.50   98371      95   98324  6162786  62.65
2000-2004       17      0.00152  0.00152  0.50   98276     150   98201  6064462  61.71
2000-2004       18      0.00111  0.00111  0.50   98127     109   98072  5966260  60.80
2000-2004       19      0.00167  0.00166  0.50   98018     163   97936  5868188  59.87
2000-2004       20      0.00069  0.00069  0.50   97855      67   97821  5770251  58.97
2000-2004       21      0.00185  0.00185  0.50   97788     181   97697  5672430  58.01
2000-2004       22      0.00166  0.00166  0.50   97607     162   97526  5574733  57.11
2000-2004       23      0.00198  0.00198  0.50   97445     193   97348  5477207  56.21
2000-2004       24      0.00073  0.00073  0.50   97252      71   97216  5379859  55.32
2000-2004       25      0.00180  0.00179  0.50   97181     174   97093  5282643  54.36
2000-2004       26      0.00082  0.00082  0.50   97006      79   96966  5185550  53.46
2000-2004       27      0.00183  0.00182  0.50   96927     177   96838  5088583  52.50
2000-2004       28      0.00168  0.00168  0.50   96750     163   96669  4991745  51.59
2000-2004       29      0.00054  0.00054  0.50   96587      52   96561  4895076  50.68
2000-2004       30      0.00127  0.00127  0.50   96535     123   96474  4798515  49.71
2000-2004       31      0.00096  0.00096  0.50   96412      92   96366  4702041  48.77
2000-2004       32      0.00182  0.00182  0.50   96320     175   96233  4605675  47.82
2000-2004       33      0.00167  0.00167  0.50   96145     160   96065  4509443  46.90
2000-2004       34      0.00172  0.00171  0.50   95985     165   95903  4413378  45.98
2000-2004       35      0.00269  0.00269  0.50   95820     258   95692  4317475  45.06
2000-2004       36      0.00205  0.00204  0.50   95563     195   95465  4221784  44.18
2000-2004       37      0.00195  0.00195  0.50   95367     186   95274  4126319  43.27
2000-2004       38      0.00197  0.00197  0.50   95181     187   95088  4031044  42.35
2000-2004       39      0.00236  0.00236  0.50   94994     224   94882  3935956  41.43
2000-2004       40      0.00225  0.00225  0.50   94770     213   94663  3841075  40.53
2000-2004       41      0.00356  0.00355  0.50   94557     336   94389  3746412  39.62
2000-2004       42      0.00233  0.00233  0.50   94221     219   94111  3652023  38.76
2000-2004       43      0.00266  0.00265  0.50   94002     250   93877  3557912  37.85
2000-2004       44      0.00233  0.00233  0.50   93752     218   93643  3464035  36.95
2000-2004       45      0.00239  0.00239  0.50   93534     223   93422  3370392  36.03
2000-2004       46      0.00230  0.00230  0.50   93310     214   93203  3276970  35.12
2000-2004       47      0.00366  0.00366  0.50   93096     340   92926  3183766  34.20
2000-2004       48      0.00225  0.00225  0.50   92756     209   92651  3090840  33.32
2000-2004       49      0.00353  0.00353  0.50   92547     326   92384  2998189  32.40
2000-2004       50      0.00269  0.00268  0.50   92221     247   92097  2905805  31.51
2000-2004       51      0.00477  0.00476  0.50   91973     438   91754  2813708  30.59
2000-2004       52      0.00429  0.00428  0.50   91536     392   91340  2721953  29.74
2000-2004       53      0.00362  0.00361  0.50   91144     329   90979  2630614  28.86
2000-2004       54      0.00311  0.00310  0.50   90814     282   90673  2539635  27.97
2000-2004       55      0.00477  0.00476  0.50   90533     431   90317  2448961  27.05
2000-2004       56      0.00447  0.00446  0.50   90102     401   89901  2358644  26.18
2000-2004       57      0.00722  0.00719  0.50   89700     645   89378  2268743  25.29
2000-2004       58      0.00566  0.00564  0.50   89055     502   88804  2179366  24.47
2000-2004       59      0.00862  0.00859  0.50   88553     760   88172  2090562  23.61
2000-2004       60      0.00734  0.00731  0.50   87792     642   87471  2002389  22.81
2000-2004       61      0.00781  0.00778  0.50   87151     678   86811  1914918  21.97
2000-2004       62      0.00961  0.00956  0.50   86472     827   86059  1828107  21.14
2000-2004       63      0.00987  0.00983  0.50   85645     841   85225  1742048  20.34
2000-2004       64      0.01687  0.01673  0.50   84804    1419   84095  1656823  19.54
2000-2004       65      0.01412  0.01402  0.50   83385    1169   82801  1572728  18.86
2000-2004       66      0.02234  0.02210  0.50   82216    1817   81308  1489928  18.12
2000-2004       67      0.01513  0.01502  0.50   80400    1208   79796  1408620  17.52
2000-2004       68      0.01816  0.01800  0.50   79192    1425   78479  1328824  16.78
2000-2004       69      0.03114  0.03066  0.50   77767    2384   76575  1250345  16.08
2000-2004       70      0.02264  0.02238  0.50   75383    1687   74539  1173770  15.57
2000-2004       71      0.02447  0.02417  0.50   73695    1781   72805  1099231  14.92
2000-2004       72      0.01889  0.01872  0.50   71914    1346   71241  1026426  14.27
2000-2004       73      0.02366  0.02338  0.50   70568    1650   69743   955185  13.54
2000-2004       74      0.02059  0.02038  0.50   68918    1404   68216   885442  12.85
2000-2004       75      0.02457  0.02427  0.50   67514    1639   66694   817226  12.10
2000-2004       76      0.04255  0.04166  0.50   65875    2745   64503   750532  11.39
2000-2004       77      0.04280  0.04190  0.50   63130    2645   61808   686029  10.87
2000-2004       78      0.05027  0.04904  0.50   60485    2966   59002   624221  10.32
2000-2004       79      0.04454  0.04357  0.50   57519    2506   56266   565219   9.83
2000-2004       80      0.05535  0.05386  0.50   55013    2963   53531   508954   9.25
2000-2004       81      0.06092  0.05912  0.50   52050    3077   50511   455423   8.75
2000-2004       82      0.06700  0.06483  0.50   48972    3175   47385   404912   8.27
2000-2004       83      0.07365  0.07103  0.50   45797    3253   44171   357527   7.81
2000-2004       84      0.08090  0.07775  0.50   42544    3308   40890   313356   7.37
2000-2004       85      0.08879  0.08501  0.50   39236    3336   37569   272465   6.94
2000-2004       86      0.09737  0.09285  0.50   35901    3333   34234   234897   6.54
2000-2004       87      0.10668  0.10128  0.50   32567    3298   30918   200663   6.16
2000-2004       88      0.11677  0.11033  0.50   29269    3229   27654   169744   5.80
2000-2004       89      0.12767  0.12001  0.50   26040    3125   24477   142090   5.46
2000-2004       90      0.13944  0.13035  0.50   22915    2987   21421   117612   5.13
2000-2004       91      0.15210  0.14135  0.50   19928    2817   18519    96191   4.83
2000-2004       92      0.16568  0.15301  0.50   17111    2618   15802    77672   4.54
2000-2004       93      0.18022  0.16532  0.50   14493    2396   13295    61870   4.27
2000-2004       94      0.19574  0.17829  0.50   12097    2157   11019    48575   4.02
2000-2004       95      0.21225  0.19188  0.50    9940    1907    8986    37556   3.78
2000-2004       96      0.22975  0.20608  0.50    8033    1655    7205    28570   3.56
2000-2004       97      0.24824  0.22083  0.50    6377    1408    5673    21364   3.35
2000-2004       98      0.26771  0.23610  0.50    4969    1173    4382    15691   3.16
2000-2004       99      0.28811  0.25183  0.50    3796     956    3318    11309   2.98
2000-2004      100      0.30941  0.26796  0.50    2840     761    2459     7991   2.81
2000-2004      101      0.33155  0.28441  0.50    2079     591    1783     5531   2.66
2000-2004      102      0.35447  0.30110  0.50    1488     448    1264     3748   2.52
2000-2004      103      0.37807  0.31796  0.50    1040     331     874     2484   2.39
2000-2004      104      0.40226  0.33490  0.50     709     237     590     1610   2.27
2000-2004      105      0.42694  0.35184  0.50     472     166     389     1019   2.16
2000-2004      106      0.45199  0.36867  0.50     306     113     249      631   2.06
2000-2004      107      0.47729  0.38533  0.50     193      74     156      381   1.98
2000-2004      108      0.50270  0.40173  0.50     119      48      95      226   1.90
2000-2004      109      0.52810  0.41778  0.50      71      30      56      131   1.84
2000-2004      110+     0.55335  1.00000  1.81      41      41      75       75   1.81
2005-2009        0      0.00716  0.00712  0.13  100000     712   99384  7793938  77.94
2005-2009        1      0.00090  0.00090  0.50   99288      89   99244  7694554  77.50
2005-2009        2      0.00138  0.00138  0.50   99199     137   99130  7595311  76.57
2005-2009        3      0.00035  0.00035  0.50   99062      35   99045  7496180  75.67
2005-2009        4      0.00047  0.00047  0.50   99027      46   99004  7397136  74.70
2005-2009        5      0.00012  0.00012  0.50   98981      12   98975  7298132  73.73
2005-2009        6      0.00035  0.00035  0.50   98970      35   98952  7199156  72.74
2005-2009        7      0.00048  0.00048  0.50   98935      47   98911  7100204  71.77
2005-2009        8      0.00085  0.00085  0.50   98888      84   98845  7001293  70.80
2005-2009        9      0.00025  0.00025  0.50   98803      25   98791  6902447  69.86
2005-2009       10      0.00000  0.00000  0.50   98779       0   98779  6803656  68.88
2005-2009       11      0.00088  0.00088  0.50   98779      87   98735  6704878  67.88
2005-2009       12      0.00088  0.00088  0.50   98691      87   98648  6606143  66.94
2005-2009       13      0.00102  0.00102  0.50   98604     100   98554  6507495  66.00
2005-2009       14      0.00051  0.00051  0.50   98504      50   98479  6408941  65.06
2005-2009       15      0.00077  0.00077  0.50   98454      75   98416  6310462  64.10
2005-2009       16      0.00156  0.00156  0.50   98379     153   98302  6212045  63.14
2005-2009       17      0.00106  0.00106  0.50   98226     104   98174  6113743  62.24
2005-2009       18      0.00094  0.00094  0.50   98122      92   98076  6015569  61.31
2005-2009       19      0.00094  0.00094  0.50   98029      92   97983  5917494  60.36
2005-2009       20      0.00065  0.00065  0.50   97937      64   97905  5819510  59.42
2005-2009       21      0.00063  0.00063  0.50   97873      61   97843  5721605  58.46
2005-2009       22      0.00130  0.00130  0.50   97812     127   97748  5623762  57.50
2005-2009       23      0.00122  0.00122  0.50   97685     119   97625  5526014  56.57
2005-2009       24      0.00096  0.00096  0.50   97565      93   97518  5428389  55.64
2005-2009       25      0.00115  0.00115  0.50   97472     112   97416  5330871  54.69
2005-2009       26      0.00157  0.00156  0.50   97360     152   97284  5233455  53.75
2005-2009       27      0.00148  0.00148  0.50   97208     144   97136  5136171  52.84
2005-2009       28      0.00171  0.00171  0.50   97064     166   96981  5039035  51.91
2005-2009       29      0.00077  0.00077  0.50   96898      74   96861  4942054  51.00
2005-2009       30      0.00123  0.00123  0.50   96824     119   96764  4845194  50.04
2005-2009       31      0.00192  0.00192  0.50   96705     185   96612  4748429  49.10
2005-2009       32      0.00169  0.00169  0.50   96520     163   96438  4651817  48.20
2005-2009       33      0.00147  0.00146  0.50   96356     141   96286  4555379  47.28
2005-2009       34      0.00078  0.00078  0.50   96215      75   96178  4459093  46.34
2005-2009       35      0.00166  0.00166  0.50   96140     160   96060  4362916  45.38
2005-2009       36      0.00222  0.00222  0.50   95980     213   95874  4266855  44.46
2005-2009       37      0.00057  0.00057  0.50   95767      54   95740  4170982  43.55
2005-2009       38      0.00241  0.00241  0.50   95713     231   95598  4075241  42.58
2005-2009       39      0.00214  0.00214  0.50   95483     204   95381  3979643  41.68
2005-2009       40      0.00247  0.00247  0.50   95279     235   95161  3884262  40.77
2005-2009       41      0.00254  0.00253  0.50   95044     241   94923  3789101  39.87
2005-2009       42      0.00294  0.00294  0.50   94803     279   94664  3694178  38.97
2005-2009       43      0.00271  0.00270  0.50   94524     255   94397  3599514  38.08
2005-2009       44      0.00285  0.00285  0.50   94269     269   94135  3505117  37.18
2005-2009       45      0.00361  0.00360  0.50   94000     339   93831  3410982  36.29
2005-2009       46      0.00324  0.00323  0.50   93662     303   93510  3317151  35.42
2005-2009       47      0.00360  0.00359  0.50   93359     335   93191  3223641  34.53
2005-2009       48      0.00178  0.00177  0.50   93023     165   92941  3130450  33.65
2005-2009       49      0.00392  0.00391  0.50   92858     363   92677  3037509  32.71
2005-2009       50      0.00414  0.00413  0.50   92496     382   92305  2944832  31.84
2005-2009       51      0.00335  0.00335  0.50   92114     308   91959  2852527  30.97
2005-2009       52      0.00418  0.00417  0.50   91805     383   91614  2760568  30.07
2005-2009       53      0.00479  0.00478  0.50   91423     437   91204  2668954  29.19
2005-2009       54      0.00512  0.00511  0.50   90986     465   90753  2577750  28.33
2005-2009       55      0.00472  0.00471  0.50   90521     426   90308  2486996  27.47
2005-2009       56      0.00500  0.00499  0.50   90095     449   89870  2396688  26.60
2005-2009       57      0.00730  0.00727  0.50   89645     652   89319  2306818  25.73
2005-2009       58      0.00656  0.00654  0.50   88993     582   88702  2217499  24.92
2005-2009       59      0.00577  0.00575  0.50   88412     508   88157  2128797  24.08
2005-2009       60      0.00791  0.00788  0.50   87903     693   87557  2040639  23.21
2005-2009       61      0.00708  0.00706  0.50   87210     616   86902  1953083  22.40
2005-2009       62      0.00407  0.00407  0.50   86595     352   86419  1866180  21.55
2005-2009       63      0.00618  0.00617  0.50   86242     532   85977  1779762  20.64
2005-2009       64      0.00760  0.00757  0.50   85711     649   85386  1693785  19.76
2005-2009       65      0.01186  0.01179  0.50   85062    1002   84560  1608399  18.91
2005-2009       66      0.01720  0.01705  0.50   84059    1433   83343  1523839  18.13
2005-2009       67      0.01288  0.01280  0.50   82626    1058   82097  1440496  17.43
2005-2009       68      0.01298  0.01290  0.50   81568    1052   81042  1358399  16.65
2005-2009       69      0.01454  0.01443  0.50   80516    1162   79935  1277356  15.86
2005-2009       70      0.01940  0.01921  0.50   79354    1524   78592  1197421  15.09
2005-2009       71      0.02694  0.02658  0.50   77830    2069   76796  1118829  14.38
2005-2009       72      0.02194  0.02170  0.50   75761    1644   74939  1042033  13.75
2005-2009       73      0.02709  0.02673  0.50   74117    1981   73127   967094  13.05
2005-2009       74      0.03111  0.03063  0.50   72136    2210   71031   893967  12.39
2005-2009       75      0.02943  0.02900  0.50   69926    2028   68912   822936  11.77
2005-2009       76      0.04650  0.04545  0.50   67898    3086   66355   754024  11.11
2005-2009       77      0.03711  0.03644  0.50   64813    2362   63632   687668  10.61
2005-2009       78      0.04320  0.04229  0.50   62451    2641   61130   624037   9.99
2005-2009       79      0.04077  0.03996  0.50   59810    2390   58615   562906   9.41
2005-2009       80      0.05622  0.05468  0.50   57420    3140   55850   504291   8.78
2005-2009       81      0.06262  0.06071  0.50   54280    3296   52632   448441   8.26
2005-2009       82      0.06969  0.06734  0.50   50985    3433   49268   395809   7.76
2005-2009       83      0.07750  0.07461  0.50   47551    3548   45777   346541   7.29
2005-2009       84      0.08610  0.08254  0.50   44004    3632   42187   300763   6.83
2005-2009       85      0.09555  0.09120  0.50   40371    3682   38530   258576   6.40
2005-2009       86      0.10593  0.10060  0.50   36690    3691   34844   220046   6.00
2005-2009       87      0.11728  0.11079  0.50   32999    3656   31171   185201   5.61
2005-2009       88      0.12968  0.12178  0.50   29343    3573   27556   154031   5.25
2005-2009       89      0.14317  0.13361  0.50   25769    3443   24048   126475   4.91
2005-2009       90      0.15782  0.14627  0.50   22326    3266   20693   102427   4.59
2005-2009       91      0.17365  0.15978  0.50   19061    3045   17538    81733   4.29
2005-2009       92      0.19072  0.17411  0.50   16015    2788   14621    64196   4.01
2005-2009       93      0.20904  0.18926  0.50   13227    2503   11975    49575   3.75
2005-2009       94      0.22862  0.20517  0.50   10723    2200    9623    37600   3.51
2005-2009       95      0.24946  0.22179  0.50    8523    1890    7578    27976   3.28
2005-2009       96      0.27152  0.23907  0.50    6633    1586    5840    20398   3.08
2005-2009       97      0.29478  0.25691  0.50    5047    1297    4399    14558   2.88
2005-2009       98      0.31915  0.27523  0.50    3751    1032    3234    10159   2.71
2005-2009       99      0.34455  0.29392  0.50    2718     799    2319     6925   2.55
2005-2009      100      0.37088  0.31286  0.50    1919     600    1619     4606   2.40
2005-2009      101      0.39799  0.33194  0.50    1319     438    1100     2987   2.26
2005-2009      102      0.42574  0.35102  0.50     881     309     726     1887   2.14
2005-2009      103      0.45397  0.36999  0.50     572     212     466     1161   2.03
2005-2009      104      0.48250  0.38872  0.50     360     140     290      695   1.93
2005-2009      105      0.51115  0.40710  0.50     220      90     175      404   1.84
2005-2009      106      0.53972  0.42502  0.50     131      55     103      229   1.75
2005-2009      107      0.56803  0.44239  0.50      75      33      58      126   1.68
2005-2009      108      0.59591  0.45911  0.50      42      19      32       68   1.62
2005-2009      109      0.62317  0.47513  0.50      23      11      17       36   1.57
2005-2009      110+     0.64969  1.00000  1.54      12      12      18       18   1.54
2010-2014        0      0.00729  0.00724  0.13  100000     724   99373  7890707  78.91
2010-2014        1      0.00086  0.00086  0.50   99276      85   99233  7791335  78.48
2010-2014        2      0.00054  0.00054  0.50   99191      54   99164  7692102  77.55
2010-2014        3      0.00044  0.00044  0.50   99137      43   99115  7592938  76.59
2010-2014        4      0.00046  0.00046  0.50   99093      45   99071  7493823  75.62
2010-2014        5      0.00068  0.00068  0.50   99048      67   99015  7394752  74.66
2010-2014        6      0.00046  0.00046  0.50   98981      45   98959  7295737  73.71
2010-2014        7      0.00048  0.00048  0.50   98936      47   98913  7196778  72.74
2010-2014        8      0.00012  0.00012  0.50   98889      12   98883  7097865  71.78
2010-2014        9      0.00072  0.00072  0.50   98878      71   98842  6998982  70.78
2010-2014       10      0.00061  0.00061  0.50   98806      60   98776  6900140  69.83
2010-2014       11      0.00049  0.00049  0.50   98746      48   98722  6801364  68.88
2010-2014       12      0.00087  0.00087  0.50   98698      86   98655  6702642  67.91
2010-2014       13      0.00064  0.00064  0.50   98612      63   98580  6603987  66.97
2010-2014       14      0.00106  0.00106  0.50   98548     104   98496  6505407  66.01
2010-2014       15      0.00108  0.00108  0.50   98444     106   98391  6406910  65.08
2010-2014       16      0.00191  0.00191  0.50   98338     187   98245  6308519  64.15
2010-2014       17      0.00028  0.00027  0.50   98151      27   98137  6210275  63.27
2010-2014       18      0.00175  0.00175  0.50   98124     172   98038  6112137  62.29
2010-2014       19      0.00130  0.00130  0.50   97952     127   97889  6014099  61.40
2010-2014       20      0.00037  0.00037  0.50   97825      36   97807  5916210  60.48
2010-2014       21      0.00120  0.00120  0.50   97789     117   97730  5818403  59.50
2010-2014       22      0.00124  0.00124  0.50   97672     121   97611  5720673  58.57
2010-2014       23      0.00199  0.00198  0.50   97551     194   97454  5623062  57.64
2010-2014       24      0.00068  0.00068  0.50   97357      66   97324  5525608  56.76
2010-2014       25      0.00064  0.00064  0.50   97291      63   97260  5428283  55.79
2010-2014       26      0.00099  0.00099  0.50   97229      96   97181  5331023  54.83
2010-2014       27      0.00081  0.00081  0.50   97133      78   97093  5233843  53.88
2010-2014       28      0.00099  0.00099  0.50   97054      96   97006  5136749  52.93
2010-2014       29      0.00100  0.00100  0.50   96958      97   96910  5039743  51.98
2010-2014       30      0.00120  0.00120  0.50   96861     116   96803  4942833  51.03
2010-2014       31      0.00058  0.00058  0.50   96745      56   96717  4846031  50.09
2010-2014       32      0.00091  0.00091  0.50   96689      88   96645  4749314  49.12
2010-2014       33      0.00095  0.00095  0.50   96601      92   96555  4652669  48.16
2010-2014       34      0.00174  0.00173  0.50   96510     167   96426  4556113  47.21
2010-2014       35      0.00188  0.00187  0.50   96342     181   96252  4459687  46.29
2010-2014       36      0.00167  0.00167  0.50   96162     160   96081  4363436  45.38
2010-2014       37      0.00169  0.00169  0.50   96001     162   95920  4267354  44.45
2010-2014       38      0.00124  0.00124  0.50   95839     119   95780  4171434  43.53
2010-2014       39      0.00193  0.00193  0.50   95720     185   95628  4075654  42.58
2010-2014       40      0.00146  0.00146  0.50   95535     140   95466  3980027  41.66
2010-2014       41      0.00204  0.00203  0.50   95396     194   95299  3884561  40.72
2010-2014       42      0.00252  0.00252  0.50   95202     239   95082  3789262  39.80
2010-2014       43      0.00222  0.00222  0.50   94962     210   94857  3694181  38.90
2010-2014       44      0.00373  0.00372  0.50   94752     353   94575  3599324  37.99
2010-2014       45      0.00261  0.00261  0.50   94399     246   94276  3504749  37.13
2010-2014       46      0.00381  0.00381  0.50   94153     358   93974  3410473  36.22
2010-2014       47      0.00309  0.00308  0.50   93795     289   93650  3316499  35.36
2010-2014       48      0.00325  0.00324  0.50   93505     303   93354  3222849  34.47
2010-2014       49      0.00352  0.00351  0.50   93202     327   93038  3129495  33.58
2010-2014       50      0.00420  0.00419  0.50   92875     390   92680  3036457  32.69
2010-2014       51      0.00519  0.00517  0.50   92485     478   92246  2943777  31.83
2010-2014       52      0.00527  0.00525  0.50   92007     483   91765  2851531  30.99
2010-2014       53      0.00432  0.00431  0.50   91523     394   91326  2759766  30.15
2010-2014       54      0.00431  0.00430  0.50   91129     392   90933  2668440  29.28
2010-2014       55      0.00416  0.00415  0.50   90737     376   90549  2577507  28.41
2010-2014       56      0.00464  0.00463  0.50   90361     419   90152  2486958  27.52
2010-2014       57      0.00421  0.00420  0.50   89942     378   89754  2396806  26.65
2010-2014       58      0.00594  0.00592  0.50   89565     530   89300  2307052  25.76
2010-2014       59      0.00755  0.00752  0.50   89035     669   88700  2217753  24.91
2010-2014       60      0.00593  0.00591  0.50   88365     522   88104  2129053  24.09
2010-2014       61      0.00678  0.00675  0.50   87843     593   87546  2040949  23.23
2010-2014       62      0.01092  0.01086  0.50   87250     947   86776  1953402  22.39
2010-2014       63      0.00965  0.00961  0.50   86302     829   85888  1866626  21.63
2010-2014       64      0.00817  0.00813  0.50   85473     695   85126  1780738  20.83
2010-2014       65      0.00789  0.00786  0.50   84778     666   84445  1695612  20.00
2010-2014       66      0.01309  0.01300  0.50   84112    1094   83565  1611167  19.16
2010-2014       67      0.01005  0.01000  0.50   83018     830   82603  1527602  18.40
2010-2014       68      0.01216  0.01209  0.50   82188     993   81691  1444999  17.58
2010-2014       69      0.01870  0.01853  0.50   81195    1504   80443  1363308  16.79
2010-2014       70      0.01926  0.01908  0.50   79691    1520   78930  1282865  16.10
2010-2014       71      0.01697  0.01682  0.50   78170    1315   77513  1203935  15.40
2010-2014       72      0.02195  0.02171  0.50   76855    1669   76021  1126422  14.66
2010-2014       73      0.01788  0.01772  0.50   75186    1332   74520  1050401  13.97
2010-2014       74      0.03050  0.03005  0.50   73854    2219   72745   975881  13.21
2010-2014       75      0.03152  0.03103  0.50   71635    2223   70524   903136  12.61
2010-2014       76      0.03185  0.03135  0.50   69412    2176   68324   832612  12.00
2010-2014       77      0.04128  0.04044  0.50   67236    2719   65877   764288  11.37
2010-2014       78      0.03335  0.03280  0.50   64517    2116   63459   698411  10.83
2010-2014       79      0.01882  0.01865  0.50   62401    1164   61819   634952  10.18
2010-2014       80      0.04496  0.04397  0.50   61237    2692   59891   573133   9.36
2010-2014       81      0.05099  0.04973  0.50   58545    2911   57089   513242   8.77
2010-2014       82      0.05779  0.05617  0.50   55633    3125   54071   456153   8.20
2010-2014       83      0.06543  0.06336  0.50   52509    3327   50845   402082   7.66
2010-2014       84      0.07401  0.07137  0.50   49182    3510   47427   351237   7.14
2010-2014       85      0.08360  0.08025  0.50   45672    3665   43839   303811   6.65
2010-2014       86      0.09432  0.09007  0.50   42006    3784   40115   259972   6.19
2010-2014       87      0.10625  0.10089  0.50   38223    3856   36295   219857   5.75
2010-2014       88      0.11948  0.11275  0.50   34367    3875   32429   183562   5.34
2010-2014       89      0.13412  0.12569  0.50   30492    3833   28576   151133   4.96
2010-2014       90      0.15025  0.13975  0.50   26659    3726   24796   122557   4.60
2010-2014       91      0.16794  0.15493  0.50   22934    3553   21157    97761   4.26
2010-2014       92      0.18725  0.17122  0.50   19380    3318   17721    76604   3.95
2010-2014       93      0.20823  0.18860  0.50   16062    3029   14547    58883   3.67
2010-2014       94      0.23089  0.20700  0.50   13033    2698   11684    44335   3.40
2010-2014       95      0.25523  0.22634  0.50   10335    2339    9165    32651   3.16
2010-2014       96      0.28119  0.24653  0.50    7996    1971    7010    23486   2.94
2010-2014       97      0.30869  0.26742  0.50    6025    1611    5219    16476   2.73
2010-2014       98      0.33763  0.28886  0.50    4414    1275    3776    11257   2.55
2010-2014       99      0.36783  0.31069  0.50    3139     975    2651     7481   2.38
2010-2014      100      0.39910  0.33271  0.50    2163     720    1804     4830   2.23
2010-2014      101      0.43122  0.35474  0.50    1444     512    1188     3026   2.10
2010-2014      102      0.46393  0.37658  0.50     932     351     756     1839   1.97
2010-2014      103      0.49695  0.39805  0.50     581     231     465     1082   1.86
2010-2014      104      0.53000  0.41898  0.50     350     146     276      617   1.77
2010-2014      105      0.56279  0.43920  0.50     203      89     159      341   1.68
2010-2014      106      0.59504  0.45860  0.50     114      52      88      182   1.60
2010-2014      107      0.62649  0.47706  0.50      62      29      47       95   1.53
2010-2014      108      0.65691  0.49449  0.50      32      16      24       48   1.48
2010-2014      109      0.68608  0.51084  0.50      16       8      12       23   1.43
2010-2014      110+     0.71386  1.00000  1.40       8       8      11       11   1.40
2015-2019        0      0.00763  0.00758  0.13  100000     758   99343  7981384  79.81
2015-2019        1      0.00087  0.00087  0.50   99242      86   99199  7882041  79.42
2015-2019        2      0.00120  0.00120  0.50   99156     119   99096  7782842  78.49
2015-2019        3      0.00054  0.00054  0.50   99037      53   99010  7683746  77.58
2015-2019        4      0.00000  0.00000  0.50   98984       0   98984  7584736  76.63
2015-2019        5      0.00000  0.00000  0.50   98984       0   98984  7485752  75.63
2015-2019        6      0.00044  0.00044  0.50   98984      44   98962  7386769  74.63
2015-2019        7      0.00033  0.00033  0.50   98940      33   98923  7287807  73.66
2015-2019        8      0.00000  0.00000  0.50   98907       0   98907  7188884  72.68
2015-2019        9      0.00000  0.00000  0.50   98907       0   98907  7089977  71.68
2015-2019       10      0.00000  0.00000  0.50   98907       0   98907  6991070  70.68
2015-2019       11      0.00037  0.00037  0.50   98907      37   98889  6892163  69.68
2015-2019       12      0.00038  0.00038  0.50   98870      37   98852  6793274  68.71
2015-2019       13      0.00051  0.00051  0.50   98833      51   98807  6694423  67.73
2015-2019       14      0.00052  0.00052  0.50   98782      52   98756  6595615  66.77
2015-2019       15      0.00080  0.00080  0.50   98730      79   98691  6496859  65.80
2015-2019       16      0.00055  0.00055  0.50   98651      54   98624  6398168  64.86
2015-2019       17      0.00141  0.00140  0.50   98598     138   98528  6299544  63.89
2015-2019       18      0.00029  0.00029  0.50   98459      29   98445  6201016  62.98
2015-2019       19      0.00144  0.00144  0.50   98431     141   98360  6102571  62.00
2015-2019       20      0.00097  0.00097  0.50   98289      95   98242  6004211  61.09
2015-2019       21      0.00090  0.00090  0.50   98194      88   98150  5905969  60.15
2015-2019       22      0.00047  0.00047  0.50   98106      46   98083  5807819  59.20
2015-2019       23      0.00075  0.00075  0.50   98060      74   98023  5709736  58.23
2015-2019       24      0.00030  0.00030  0.50   97986      29   97971  5611714  57.27
2015-2019       25      0.00100  0.00100  0.50   97957      98   97908  5513742  56.29
2015-2019       26      0.00087  0.00087  0.50   97859      85   97816  5415835  55.34
2015-2019       27      0.00117  0.00117  0.50   97774     115   97716  5318019  54.39
2015-2019       28      0.00057  0.00057  0.50   97659      56   97631  5220302  53.45
2015-2019       29      0.00115  0.00115  0.50   97603     112   97547  5122671  52.48
2015-2019       30      0.00074  0.00074  0.50   97491      72   97455  5025124  51.54
2015-2019       31      0.00100  0.00100  0.50   97419      97   97371  4927669  50.58
2015-2019       32      0.00146  0.00146  0.50   97322     142   97251  4830298  49.63
2015-2019       33      0.00132  0.00132  0.50   97180     128   97116  4733047  48.70
2015-2019       34      0.00136  0.00136  0.50   97052     132   96986  4635931  47.77
2015-2019       35      0.00144  0.00143  0.50   96920     139   96851  4538945  46.83
2015-2019       36      0.00199  0.00199  0.50   96781     193   96685  4442094  45.90
2015-2019       37      0.00186  0.00186  0.50   96588     179   96499  4345410  44.99
2015-2019       38      0.00140  0.00140  0.50   96409     135   96342  4248911  44.07
2015-2019       39      0.00154  0.00154  0.50   96274     149   96200  4152569  43.13
2015-2019       40      0.00181  0.00180  0.50   96126     173   96039  4056369  42.20
2015-2019       41      0.00176  0.00176  0.50   95953     169   95868  3960330  41.27
2015-2019       42      0.00214  0.00214  0.50   95784     205   95681  3864461  40.35
2015-2019       43      0.00257  0.00256  0.50   95579     245   95456  3768780  39.43
2015-2019       44      0.00060  0.00060  0.50   95334      57   95305  3673324  38.53
2015-2019       45      0.00321  0.00320  0.50   95277     305   95125  3578018  37.55
2015-2019       46      0.00191  0.00191  0.50   94972     181   94882  3482894  36.67
2015-2019       47      0.00392  0.00391  0.50   94791     371   94606  3388012  35.74
2015-2019       48      0.00277  0.00276  0.50   94420     261   94290  3293406  34.88
2015-2019       49      0.00421  0.00420  0.50   94159     395   93962  3199117  33.98
2015-2019       50      0.00279  0.00279  0.50   93764     261   93633  3105155  33.12
2015-2019       51      0.00449  0.00448  0.50   93503     419   93293  3011522  32.21
2015-2019       52      0.00451  0.00450  0.50   93084     418   92875  2918228  31.35
2015-2019       53      0.00483  0.00482  0.50   92665     447   92442  2825354  30.49
2015-2019       54      0.00453  0.00452  0.50   92219     416   92011  2732911  29.64
2015-2019       55      0.00350  0.00350  0.50   91802     321   91642  2640901  28.77
2015-2019       56      0.00472  0.00471  0.50   91481     431   91266  2549259  27.87
2015-2019       57      0.00458  0.00457  0.50   91050     416   90842  2457993  27.00
2015-2019       58      0.00796  0.00793  0.50   90635     719   90275  2367151  26.12
2015-2019       59      0.00717  0.00714  0.50   89916     642   89595  2276876  25.32
2015-2019       60      0.00832  0.00829  0.50   89274     740   88904  2187281  24.50
2015-2019       61      0.00791  0.00788  0.50   88534     698   88185  2098377  23.70
2015-2019       62      0.00697  0.00695  0.50   87836     610   87531  2010193  22.89
2015-2019       63      0.00999  0.00995  0.50   87226     867   86792  1922662  22.04
2015-2019       64      0.00882  0.00878  0.50   86358     758   85979  1835870  21.26
2015-2019       65      0.01144  0.01138  0.50   85600     974   85113  1749891  20.44
2015-2019       66      0.01206  0.01198  0.50   84626    1014   84119  1664778  19.67
2015-2019       67      0.01347  0.01338  0.50   83612    1118   83053  1580659  18.90
2015-2019       68      0.01107  0.01101  0.50   82494     908   82039  1497606  18.15
2015-2019       69      0.01241  0.01234  0.50   81585    1007   81082  1415567  17.35
2015-2019       70      0.02095  0.02073  0.50   80579    1670   79743  1334485  16.56
2015-2019       71      0.01446  0.01436  0.50   78908    1133   78342  1254741  15.90
2015-2019       72      0.01586  0.01573  0.50   77775    1224   77164  1176400  15.13
2015-2019       73      0.01780  0.01765  0.50   76552    1351   75876  1099236  14.36
2015-2019       74      0.02019  0.01999  0.50   75201    1503   74449  1023360  13.61
2015-2019       75      0.02777  0.02739  0.50   73698    2019   72688   948911  12.88
2015-2019       76      0.02916  0.02874  0.50   71679    2060   70649   876223  12.22
2015-2019       77      0.03014  0.02969  0.50   69619    2067   68585   805574  11.57
2015-2019       78      0.02533  0.02502  0.50   67552    1690   66707   736988  10.91
2015-2019       79      0.03450  0.03391  0.50   65862    2234   64745   670282  10.18
2015-2019       80      0.04563  0.04461  0.50   63628    2839   62209   605537   9.52
2015-2019       81      0.05138  0.05009  0.50   60789    3045   59267   543328   8.94
2015-2019       82      0.05781  0.05618  0.50   57744    3244   56122   484062   8.38
2015-2019       83      0.06499  0.06294  0.50   54500    3430   52785   427940   7.85
2015-2019       84      0.07298  0.07042  0.50   51070    3596   49272   375155   7.35
2015-2019       85      0.08188  0.07866  0.50   47473    3734   45606   325883   6.86
2015-2019       86      0.09176  0.08773  0.50   43739    3837   41820   280277   6.41
2015-2019       87      0.10269  0.09767  0.50   39902    3897   37953   238457   5.98
2015-2019       88      0.11476  0.10853  0.50   36004    3908   34051   200503   5.57
2015-2019       89      0.12805  0.12034  0.50   32097    3863   30165   166453   5.19
2015-2019       90      0.14262  0.13313  0.50   28234    3759   26355   136287   4.83
2015-2019       91      0.15856  0.14691  0.50   24475    3596   22677   109933   4.49
2015-2019       92      0.17591  0.16169  0.50   20880    3376   19192    87255   4.18
2015-2019       93      0.19472  0.17744  0.50   17504    3106   15951    68063   3.89
2015-2019       94      0.21502  0.19414  0.50   14398    2795   13000    52113   3.62
2015-2019       95      0.23680  0.21173  0.50   11603    2457   10374    39113   3.37
2015-2019       96      0.26007  0.23014  0.50    9146    2105    8093    28738   3.14
2015-2019       97      0.28477  0.24928  0.50    7041    1755    6163    20645   2.93
2015-2019       98      0.31083  0.26902  0.50    5286    1422    4575    14482   2.74
2015-2019       99      0.33814  0.28924  0.50    3864    1118    3305     9907   2.56
2015-2019      100      0.36658  0.30980  0.50    2746     851    2321     6602   2.40
2015-2019      101      0.39599  0.33054  0.50    1895     627    1582     4281   2.26
2015-2019      102      0.42616  0.35130  0.50    1269     446    1046     2699   2.13
2015-2019      103      0.45689  0.37193  0.50     823     306     670     1653   2.01
2015-2019      104      0.48795  0.39225  0.50     517     203     416      983   1.90
2015-2019      105      0.51911  0.41214  0.50     314     129     249      567   1.80
2015-2019      106      0.55012  0.43145  0.50     185      80     145      317   1.72
2015-2019      107      0.58075  0.45006  0.50     105      47      81      173   1.64
2015-2019      108      0.61076  0.46788  0.50      58      27      44       91   1.58
2015-2019      109      0.63996  0.48483  0.50      31      15      23       47   1.53
2015-2019      110+     0.66816  1.00000  1.50      16      16      24       24   1.50
