NT, Life tables (period 1x10), Males	Last modified: 02 Jul 2018;  Methods Protocol: v6 (2017)

  Year          Age         mx       qx    ax      lx      dx      Lx       Tx     ex
1971-1979        0      0.03797  0.03679  0.15  100000    3679   96881  6277765  62.78
1971-1979        1      0.00585  0.00584  0.50   96321     562   96040  6180884  64.17
1971-1979        2      0.00219  0.00219  0.50   95759     210   95654  6084844  63.54
1971-1979        3      0.00197  0.00197  0.50   95549     188   95455  5989190  62.68
1971-1979        4      0.00124  0.00124  0.50   95361     118   95302  5893735  61.80
1971-1979        5      0.00209  0.00209  0.50   95243     199   95144  5798433  60.88
1971-1979        6      0.00163  0.00163  0.50   95044     155   94967  5703289  60.01
1971-1979        7      0.00089  0.00089  0.50   94889      84   94847  5608322  59.10
1971-1979        8      0.00047  0.00047  0.50   94805      44   94783  5513475  58.16
1971-1979        9      0.00059  0.00059  0.50   94761      56   94732  5418692  57.18
1971-1979       10      0.00084  0.00084  0.50   94704      80   94665  5323960  56.22
1971-1979       11      0.00187  0.00187  0.50   94625     177   94536  5229295  55.26
1971-1979       12      0.00105  0.00105  0.50   94448      99   94398  5134759  54.37
1971-1979       13      0.00236  0.00235  0.50   94348     222   94237  5040361  53.42
1971-1979       14      0.00276  0.00275  0.50   94126     259   93997  4946124  52.55
1971-1979       15      0.00259  0.00259  0.50   93867     243   93746  4852128  51.69
1971-1979       16      0.00167  0.00167  0.50   93624     156   93546  4758382  50.82
1971-1979       17      0.00293  0.00293  0.50   93468     274   93331  4664836  49.91
1971-1979       18      0.00360  0.00359  0.50   93194     335   93027  4571505  49.05
1971-1979       19      0.00322  0.00322  0.50   92859     299   92710  4478478  48.23
1971-1979       20      0.00236  0.00235  0.50   92561     218   92452  4385768  47.38
1971-1979       21      0.00174  0.00173  0.50   92343     160   92263  4293317  46.49
1971-1979       22      0.00356  0.00356  0.50   92183     328   92019  4201054  45.57
1971-1979       23      0.00291  0.00290  0.50   91855     267   91722  4109035  44.73
1971-1979       24      0.00261  0.00261  0.50   91588     239   91469  4017313  43.86
1971-1979       25      0.00221  0.00220  0.50   91349     201   91248  3925844  42.98
1971-1979       26      0.00194  0.00194  0.50   91148     177   91059  3834596  42.07
1971-1979       27      0.00277  0.00277  0.50   90971     252   90845  3743537  41.15
1971-1979       28      0.00300  0.00300  0.50   90719     272   90583  3652692  40.26
1971-1979       29      0.00250  0.00250  0.50   90447     226   90335  3562108  39.38
1971-1979       30      0.00305  0.00304  0.50   90222     275   90084  3471774  38.48
1971-1979       31      0.00252  0.00252  0.50   89947     227   89834  3381689  37.60
1971-1979       32      0.00334  0.00333  0.50   89720     299   89571  3291855  36.69
1971-1979       33      0.00354  0.00354  0.50   89421     316   89263  3202284  35.81
1971-1979       34      0.00390  0.00389  0.50   89105     347   88932  3113021  34.94
1971-1979       35      0.00488  0.00487  0.50   88758     432   88542  3024089  34.07
1971-1979       36      0.00389  0.00388  0.50   88326     343   88155  2935547  33.24
1971-1979       37      0.00463  0.00462  0.50   87984     407   87780  2847392  32.36
1971-1979       38      0.00453  0.00452  0.50   87577     396   87379  2759612  31.51
1971-1979       39      0.00651  0.00648  0.50   87181     565   86899  2672233  30.65
1971-1979       40      0.00574  0.00572  0.50   86616     495   86368  2585334  29.85
1971-1979       41      0.00639  0.00637  0.50   86121     549   85846  2498966  29.02
1971-1979       42      0.00603  0.00601  0.50   85572     515   85314  2413120  28.20
1971-1979       43      0.00705  0.00703  0.50   85057     598   84758  2327805  27.37
1971-1979       44      0.00863  0.00859  0.50   84459     726   84096  2243047  26.56
1971-1979       45      0.01083  0.01077  0.50   83733     902   83282  2158951  25.78
1971-1979       46      0.01148  0.01141  0.50   82831     945   82359  2075668  25.06
1971-1979       47      0.01391  0.01382  0.50   81886    1131   81320  1993310  24.34
1971-1979       48      0.00954  0.00949  0.50   80755     766   80371  1911989  23.68
1971-1979       49      0.01067  0.01062  0.50   79988     849   79564  1831618  22.90
1971-1979       50      0.01388  0.01379  0.50   79139    1091   78594  1752054  22.14
1971-1979       51      0.00992  0.00987  0.50   78048     770   77663  1673461  21.44
1971-1979       52      0.01481  0.01470  0.50   77278    1136   76710  1595798  20.65
1971-1979       53      0.01756  0.01740  0.50   76142    1325   75479  1519088  19.95
1971-1979       54      0.02198  0.02174  0.50   74817    1626   74003  1443609  19.30
1971-1979       55      0.02062  0.02041  0.50   73190    1494   72443  1369606  18.71
1971-1979       56      0.02042  0.02022  0.50   71696    1449   70971  1297163  18.09
1971-1979       57      0.02067  0.02046  0.50   70247    1437   69528  1226191  17.46
1971-1979       58      0.01919  0.01901  0.50   68810    1308   68156  1156663  16.81
1971-1979       59      0.02507  0.02476  0.50   67502    1671   66666  1088508  16.13
1971-1979       60      0.03058  0.03012  0.50   65830    1983   64839  1021842  15.52
1971-1979       61      0.02617  0.02583  0.50   63847    1649   63023   957003  14.99
1971-1979       62      0.02198  0.02174  0.50   62198    1352   61522   893980  14.37
1971-1979       63      0.03405  0.03348  0.50   60846    2037   59827   832458  13.68
1971-1979       64      0.03572  0.03510  0.50   58809    2064   57777   772631  13.14
1971-1979       65      0.03361  0.03306  0.50   56745    1876   55807   714854  12.60
1971-1979       66      0.03248  0.03196  0.50   54869    1754   53992   659048  12.01
1971-1979       67      0.03455  0.03396  0.50   53115    1804   52213   605056  11.39
1971-1979       68      0.04800  0.04687  0.50   51311    2405   50109   552843  10.77
1971-1979       69      0.03312  0.03258  0.50   48906    1593   48109   502734  10.28
1971-1979       70      0.07080  0.06838  0.50   47313    3235   45695   454625   9.61
1971-1979       71      0.04799  0.04686  0.50   44077    2066   43044   408930   9.28
1971-1979       72      0.08018  0.07709  0.50   42012    3239   40392   365885   8.71
1971-1979       73      0.08895  0.08516  0.50   38773    3302   37122   325493   8.39
1971-1979       74      0.09259  0.08849  0.50   35471    3139   33902   288371   8.13
1971-1979       75      0.11570  0.10937  0.50   32332    3536   30564   254469   7.87
1971-1979       76      0.12201  0.11500  0.50   28796    3311   27140   223905   7.78
1971-1979       77      0.09868  0.09404  0.50   25484    2396   24286   196765   7.72
1971-1979       78      0.16475  0.15221  0.50   23088    3514   21331   172479   7.47
1971-1979       79      0.09130  0.08731  0.50   19574    1709   18719   151148   7.72
1971-1979       80      0.08256  0.07928  0.50   17865    1416   17156   132429   7.41
1971-1979       81      0.09007  0.08619  0.50   16448    1418   15739   115272   7.01
1971-1979       82      0.09819  0.09359  0.50   15031    1407   14327    99533   6.62
1971-1979       83      0.10695  0.10152  0.50   13624    1383   12932    85206   6.25
1971-1979       84      0.11640  0.11000  0.50   12241    1346   11568    72273   5.90
1971-1979       85      0.12656  0.11903  0.50   10894    1297   10246    60706   5.57
1971-1979       86      0.13747  0.12863  0.50    9598    1235    8980    50460   5.26
1971-1979       87      0.14917  0.13881  0.50    8363    1161    7783    41480   4.96
1971-1979       88      0.16167  0.14958  0.50    7202    1077    6663    33697   4.68
1971-1979       89      0.17500  0.16092  0.50    6125     986    5632    27033   4.41
1971-1979       90      0.18918  0.17283  0.50    5139     888    4695    21401   4.16
1971-1979       91      0.20423  0.18531  0.50    4251     788    3857    16706   3.93
1971-1979       92      0.22015  0.19832  0.50    3463     687    3120    12849   3.71
1971-1979       93      0.23695  0.21185  0.50    2776     588    2482     9729   3.50
1971-1979       94      0.25460  0.22585  0.50    2188     494    1941     7247   3.31
1971-1979       95      0.27310  0.24029  0.50    1694     407    1490     5306   3.13
1971-1979       96      0.29242  0.25512  0.50    1287     328    1123     3815   2.96
1971-1979       97      0.31252  0.27028  0.50     959     259     829     2693   2.81
1971-1979       98      0.33334  0.28572  0.50     700     200     600     1863   2.66
1971-1979       99      0.35484  0.30137  0.50     500     151     424     1264   2.53
1971-1979      100      0.37694  0.31716  0.50     349     111     294      839   2.40
1971-1979      101      0.39956  0.33303  0.50     238      79     199      546   2.29
1971-1979      102      0.42263  0.34890  0.50     159      55     131      347   2.18
1971-1979      103      0.44603  0.36470  0.50     104      38      85      216   2.08
1971-1979      104      0.46967  0.38035  0.50      66      25      53      131   1.99
1971-1979      105      0.49346  0.39580  0.50      41      16      33       78   1.91
1971-1979      106      0.51727  0.41098  0.50      25      10      20       45   1.84
1971-1979      107      0.54100  0.42582  0.50      15       6      11       26   1.77
1971-1979      108      0.56455  0.44027  0.50       8       4       6       14   1.71
1971-1979      109      0.58781  0.45429  0.50       5       2       4        8   1.67
1971-1979      110+     0.61069  1.00000  1.64       3       3       4        4   1.64
1980-1989        0      0.01837  0.01808  0.11  100000    1808   98396  6679217  66.79
1980-1989        1      0.00268  0.00268  0.50   98192     263   98061  6580821  67.02
1980-1989        2      0.00143  0.00143  0.50   97929     140   97859  6482760  66.20
1980-1989        3      0.00137  0.00137  0.50   97789     134   97722  6384901  65.29
1980-1989        4      0.00085  0.00085  0.50   97655      83   97613  6287179  64.38
1980-1989        5      0.00033  0.00033  0.50   97572      32   97556  6189565  63.44
1980-1989        6      0.00066  0.00066  0.50   97540      64   97508  6092009  62.46
1980-1989        7      0.00113  0.00113  0.50   97476     110   97421  5994501  61.50
1980-1989        8      0.00106  0.00106  0.50   97366     103   97315  5897080  60.57
1980-1989        9      0.00033  0.00033  0.50   97263      32   97247  5799765  59.63
1980-1989       10      0.00147  0.00147  0.50   97231     143   97159  5702518  58.65
1980-1989       11      0.00170  0.00170  0.50   97088     165   97005  5605359  57.73
1980-1989       12      0.00147  0.00146  0.50   96923     142   96852  5508353  56.83
1980-1989       13      0.00094  0.00094  0.50   96781      91   96735  5411502  55.92
1980-1989       14      0.00128  0.00128  0.50   96690     123   96628  5314767  54.97
1980-1989       15      0.00070  0.00070  0.50   96566      67   96532  5218139  54.04
1980-1989       16      0.00213  0.00213  0.50   96499     205   96396  5121606  53.07
1980-1989       17      0.00244  0.00244  0.50   96294     235   96176  5025210  52.19
1980-1989       18      0.00291  0.00290  0.50   96059     279   95919  4929034  51.31
1980-1989       19      0.00338  0.00338  0.50   95780     324   95618  4833115  50.46
1980-1989       20      0.00310  0.00310  0.50   95456     296   95308  4737497  49.63
1980-1989       21      0.00332  0.00332  0.50   95160     316   95003  4642188  48.78
1980-1989       22      0.00277  0.00276  0.50   94845     262   94714  4547186  47.94
1980-1989       23      0.00261  0.00261  0.50   94583     246   94459  4452472  47.07
1980-1989       24      0.00290  0.00290  0.50   94336     273   94200  4358013  46.20
1980-1989       25      0.00265  0.00264  0.50   94063     249   93939  4263813  45.33
1980-1989       26      0.00258  0.00258  0.50   93814     242   93693  4169874  44.45
1980-1989       27      0.00343  0.00342  0.50   93572     320   93412  4076181  43.56
1980-1989       28      0.00282  0.00282  0.50   93252     263   93121  3982769  42.71
1980-1989       29      0.00344  0.00344  0.50   92989     320   92830  3889648  41.83
1980-1989       30      0.00314  0.00314  0.50   92670     291   92524  3796818  40.97
1980-1989       31      0.00211  0.00211  0.50   92379     195   92281  3704294  40.10
1980-1989       32      0.00291  0.00291  0.50   92184     268   92050  3612013  39.18
1980-1989       33      0.00391  0.00390  0.50   91916     359   91736  3519963  38.30
1980-1989       34      0.00326  0.00326  0.50   91557     298   91408  3428227  37.44
1980-1989       35      0.00291  0.00291  0.50   91259     265   91126  3336819  36.56
1980-1989       36      0.00269  0.00269  0.50   90993     245   90871  3245693  35.67
1980-1989       37      0.00365  0.00365  0.50   90749     331   90583  3154822  34.76
1980-1989       38      0.00398  0.00397  0.50   90418     359   90238  3064238  33.89
1980-1989       39      0.00369  0.00369  0.50   90059     332   89893  2974000  33.02
1980-1989       40      0.00472  0.00471  0.50   89727     422   89516  2884107  32.14
1980-1989       41      0.00198  0.00198  0.50   89305     177   89216  2794591  31.29
1980-1989       42      0.00528  0.00526  0.50   89128     469   88893  2705375  30.35
1980-1989       43      0.00455  0.00454  0.50   88659     403   88457  2616482  29.51
1980-1989       44      0.00477  0.00476  0.50   88256     420   88046  2528025  28.64
1980-1989       45      0.00694  0.00692  0.50   87836     608   87532  2439979  27.78
1980-1989       46      0.00639  0.00637  0.50   87229     556   86951  2352446  26.97
1980-1989       47      0.00776  0.00773  0.50   86673     670   86338  2265496  26.14
1980-1989       48      0.00994  0.00989  0.50   86003     851   85578  2179158  25.34
1980-1989       49      0.00646  0.00644  0.50   85152     548   84878  2093580  24.59
1980-1989       50      0.01434  0.01424  0.50   84604    1205   84002  2008702  23.74
1980-1989       51      0.01066  0.01060  0.50   83399     884   82957  1924700  23.08
1980-1989       52      0.01202  0.01195  0.50   82515     986   82022  1841743  22.32
1980-1989       53      0.01275  0.01267  0.50   81529    1033   81013  1759721  21.58
1980-1989       54      0.01582  0.01570  0.50   80496    1264   79864  1678709  20.85
1980-1989       55      0.02056  0.02035  0.50   79233    1612   78426  1598844  20.18
1980-1989       56      0.01673  0.01659  0.50   77620    1288   76976  1520418  19.59
1980-1989       57      0.01808  0.01791  0.50   76333    1367   75649  1443442  18.91
1980-1989       58      0.01998  0.01978  0.50   74965    1483   74224  1367793  18.25
1980-1989       59      0.02164  0.02141  0.50   73482    1573   72696  1293569  17.60
1980-1989       60      0.02475  0.02445  0.50   71909    1758   71030  1220873  16.98
1980-1989       61      0.02307  0.02280  0.50   70151    1600   69351  1149843  16.39
1980-1989       62      0.02972  0.02929  0.50   68551    2008   67547  1080492  15.76
1980-1989       63      0.02526  0.02495  0.50   66544    1660   65714  1012945  15.22
1980-1989       64      0.03027  0.02982  0.50   64884    1935   63916   947231  14.60
1980-1989       65      0.02846  0.02806  0.50   62949    1766   62066   883315  14.03
1980-1989       66      0.03407  0.03350  0.50   61183    2049   60158   821249  13.42
1980-1989       67      0.03689  0.03622  0.50   59133    2142   58062   761091  12.87
1980-1989       68      0.04968  0.04847  0.50   56991    2763   55610   703029  12.34
1980-1989       69      0.04366  0.04273  0.50   54229    2317   53070   647419  11.94
1980-1989       70      0.04520  0.04420  0.50   51912    2295   50765   594349  11.45
1980-1989       71      0.05256  0.05121  0.50   49617    2541   48347   543584  10.96
1980-1989       72      0.05488  0.05342  0.50   47076    2515   45819   495237  10.52
1980-1989       73      0.05565  0.05415  0.50   44562    2413   43355   449418  10.09
1980-1989       74      0.06469  0.06266  0.50   42149    2641   40828   406063   9.63
1980-1989       75      0.06610  0.06398  0.50   39507    2528   38244   365235   9.24
1980-1989       76      0.09508  0.09076  0.50   36980    3356   35301   326992   8.84
1980-1989       77      0.09186  0.08783  0.50   33623    2953   32147   291690   8.68
1980-1989       78      0.07900  0.07600  0.50   30670    2331   29505   259543   8.46
1980-1989       79      0.09233  0.08825  0.50   28339    2501   27089   230039   8.12
1980-1989       80      0.08270  0.07942  0.50   25838    2052   24812   202950   7.85
1980-1989       81      0.08875  0.08498  0.50   23786    2021   22776   178138   7.49
1980-1989       82      0.09518  0.09086  0.50   21765    1978   20776   155362   7.14
1980-1989       83      0.10204  0.09709  0.50   19787    1921   18827   134586   6.80
1980-1989       84      0.10933  0.10366  0.50   17866    1852   16940   115759   6.48
1980-1989       85      0.11707  0.11059  0.50   16014    1771   15129    98818   6.17
1980-1989       86      0.12528  0.11789  0.50   14243    1679   13404    83690   5.88
1980-1989       87      0.13398  0.12557  0.50   12564    1578   11775    70286   5.59
1980-1989       88      0.14318  0.13362  0.50   10986    1468   10252    58511   5.33
1980-1989       89      0.15291  0.14205  0.50    9518    1352    8842    48258   5.07
1980-1989       90      0.16317  0.15086  0.50    8166    1232    7550    39416   4.83
1980-1989       91      0.17398  0.16006  0.50    6934    1110    6379    31866   4.60
1980-1989       92      0.18535  0.16963  0.50    5824     988    5330    25486   4.38
1980-1989       93      0.19728  0.17956  0.50    4836     868    4402    20156   4.17
1980-1989       94      0.20978  0.18986  0.50    3968     753    3591    15754   3.97
1980-1989       95      0.22285  0.20051  0.50    3215     645    2892    12162   3.78
1980-1989       96      0.23649  0.21149  0.50    2570     544    2298     9270   3.61
1980-1989       97      0.25070  0.22278  0.50    2027     451    1801     6972   3.44
1980-1989       98      0.26547  0.23436  0.50    1575     369    1390     5171   3.28
1980-1989       99      0.28078  0.24622  0.50    1206     297    1057     3781   3.13
1980-1989      100      0.29662  0.25831  0.50     909     235     792     2723   3.00
1980-1989      101      0.31296  0.27062  0.50     674     182     583     1931   2.86
1980-1989      102      0.32978  0.28310  0.50     492     139     422     1348   2.74
1980-1989      103      0.34705  0.29573  0.50     353     104     300      926   2.63
1980-1989      104      0.36473  0.30847  0.50     248      77     210      626   2.52
1980-1989      105      0.38278  0.32129  0.50     172      55     144      416   2.42
1980-1989      106      0.40116  0.33414  0.50     117      39      97      272   2.33
1980-1989      107      0.41983  0.34699  0.50      78      27      64      175   2.25
1980-1989      108      0.43872  0.35980  0.50      51      18      42      111   2.18
1980-1989      109      0.45780  0.37253  0.50      32      12      26       69   2.13
1980-1989      110+     0.47700  1.00000  2.10      20      20      43       43   2.10
1990-1999        0      0.01336  0.01321  0.12  100000    1321   98841  6965968  69.66
1990-1999        1      0.00172  0.00172  0.50   98679     169   98594  6867127  69.59
1990-1999        2      0.00106  0.00106  0.50   98510     104   98458  6768532  68.71
1990-1999        3      0.00050  0.00050  0.50   98405      49   98381  6670075  67.78
1990-1999        4      0.00056  0.00056  0.50   98356      55   98328  6571694  66.82
1990-1999        5      0.00085  0.00085  0.50   98301      84   98259  6473366  65.85
1990-1999        6      0.00035  0.00035  0.50   98217      34   98200  6375107  64.91
1990-1999        7      0.00018  0.00018  0.50   98183      17   98175  6276907  63.93
1990-1999        8      0.00078  0.00077  0.50   98166      76   98128  6178732  62.94
1990-1999        9      0.00080  0.00080  0.50   98090      78   98051  6080604  61.99
1990-1999       10      0.00087  0.00087  0.50   98012      85   97969  5982554  61.04
1990-1999       11      0.00057  0.00057  0.50   97926      56   97898  5884585  60.09
1990-1999       12      0.00039  0.00039  0.50   97870      38   97851  5786687  59.13
1990-1999       13      0.00040  0.00040  0.50   97832      39   97813  5688835  58.15
1990-1999       14      0.00122  0.00122  0.50   97793     119   97733  5591023  57.17
1990-1999       15      0.00152  0.00152  0.50   97674     149   97599  5493289  56.24
1990-1999       16      0.00139  0.00139  0.50   97525     136   97457  5395690  55.33
1990-1999       17      0.00132  0.00132  0.50   97389     128   97325  5298233  54.40
1990-1999       18      0.00189  0.00188  0.50   97261     183   97170  5200908  53.47
1990-1999       19      0.00191  0.00191  0.50   97078     185   96985  5103738  52.57
1990-1999       20      0.00235  0.00235  0.50   96893     227   96779  5006753  51.67
1990-1999       21      0.00170  0.00170  0.50   96665     164   96583  4909974  50.79
1990-1999       22      0.00311  0.00311  0.50   96501     300   96351  4813390  49.88
1990-1999       23      0.00263  0.00263  0.50   96202     253   96075  4717039  49.03
1990-1999       24      0.00224  0.00224  0.50   95949     215   95841  4620964  48.16
1990-1999       25      0.00278  0.00278  0.50   95734     266   95601  4525123  47.27
1990-1999       26      0.00297  0.00297  0.50   95468     283   95327  4429522  46.40
1990-1999       27      0.00309  0.00308  0.50   95185     293   95038  4334195  45.53
1990-1999       28      0.00283  0.00283  0.50   94892     269   94757  4239157  44.67
1990-1999       29      0.00244  0.00244  0.50   94623     231   94508  4144399  43.80
1990-1999       30      0.00328  0.00328  0.50   94393     309   94238  4049891  42.90
1990-1999       31      0.00202  0.00202  0.50   94083     190   93988  3955654  42.04
1990-1999       32      0.00256  0.00255  0.50   93893     240   93773  3861665  41.13
1990-1999       33      0.00242  0.00242  0.50   93653     227   93540  3767892  40.23
1990-1999       34      0.00290  0.00290  0.50   93427     271   93291  3674352  39.33
1990-1999       35      0.00341  0.00340  0.50   93156     317   92997  3581060  38.44
1990-1999       36      0.00298  0.00298  0.50   92839     277   92701  3488063  37.57
1990-1999       37      0.00376  0.00375  0.50   92562     347   92389  3395362  36.68
1990-1999       38      0.00318  0.00318  0.50   92215     293   92069  3302973  35.82
1990-1999       39      0.00414  0.00413  0.50   91922     380   91732  3210905  34.93
1990-1999       40      0.00349  0.00348  0.50   91542     319   91383  3119173  34.07
1990-1999       41      0.00506  0.00505  0.50   91223     461   90993  3027790  33.19
1990-1999       42      0.00459  0.00458  0.50   90763     415   90555  2936797  32.36
1990-1999       43      0.00497  0.00495  0.50   90348     448   90124  2846241  31.50
1990-1999       44      0.00438  0.00437  0.50   89900     393   89704  2756117  30.66
1990-1999       45      0.00452  0.00451  0.50   89507     404   89305  2666414  29.79
1990-1999       46      0.00525  0.00524  0.50   89103     467   88870  2577109  28.92
1990-1999       47      0.00421  0.00420  0.50   88636     373   88450  2488239  28.07
1990-1999       48      0.00619  0.00617  0.50   88264     544   87992  2399789  27.19
1990-1999       49      0.00631  0.00629  0.50   87719     551   87444  2311797  26.35
1990-1999       50      0.00842  0.00839  0.50   87168     731   86802  2224354  25.52
1990-1999       51      0.00760  0.00757  0.50   86437     655   86109  2137551  24.73
1990-1999       52      0.00762  0.00759  0.50   85782     651   85456  2051442  23.91
1990-1999       53      0.00999  0.00994  0.50   85131     846   84708  1965986  23.09
1990-1999       54      0.00946  0.00941  0.50   84285     793   83888  1881278  22.32
1990-1999       55      0.01064  0.01058  0.50   83492     883   83050  1797389  21.53
1990-1999       56      0.01329  0.01320  0.50   82608    1090   82063  1714339  20.75
1990-1999       57      0.01274  0.01265  0.50   81518    1032   81002  1632276  20.02
1990-1999       58      0.01494  0.01483  0.50   80487    1193   79890  1551274  19.27
1990-1999       59      0.01503  0.01492  0.50   79293    1183   78702  1471384  18.56
1990-1999       60      0.01872  0.01855  0.50   78110    1449   77386  1392682  17.83
1990-1999       61      0.02113  0.02091  0.50   76662    1603   75860  1315296  17.16
1990-1999       62      0.02269  0.02244  0.50   75059    1684   74216  1239436  16.51
1990-1999       63      0.02476  0.02446  0.50   73374    1795   72477  1165219  15.88
1990-1999       64      0.02981  0.02937  0.50   71579    2102   70528  1092742  15.27
1990-1999       65      0.03083  0.03036  0.50   69477    2109   68423  1022214  14.71
1990-1999       66      0.02824  0.02785  0.50   67368    1876   66430   953791  14.16
1990-1999       67      0.02958  0.02915  0.50   65492    1909   64537   887361  13.55
1990-1999       68      0.03767  0.03697  0.50   63583    2351   62407   822824  12.94
1990-1999       69      0.05190  0.05059  0.50   61232    3098   59683   760416  12.42
1990-1999       70      0.03873  0.03800  0.50   58134    2209   57030   700733  12.05
1990-1999       71      0.03740  0.03671  0.50   55925    2053   54899   643703  11.51
1990-1999       72      0.03935  0.03859  0.50   53872    2079   52833   588805  10.93
1990-1999       73      0.04419  0.04324  0.50   51793    2239   50673   535972  10.35
1990-1999       74      0.04532  0.04431  0.50   49554    2196   48456   485299   9.79
1990-1999       75      0.06008  0.05833  0.50   47358    2762   45977   436843   9.22
1990-1999       76      0.07314  0.07056  0.50   44595    3146   43022   390866   8.76
1990-1999       77      0.08194  0.07871  0.50   41449    3263   39818   347844   8.39
1990-1999       78      0.09309  0.08895  0.50   38186    3397   36488   308026   8.07
1990-1999       79      0.11952  0.11278  0.50   34790    3923   32828   271538   7.81
1990-1999       80      0.08168  0.07848  0.50   30866    2422   29655   238710   7.73
1990-1999       81      0.08822  0.08449  0.50   28444    2403   27242   209055   7.35
1990-1999       82      0.09523  0.09090  0.50   26041    2367   24857   181813   6.98
1990-1999       83      0.10272  0.09771  0.50   23673    2313   22517   156956   6.63
1990-1999       84      0.11074  0.10493  0.50   21360    2241   20240   134439   6.29
1990-1999       85      0.11930  0.11258  0.50   19119    2153   18043   114200   5.97
1990-1999       86      0.12843  0.12068  0.50   16967    2047   15943    96157   5.67
1990-1999       87      0.13814  0.12921  0.50   14919    1928   13955    80214   5.38
1990-1999       88      0.14846  0.13820  0.50   12991    1795   12094    66259   5.10
1990-1999       89      0.15941  0.14765  0.50   11196    1653   10369    54165   4.84
1990-1999       90      0.17101  0.15754  0.50    9543    1503    8791    43796   4.59
1990-1999       91      0.18327  0.16789  0.50    8039    1350    7365    35005   4.35
1990-1999       92      0.19620  0.17867  0.50    6690    1195    6092    27640   4.13
1990-1999       93      0.20980  0.18988  0.50    5494    1043    4973    21548   3.92
1990-1999       94      0.22409  0.20151  0.50    4451     897    4003    16575   3.72
1990-1999       95      0.23905  0.21353  0.50    3554     759    3175    12572   3.54
1990-1999       96      0.25469  0.22592  0.50    2795     632    2480     9398   3.36
1990-1999       97      0.27099  0.23865  0.50    2164     516    1906     6918   3.20
1990-1999       98      0.28792  0.25169  0.50    1647     415    1440     5012   3.04
1990-1999       99      0.30547  0.26500  0.50    1233     327    1069     3572   2.90
1990-1999      100      0.32360  0.27853  0.50     906     252     780     2503   2.76
1990-1999      101      0.34228  0.29226  0.50     654     191     558     1723   2.64
1990-1999      102      0.36146  0.30613  0.50     463     142     392     1165   2.52
1990-1999      103      0.38109  0.32010  0.50     321     103     270      773   2.41
1990-1999      104      0.40112  0.33411  0.50     218      73     182      503   2.31
1990-1999      105      0.42149  0.34812  0.50     145      51     120      322   2.21
1990-1999      106      0.44212  0.36208  0.50      95      34      78      202   2.13
1990-1999      107      0.46296  0.37594  0.50      60      23      49      124   2.05
1990-1999      108      0.48393  0.38965  0.50      38      15      30       75   1.99
1990-1999      109      0.50495  0.40316  0.50      23       9      18       45   1.93
1990-1999      110+     0.52596  1.00000  1.90      14      14      26       26   1.90
2000-2009        0      0.01105  0.01094  0.13  100000    1094   99045  7219744  72.20
2000-2009        1      0.00103  0.00103  0.50   98906     101   98855  7120699  71.99
2000-2009        2      0.00125  0.00125  0.50   98804     124   98742  7021844  71.07
2000-2009        3      0.00083  0.00083  0.50   98680      82   98640  6923102  70.16
2000-2009        4      0.00022  0.00022  0.50   98599      22   98588  6824462  69.21
2000-2009        5      0.00006  0.00006  0.50   98577       6   98574  6725874  68.23
2000-2009        6      0.00056  0.00056  0.50   98571      55   98544  6627300  67.23
2000-2009        7      0.00034  0.00034  0.50   98516      33   98500  6528757  66.27
2000-2009        8      0.00017  0.00017  0.50   98483      17   98475  6430257  65.29
2000-2009        9      0.00067  0.00067  0.50   98466      66   98433  6331782  64.30
2000-2009       10      0.00102  0.00102  0.50   98400     100   98350  6233349  63.35
2000-2009       11      0.00080  0.00080  0.50   98300      79   98260  6135000  62.41
2000-2009       12      0.00047  0.00047  0.50   98221      46   98198  6036739  61.46
2000-2009       13      0.00065  0.00065  0.50   98175      64   98143  5938541  60.49
2000-2009       14      0.00114  0.00114  0.50   98112     112   98056  5840398  59.53
2000-2009       15      0.00098  0.00098  0.50   98000      96   97952  5742342  58.60
2000-2009       16      0.00144  0.00144  0.50   97904     141   97833  5644390  57.65
2000-2009       17      0.00172  0.00172  0.50   97763     168   97679  5546557  56.73
2000-2009       18      0.00191  0.00191  0.50   97595     186   97502  5448878  55.83
2000-2009       19      0.00204  0.00204  0.50   97409     198   97309  5351376  54.94
2000-2009       20      0.00213  0.00213  0.50   97210     207   97107  5254067  54.05
2000-2009       21      0.00268  0.00267  0.50   97004     259   96874  5156960  53.16
2000-2009       22      0.00189  0.00189  0.50   96744     182   96653  5060086  52.30
2000-2009       23      0.00179  0.00178  0.50   96562     172   96476  4963432  51.40
2000-2009       24      0.00207  0.00206  0.50   96390     199   96290  4866957  50.49
2000-2009       25      0.00211  0.00210  0.50   96191     202   96089  4770666  49.60
2000-2009       26      0.00206  0.00205  0.50   95988     197   95890  4674577  48.70
2000-2009       27      0.00127  0.00127  0.50   95791     122   95730  4578687  47.80
2000-2009       28      0.00237  0.00237  0.50   95669     227   95556  4482957  46.86
2000-2009       29      0.00186  0.00186  0.50   95443     177   95354  4387401  45.97
2000-2009       30      0.00234  0.00233  0.50   95265     222   95154  4292047  45.05
2000-2009       31      0.00261  0.00260  0.50   95043     248   94919  4196893  44.16
2000-2009       32      0.00324  0.00324  0.50   94796     307   94642  4101973  43.27
2000-2009       33      0.00359  0.00359  0.50   94489     339   94319  4007331  42.41
2000-2009       34      0.00291  0.00291  0.50   94150     274   94013  3913012  41.56
2000-2009       35      0.00384  0.00384  0.50   93876     360   93696  3818999  40.68
2000-2009       36      0.00349  0.00348  0.50   93516     326   93353  3725303  39.84
2000-2009       37      0.00395  0.00394  0.50   93190     367   93007  3631949  38.97
2000-2009       38      0.00387  0.00386  0.50   92823     358   92644  3538943  38.13
2000-2009       39      0.00337  0.00336  0.50   92465     311   92309  3446299  37.27
2000-2009       40      0.00395  0.00394  0.50   92154     363   91972  3353990  36.40
2000-2009       41      0.00429  0.00428  0.50   91791     393   91594  3262017  35.54
2000-2009       42      0.00413  0.00412  0.50   91398     377   91209  3170423  34.69
2000-2009       43      0.00434  0.00433  0.50   91021     394   90824  3079214  33.83
2000-2009       44      0.00435  0.00434  0.50   90627     394   90430  2988390  32.97
2000-2009       45      0.00606  0.00604  0.50   90233     545   89961  2897960  32.12
2000-2009       46      0.00475  0.00474  0.50   89688     425   89475  2807999  31.31
2000-2009       47      0.00523  0.00522  0.50   89263     466   89030  2718524  30.46
2000-2009       48      0.00542  0.00541  0.50   88797     480   88557  2629494  29.61
2000-2009       49      0.00615  0.00613  0.50   88317     542   88046  2540937  28.77
2000-2009       50      0.00591  0.00590  0.50   87775     518   87517  2452891  27.95
2000-2009       51      0.00686  0.00683  0.50   87258     596   86960  2365374  27.11
2000-2009       52      0.00530  0.00529  0.50   86662     458   86433  2278414  26.29
2000-2009       53      0.00669  0.00667  0.50   86203     575   85916  2191982  25.43
2000-2009       54      0.00728  0.00726  0.50   85629     622   85318  2106066  24.60
2000-2009       55      0.00866  0.00862  0.50   85007     733   84641  2020748  23.77
2000-2009       56      0.00721  0.00718  0.50   84275     605   83972  1936107  22.97
2000-2009       57      0.00955  0.00950  0.50   83669     795   83272  1852135  22.14
2000-2009       58      0.01110  0.01104  0.50   82874     915   82417  1768863  21.34
2000-2009       59      0.01020  0.01014  0.50   81960     831   81544  1686446  20.58
2000-2009       60      0.01026  0.01021  0.50   81128     828   80714  1604902  19.78
2000-2009       61      0.01375  0.01366  0.50   80300    1097   79751  1524188  18.98
2000-2009       62      0.01294  0.01286  0.50   79203    1018   78694  1444436  18.24
2000-2009       63      0.01594  0.01581  0.50   78185    1236   77567  1365742  17.47
2000-2009       64      0.01591  0.01578  0.50   76949    1214   76342  1288176  16.74
2000-2009       65      0.01770  0.01755  0.50   75734    1329   75070  1211834  16.00
2000-2009       66      0.02011  0.01991  0.50   74405    1481   73665  1136764  15.28
2000-2009       67      0.02761  0.02723  0.50   72924    1986   71931  1063099  14.58
2000-2009       68      0.02995  0.02950  0.50   70938    2093   69892   991168  13.97
2000-2009       69      0.02458  0.02428  0.50   68845    1672   68010   921276  13.38
2000-2009       70      0.02711  0.02675  0.50   67174    1797   66275   853267  12.70
2000-2009       71      0.03857  0.03784  0.50   65377    2474   64140   786991  12.04
2000-2009       72      0.04228  0.04140  0.50   62903    2604   61601   722851  11.49
2000-2009       73      0.04584  0.04482  0.50   60299    2702   58948   661250  10.97
2000-2009       74      0.04497  0.04398  0.50   57597    2533   56330   602302  10.46
2000-2009       75      0.03822  0.03750  0.50   55063    2065   54031   545972   9.92
2000-2009       76      0.05131  0.05003  0.50   52999    2651   51673   491941   9.28
2000-2009       77      0.05602  0.05450  0.50   50347    2744   48975   440268   8.74
2000-2009       78      0.07917  0.07616  0.50   47603    3625   45791   391293   8.22
2000-2009       79      0.07115  0.06870  0.50   43978    3021   42467   345502   7.86
2000-2009       80      0.08225  0.07900  0.50   40957    3235   39339   303035   7.40
2000-2009       81      0.08985  0.08598  0.50   37721    3243   36100   263696   6.99
2000-2009       82      0.09807  0.09349  0.50   34478    3223   32866   227596   6.60
2000-2009       83      0.10696  0.10153  0.50   31255    3173   29668   194730   6.23
2000-2009       84      0.11656  0.11014  0.50   28081    3093   26535   165062   5.88
2000-2009       85      0.12689  0.11932  0.50   24988    2982   23498   138527   5.54
2000-2009       86      0.13799  0.12909  0.50   22007    2841   20586   115029   5.23
2000-2009       87      0.14990  0.13945  0.50   19166    2673   17830    94443   4.93
2000-2009       88      0.16265  0.15041  0.50   16493    2481   15253    76613   4.65
2000-2009       89      0.17625  0.16197  0.50   14012    2270   12878    61361   4.38
2000-2009       90      0.19073  0.17412  0.50   11743    2045   10720    48483   4.13
2000-2009       91      0.20610  0.18685  0.50    9698    1812    8792    37762   3.89
2000-2009       92      0.22237  0.20012  0.50    7886    1578    7097    28970   3.67
2000-2009       93      0.23954  0.21392  0.50    6308    1349    5633    21873   3.47
2000-2009       94      0.25759  0.22820  0.50    4959    1132    4393    16240   3.28
2000-2009       95      0.27651  0.24293  0.50    3827     930    3362    11847   3.10
2000-2009       96      0.29627  0.25804  0.50    2897     748    2523     8485   2.93
2000-2009       97      0.31682  0.27349  0.50    2150     588    1856     5962   2.77
2000-2009       98      0.33811  0.28921  0.50    1562     452    1336     4106   2.63
2000-2009       99      0.36007  0.30514  0.50    1110     339     941     2770   2.50
2000-2009      100      0.38264  0.32119  0.50     771     248     647     1830   2.37
2000-2009      101      0.40572  0.33730  0.50     524     177     435     1182   2.26
2000-2009      102      0.42923  0.35339  0.50     347     123     286      747   2.15
2000-2009      103      0.45307  0.36939  0.50     224      83     183      461   2.06
2000-2009      104      0.47712  0.38522  0.50     141      55     114      278   1.97
2000-2009      105      0.50128  0.40082  0.50      87      35      70      164   1.88
2000-2009      106      0.52543  0.41611  0.50      52      22      41       94   1.81
2000-2009      107      0.54946  0.43104  0.50      30      13      24       53   1.74
2000-2009      108      0.57326  0.44555  0.50      17       8      13       29   1.69
2000-2009      109      0.59673  0.45960  0.50      10       4       7       16   1.64
2000-2009      110+     0.61977  1.00000  1.61       5       5       8        8   1.61
2010-2016        0      0.00727  0.00723  0.13  100000     723   99375  7490060  74.90
2010-2016        1      0.00073  0.00073  0.50   99277      72   99241  7390686  74.44
2010-2016        2      0.00074  0.00074  0.50   99205      73   99168  7291444  73.50
2010-2016        3      0.00074  0.00074  0.50   99132      74   99095  7192276  72.55
2010-2016        4      0.00104  0.00104  0.50   99058     103   99007  7093181  71.61
2010-2016        5      0.00053  0.00053  0.50   98955      52   98929  6994174  70.68
2010-2016        6      0.00015  0.00015  0.50   98903      15   98895  6895245  69.72
2010-2016        7      0.00024  0.00024  0.50   98888      23   98876  6796350  68.73
2010-2016        8      0.00032  0.00032  0.50   98864      32   98848  6697474  67.74
2010-2016        9      0.00065  0.00065  0.50   98832      64   98800  6598626  66.77
2010-2016       10      0.00050  0.00050  0.50   98768      49   98744  6499826  65.81
2010-2016       11      0.00017  0.00017  0.50   98719      17   98710  6401082  64.84
2010-2016       12      0.00077  0.00077  0.50   98702      76   98664  6302372  63.85
2010-2016       13      0.00060  0.00060  0.50   98626      59   98597  6203707  62.90
2010-2016       14      0.00086  0.00086  0.50   98567      85   98525  6105111  61.94
2010-2016       15      0.00122  0.00121  0.50   98482     120   98423  6006586  60.99
2010-2016       16      0.00140  0.00139  0.50   98363     137   98294  5908164  60.07
2010-2016       17      0.00131  0.00131  0.50   98226     129   98161  5809869  59.15
2010-2016       18      0.00105  0.00105  0.50   98097     103   98045  5711708  58.23
2010-2016       19      0.00152  0.00152  0.50   97994     149   97919  5613663  57.29
2010-2016       20      0.00173  0.00173  0.50   97845     169   97760  5515744  56.37
2010-2016       21      0.00188  0.00188  0.50   97676     183   97584  5417983  55.47
2010-2016       22      0.00156  0.00156  0.50   97492     152   97416  5320399  54.57
2010-2016       23      0.00194  0.00194  0.50   97340     188   97246  5222983  53.66
2010-2016       24      0.00165  0.00165  0.50   97152     160   97072  5125737  52.76
2010-2016       25      0.00146  0.00146  0.50   96992     141   96921  5028665  51.85
2010-2016       26      0.00143  0.00143  0.50   96850     139   96781  4931744  50.92
2010-2016       27      0.00139  0.00139  0.50   96712     135   96644  4834963  49.99
2010-2016       28      0.00129  0.00129  0.50   96577     125   96515  4738319  49.06
2010-2016       29      0.00124  0.00124  0.50   96452     120   96393  4641804  48.13
2010-2016       30      0.00150  0.00150  0.50   96333     144   96261  4545412  47.18
2010-2016       31      0.00112  0.00112  0.50   96189     108   96135  4449151  46.25
2010-2016       32      0.00182  0.00182  0.50   96081     175   95994  4353016  45.31
2010-2016       33      0.00190  0.00190  0.50   95906     182   95815  4257022  44.39
2010-2016       34      0.00154  0.00154  0.50   95724     148   95650  4161207  43.47
2010-2016       35      0.00159  0.00159  0.50   95577     152   95501  4065556  42.54
2010-2016       36      0.00163  0.00163  0.50   95425     155   95347  3970056  41.60
2010-2016       37      0.00232  0.00232  0.50   95270     221   95159  3874708  40.67
2010-2016       38      0.00325  0.00325  0.50   95049     309   94894  3779549  39.76
2010-2016       39      0.00316  0.00316  0.50   94740     299   94590  3684655  38.89
2010-2016       40      0.00331  0.00331  0.50   94441     312   94284  3590065  38.01
2010-2016       41      0.00228  0.00228  0.50   94128     214   94021  3495780  37.14
2010-2016       42      0.00336  0.00335  0.50   93914     315   93756  3401759  36.22
2010-2016       43      0.00327  0.00327  0.50   93599     306   93446  3308003  35.34
2010-2016       44      0.00434  0.00433  0.50   93293     404   93091  3214557  34.46
2010-2016       45      0.00296  0.00296  0.50   92890     275   92752  3121465  33.60
2010-2016       46      0.00382  0.00381  0.50   92615     353   92438  3028713  32.70
2010-2016       47      0.00542  0.00541  0.50   92262     499   92012  2936275  31.83
2010-2016       48      0.00395  0.00394  0.50   91763     361   91582  2844263  31.00
2010-2016       49      0.00532  0.00531  0.50   91402     485   91159  2752681  30.12
2010-2016       50      0.00563  0.00561  0.50   90916     510   90661  2661522  29.27
2010-2016       51      0.00722  0.00719  0.50   90406     650   90081  2570861  28.44
2010-2016       52      0.00621  0.00620  0.50   89756     556   89478  2480780  27.64
2010-2016       53      0.00736  0.00734  0.50   89200     654   88873  2391302  26.81
2010-2016       54      0.00748  0.00745  0.50   88545     660   88216  2302429  26.00
2010-2016       55      0.00740  0.00737  0.50   87886     648   87562  2214214  25.19
2010-2016       56      0.00644  0.00642  0.50   87238     560   86958  2126652  24.38
2010-2016       57      0.00808  0.00805  0.50   86678     697   86329  2039694  23.53
2010-2016       58      0.01036  0.01030  0.50   85981     886   85538  1953364  22.72
2010-2016       59      0.01070  0.01065  0.50   85095     906   84642  1867827  21.95
2010-2016       60      0.01012  0.01007  0.50   84189     848   83765  1783185  21.18
2010-2016       61      0.01003  0.00998  0.50   83341     832   82925  1699421  20.39
2010-2016       62      0.01359  0.01350  0.50   82509    1114   81952  1616496  19.59
2010-2016       63      0.01242  0.01234  0.50   81395    1004   80892  1534544  18.85
2010-2016       64      0.01379  0.01369  0.50   80390    1101   79840  1453652  18.08
2010-2016       65      0.01582  0.01570  0.50   79289    1244   78667  1373813  17.33
2010-2016       66      0.01327  0.01318  0.50   78045    1029   77530  1295146  16.59
2010-2016       67      0.01620  0.01607  0.50   77016    1238   76397  1217615  15.81
2010-2016       68      0.02222  0.02198  0.50   75778    1665   74946  1141218  15.06
2010-2016       69      0.01962  0.01943  0.50   74113    1440   73393  1066272  14.39
2010-2016       70      0.02901  0.02859  0.50   72673    2078   71634   992879  13.66
2010-2016       71      0.02607  0.02574  0.50   70595    1817   69687   921245  13.05
2010-2016       72      0.03453  0.03394  0.50   68778    2335   67611   851559  12.38
2010-2016       73      0.02995  0.02951  0.50   66444    1961   65463   783948  11.80
2010-2016       74      0.03624  0.03559  0.50   64483    2295   63335   718485  11.14
2010-2016       75      0.04362  0.04269  0.50   62188    2655   60860   655150  10.54
2010-2016       76      0.04318  0.04227  0.50   59533    2516   58274   594290   9.98
2010-2016       77      0.05945  0.05773  0.50   57016    3292   55370   536015   9.40
2010-2016       78      0.05021  0.04898  0.50   53724    2631   52409   480645   8.95
2010-2016       79      0.06340  0.06145  0.50   51093    3140   49523   428236   8.38
2010-2016       80      0.06740  0.06521  0.50   47953    3127   46390   378713   7.90
2010-2016       81      0.07503  0.07232  0.50   44827    3242   43206   332323   7.41
2010-2016       82      0.08345  0.08010  0.50   41585    3331   39919   289117   6.95
2010-2016       83      0.09271  0.08860  0.50   38254    3389   36559   249198   6.51
2010-2016       84      0.10289  0.09785  0.50   34864    3412   33158   212639   6.10
2010-2016       85      0.11404  0.10789  0.50   31453    3393   29756   179480   5.71
2010-2016       86      0.12623  0.11873  0.50   28059    3332   26394   149724   5.34
2010-2016       87      0.13952  0.13042  0.50   24728    3225   23115   123331   4.99
2010-2016       88      0.15396  0.14295  0.50   21503    3074   19966   100215   4.66
2010-2016       89      0.16960  0.15634  0.50   18429    2881   16988    80250   4.35
2010-2016       90      0.18648  0.17058  0.50   15548    2652   14222    63261   4.07
2010-2016       91      0.20463  0.18564  0.50   12896    2394   11699    49040   3.80
2010-2016       92      0.22405  0.20148  0.50   10502    2116    9444    37341   3.56
2010-2016       93      0.24476  0.21807  0.50    8386    1829    7471    27897   3.33
2010-2016       94      0.26672  0.23533  0.50    6557    1543    5786    20426   3.12
2010-2016       95      0.28989  0.25319  0.50    5014    1269    4379    14640   2.92
2010-2016       96      0.31421  0.27155  0.50    3745    1017    3236    10261   2.74
2010-2016       97      0.33960  0.29031  0.50    2728     792    2332     7025   2.58
2010-2016       98      0.36594  0.30934  0.50    1936     599    1636     4693   2.42
2010-2016       99      0.39312  0.32854  0.50    1337     439    1117     3057   2.29
2010-2016      100      0.42096  0.34777  0.50     898     312     742     1939   2.16
2010-2016      101      0.44933  0.36690  0.50     586     215     478     1198   2.05
2010-2016      102      0.47802  0.38581  0.50     371     143     299      720   1.94
2010-2016      103      0.50686  0.40438  0.50     228      92     182      421   1.85
2010-2016      104      0.53566  0.42250  0.50     136      57     107      239   1.76
2010-2016      105      0.56422  0.44007  0.50      78      34      61      132   1.68
2010-2016      106      0.59236  0.45700  0.50      44      20      34       71   1.62
2010-2016      107      0.61990  0.47323  0.50      24      11      18       37   1.55
2010-2016      108      0.64670  0.48868  0.50      13       6       9       19   1.50
2010-2016      109      0.67260  0.50333  0.50       6       3       5        9   1.46
2010-2016      110+     0.69750  1.00000  1.43       3       3       5        5   1.43
