NT, Death rates (period 1x10), 	Last modified: 02 Jul 2018;  Methods Protocol: v6 (2017)

  Year          Age             Female            Male           Total
1971-1979        0             0.033470        0.037974        0.035815
1971-1979        1             0.006960        0.005853        0.006381
1971-1979        2             0.002502        0.002193        0.002340
1971-1979        3             0.002147        0.001967        0.002053
1971-1979        4             0.000987        0.001240        0.001119
1971-1979        5             0.001647        0.002092        0.001879
1971-1979        6             0.000844        0.001631        0.001255
1971-1979        7             0.000489        0.000890        0.000698
1971-1979        8             0.000805        0.000467        0.000629
1971-1979        9             0.000532        0.000594        0.000564
1971-1979       10             0.000337        0.000841        0.000597
1971-1979       11             0.000698        0.001873        0.001303
1971-1979       12             0.000862        0.001054        0.000961
1971-1979       13             0.000652        0.002356        0.001528
1971-1979       14             0.000969        0.002756        0.001887
1971-1979       15             0.001300        0.002592        0.001965
1971-1979       16             0.000880        0.001672        0.001287
1971-1979       17             0.001914        0.002930        0.002436
1971-1979       18             0.002136        0.003600        0.002892
1971-1979       19             0.002277        0.003220        0.002768
1971-1979       20             0.001883        0.002356        0.002133
1971-1979       21             0.001393        0.001735        0.001575
1971-1979       22             0.000751        0.003562        0.002251
1971-1979       23             0.002220        0.002909        0.002588
1971-1979       24             0.002128        0.002614        0.002388
1971-1979       25             0.001822        0.002206        0.002029
1971-1979       26             0.002039        0.001943        0.001986
1971-1979       27             0.001191        0.002771        0.002060
1971-1979       28             0.001027        0.003000        0.002117
1971-1979       29             0.001414        0.002498        0.002019
1971-1979       30             0.002201        0.003048        0.002678
1971-1979       31             0.000984        0.002524        0.001861
1971-1979       32             0.003078        0.003338        0.003228
1971-1979       33             0.001614        0.003543        0.002740
1971-1979       34             0.003484        0.003899        0.003728
1971-1979       35             0.002721        0.004879        0.003992
1971-1979       36             0.003598        0.003887        0.003769
1971-1979       37             0.003828        0.004635        0.004305
1971-1979       38             0.003882        0.004528        0.004264
1971-1979       39             0.006142        0.006506        0.006357
1971-1979       40             0.004762        0.005736        0.005339
1971-1979       41             0.005708        0.006393        0.006112
1971-1979       42             0.006994        0.006032        0.006429
1971-1979       43             0.007086        0.007054        0.007067
1971-1979       44             0.003724        0.008630        0.006613
1971-1979       45             0.005087        0.010831        0.008473
1971-1979       46             0.009291        0.011479        0.010588
1971-1979       47             0.004484        0.013912        0.010137
1971-1979       48             0.008119        0.009536        0.008976
1971-1979       49             0.012174        0.010673        0.011263
1971-1979       50             0.011799        0.013883        0.013070
1971-1979       51             0.011047        0.009915        0.010359
1971-1979       52             0.014641        0.014813        0.014745
1971-1979       53             0.007496        0.017557        0.013588
1971-1979       54             0.013472        0.021978        0.018593
1971-1979       55             0.013015        0.020625        0.017540
1971-1979       56             0.014770        0.020422        0.018085
1971-1979       57             0.021503        0.020668        0.021016
1971-1979       58             0.015026        0.019190        0.017444
1971-1979       59             0.012412        0.025071        0.019699
1971-1979       60             0.022916        0.030582        0.027299
1971-1979       61             0.021398        0.026171        0.024105
1971-1979       62             0.015276        0.021980        0.019048
1971-1979       63             0.025821        0.034051        0.030445
1971-1979       64             0.022464        0.035723        0.030000
1971-1979       65             0.036277        0.033615        0.034761
1971-1979       66             0.038004        0.032480        0.034897
1971-1979       67             0.028555        0.034551        0.031922
1971-1979       68             0.034788        0.047996        0.042254
1971-1979       69             0.041292        0.033120        0.036671
1971-1979       70             0.057609        0.070805        0.065069
1971-1979       71             0.042873        0.047987        0.045759
1971-1979       72             0.067863        0.080179        0.074724
1971-1979       73             0.034365        0.088953        0.064354
1971-1979       74             0.081470        0.092589        0.087597
1971-1979       75             0.108576        0.115695        0.112556
1971-1979       76             0.100836        0.122014        0.112993
1971-1979       77             0.110767        0.098677        0.103817
1971-1979       78             0.085775        0.164751        0.131133
1971-1979       79             0.133851        0.091300        0.110096
1971-1979       80             0.109865        0.111410        0.110592
1971-1979       81             0.058327        0.062004        0.060109
1971-1979       82             0.100112        0.084802        0.092423
1971-1979       83             0.131630        0.100886        0.115679
1971-1979       84             0.112017        0.099628        0.105452
1971-1979       85             0.106207        0.134777        0.121160
1971-1979       86             0.118951        0.154660        0.136861
1971-1979       87             0.049388        0.160333        0.100902
1971-1979       88             0.112549        0.242376        0.167858
1971-1979       89             0.125211        0.136135        0.129774
1971-1979       90             0.340511        0.229829        0.293441
1971-1979       91             0.105583        0.034996        0.075233
1971-1979       92             0.172354        0.383385        0.260835
1971-1979       93             0.087181        0.140400        0.107381
1971-1979       94             0.144196        0.371460        0.221706
1971-1979       95             0.488565        0.406321        0.460727
1971-1979       96             0.470465        0.000000        0.254309
1971-1979       97             0.000000        0.000000        0.000000
1971-1979       98             0.000000        0.440205        0.137520
1971-1979       99             0.501672        0.000000        0.400267
1971-1979      100             1.792829        2.187726        1.878220
1971-1979      101                   .              .              .
1971-1979      102                   .              .              .
1971-1979      103                   .              .              .
1971-1979      104                   .              .              .
1971-1979      105                   .              .              .
1971-1979      106                   .              .              .
1971-1979      107                   .              .              .
1971-1979      108                   .              .              .
1971-1979      109                   .              .              .
1971-1979      110+                  .              .              .
1980-1989        0             0.016683        0.018372        0.017548
1980-1989        1             0.002785        0.002681        0.002732
1980-1989        2             0.001348        0.001435        0.001392
1980-1989        3             0.001233        0.001373        0.001304
1980-1989        4             0.001102        0.000848        0.000971
1980-1989        5             0.000628        0.000325        0.000472
1980-1989        6             0.001120        0.000656        0.000880
1980-1989        7             0.000927        0.001129        0.001032
1980-1989        8             0.000941        0.001061        0.001004
1980-1989        9             0.000653        0.000331        0.000485
1980-1989       10             0.000366        0.001472        0.000942
1980-1989       11             0.000147        0.001704        0.000955
1980-1989       12             0.000754        0.001466        0.001124
1980-1989       13             0.000856        0.000940        0.000900
1980-1989       14             0.000804        0.001278        0.001048
1980-1989       15             0.000986        0.000699        0.000839
1980-1989       16             0.001582        0.002127        0.001862
1980-1989       17             0.000842        0.002444        0.001667
1980-1989       18             0.001076        0.002907        0.002016
1980-1989       19             0.001461        0.003385        0.002448
1980-1989       20             0.001307        0.003104        0.002224
1980-1989       21             0.001811        0.003324        0.002584
1980-1989       22             0.001496        0.002766        0.002148
1980-1989       23             0.001568        0.002610        0.002108
1980-1989       24             0.001593        0.002900        0.002271
1980-1989       25             0.000822        0.002646        0.001765
1980-1989       26             0.001955        0.002583        0.002280
1980-1989       27             0.001163        0.003428        0.002346
1980-1989       28             0.001259        0.002823        0.002077
1980-1989       29             0.000937        0.003444        0.002240
1980-1989       30             0.001976        0.003145        0.002583
1980-1989       31             0.001871        0.002111        0.001995
1980-1989       32             0.001547        0.002912        0.002258
1980-1989       33             0.001517        0.003912        0.002775
1980-1989       34             0.002309        0.003262        0.002812
1980-1989       35             0.002331        0.002912        0.002641
1980-1989       36             0.001311        0.002691        0.002059
1980-1989       37             0.002348        0.003652        0.003063
1980-1989       38             0.001473        0.003981        0.002865
1980-1989       39             0.002457        0.003693        0.003149
1980-1989       40             0.002505        0.004716        0.003747
1980-1989       41             0.002677        0.001984        0.002287
1980-1989       42             0.002911        0.005275        0.004251
1980-1989       43             0.003718        0.004553        0.004192
1980-1989       44             0.004178        0.004769        0.004516
1980-1989       45             0.003427        0.006940        0.005443
1980-1989       46             0.004669        0.006393        0.005653
1980-1989       47             0.006071        0.007756        0.007034
1980-1989       48             0.005126        0.009939        0.007879
1980-1989       49             0.003500        0.006462        0.005212
1980-1989       50             0.005984        0.014344        0.010868
1980-1989       51             0.007400        0.010660        0.009306
1980-1989       52             0.006645        0.012017        0.009802
1980-1989       53             0.005501        0.012750        0.009784
1980-1989       54             0.009344        0.015822        0.013165
1980-1989       55             0.011109        0.020560        0.016686
1980-1989       56             0.012898        0.016728        0.015160
1980-1989       57             0.012530        0.018075        0.015804
1980-1989       58             0.014102        0.019980        0.017545
1980-1989       59             0.018254        0.021640        0.020233
1980-1989       60             0.022076        0.024755        0.023616
1980-1989       61             0.011850        0.023065        0.018155
1980-1989       62             0.017353        0.029721        0.024168
1980-1989       63             0.022468        0.025261        0.024001
1980-1989       64             0.024163        0.030267        0.027500
1980-1989       65             0.032706        0.028462        0.030420
1980-1989       66             0.022666        0.034068        0.028704
1980-1989       67             0.035609        0.036886        0.036281
1980-1989       68             0.027126        0.049676        0.038739
1980-1989       69             0.028655        0.043659        0.036318
1980-1989       70             0.041128        0.045200        0.043244
1980-1989       71             0.033754        0.052560        0.043433
1980-1989       72             0.043458        0.054884        0.049361
1980-1989       73             0.043009        0.055655        0.049662
1980-1989       74             0.051751        0.064691        0.058556
1980-1989       75             0.056826        0.066095        0.061643
1980-1989       76             0.067547        0.095077        0.081369
1980-1989       77             0.050800        0.091861        0.070810
1980-1989       78             0.053666        0.079005        0.065912
1980-1989       79             0.053387        0.092326        0.072058
1980-1989       80             0.078741        0.098348        0.087856
1980-1989       81             0.058554        0.110744        0.082130
1980-1989       82             0.061954        0.072591        0.066604
1980-1989       83             0.064548        0.118862        0.087373
1980-1989       84             0.089406        0.068008        0.080548
1980-1989       85             0.092325        0.080532        0.087294
1980-1989       86             0.092491        0.141787        0.113598
1980-1989       87             0.105609        0.131560        0.116489
1980-1989       88             0.144172        0.093767        0.122845
1980-1989       89             0.108219        0.152117        0.127121
1980-1989       90             0.143416        0.238002        0.184294
1980-1989       91             0.102875        0.249714        0.164953
1980-1989       92             0.145586        0.130795        0.139443
1980-1989       93             0.222493        0.131599        0.182700
1980-1989       94             0.116608        0.319642        0.201665
1980-1989       95             0.050960        0.049896        0.050600
1980-1989       96             0.427448        0.120907        0.325213
1980-1989       97             0.384438        0.528584        0.435083
1980-1989       98             0.732637        0.000000        0.425633
1980-1989       99             1.009926        0.000000        0.338321
1980-1989      100             1.807229        1.714286        1.724138
1980-1989      101                   .              .              .
1980-1989      102                   .              .              .
1980-1989      103                   .              .              .
1980-1989      104                   .              .              .
1980-1989      105                   .              .              .
1980-1989      106                   .              .              .
1980-1989      107                   .              .              .
1980-1989      108                   .              .              .
1980-1989      109                   .              .              .
1980-1989      110+                  .              .              .
1990-1999        0             0.013543        0.013364        0.013451
1990-1999        1             0.001165        0.001718        0.001448
1990-1999        2             0.001463        0.001059        0.001256
1990-1999        3             0.000593        0.000503        0.000547
1990-1999        4             0.000241        0.000562        0.000407
1990-1999        5             0.000487        0.000850        0.000675
1990-1999        6             0.000556        0.000346        0.000447
1990-1999        7             0.000503        0.000176        0.000334
1990-1999        8             0.000701        0.000775        0.000740
1990-1999        9             0.000389        0.000798        0.000599
1990-1999       10             0.001055        0.000872        0.000961
1990-1999       11             0.000336        0.000571        0.000457
1990-1999       12             0.000069        0.000390        0.000234
1990-1999       13             0.000990        0.000399        0.000686
1990-1999       14             0.000797        0.001221        0.001016
1990-1999       15             0.001186        0.001525        0.001361
1990-1999       16             0.001361        0.001392        0.001377
1990-1999       17             0.001905        0.001317        0.001597
1990-1999       18             0.000528        0.001885        0.001245
1990-1999       19             0.000870        0.001908        0.001414
1990-1999       20             0.001503        0.002350        0.001942
1990-1999       21             0.001405        0.001700        0.001556
1990-1999       22             0.001447        0.003110        0.002298
1990-1999       23             0.001099        0.002633        0.001887
1990-1999       24             0.000678        0.002240        0.001481
1990-1999       25             0.001280        0.002779        0.002052
1990-1999       26             0.001042        0.002970        0.002031
1990-1999       27             0.000438        0.003086        0.001793
1990-1999       28             0.000880        0.002835        0.001880
1990-1999       29             0.001738        0.002440        0.002098
1990-1999       30             0.000918        0.003281        0.002138
1990-1999       31             0.001223        0.002024        0.001636
1990-1999       32             0.002136        0.002556        0.002353
1990-1999       33             0.001089        0.002423        0.001780
1990-1999       34             0.001849        0.002903        0.002397
1990-1999       35             0.001820        0.003409        0.002648
1990-1999       36             0.000771        0.002983        0.001929
1990-1999       37             0.001583        0.003759        0.002725
1990-1999       38             0.001620        0.003183        0.002440
1990-1999       39             0.002417        0.004140        0.003320
1990-1999       40             0.003134        0.003489        0.003320
1990-1999       41             0.002063        0.005061        0.003639
1990-1999       42             0.002495        0.004587        0.003600
1990-1999       43             0.003073        0.004965        0.004082
1990-1999       44             0.003927        0.004380        0.004170
1990-1999       45             0.002650        0.004524        0.003661
1990-1999       46             0.003499        0.005253        0.004448
1990-1999       47             0.003308        0.004212        0.003799
1990-1999       48             0.004094        0.006187        0.005240
1990-1999       49             0.004378        0.006307        0.005445
1990-1999       50             0.002892        0.008424        0.005995
1990-1999       51             0.003757        0.007601        0.005931
1990-1999       52             0.006381        0.007623        0.007087
1990-1999       53             0.007045        0.009985        0.008727
1990-1999       54             0.007122        0.009455        0.008470
1990-1999       55             0.005301        0.010636        0.008406
1990-1999       56             0.009798        0.013286        0.011823
1990-1999       57             0.010688        0.012735        0.011872
1990-1999       58             0.010690        0.014936        0.013156
1990-1999       59             0.008221        0.015030        0.012155
1990-1999       60             0.013131        0.018721        0.016307
1990-1999       61             0.014122        0.021133        0.018096
1990-1999       62             0.016810        0.022694        0.020145
1990-1999       63             0.020403        0.024764        0.022881
1990-1999       64             0.019542        0.029806        0.025341
1990-1999       65             0.016201        0.030826        0.024454
1990-1999       66             0.024669        0.028245        0.026676
1990-1999       67             0.029540        0.029583        0.029564
1990-1999       68             0.022644        0.037666        0.030972
1990-1999       69             0.023058        0.051903        0.038768
1990-1999       70             0.030807        0.038731        0.035068
1990-1999       71             0.040389        0.037400        0.038825
1990-1999       72             0.033152        0.039353        0.036333
1990-1999       73             0.037785        0.044191        0.040976
1990-1999       74             0.037751        0.045316        0.041492
1990-1999       75             0.050842        0.060083        0.055499
1990-1999       76             0.047962        0.073136        0.060270
1990-1999       77             0.059017        0.081940        0.069648
1990-1999       78             0.070748        0.093090        0.080754
1990-1999       79             0.062964        0.119515        0.087935
1990-1999       80             0.063288        0.112560        0.085525
1990-1999       81             0.062943        0.070982        0.066544
1990-1999       82             0.048705        0.096951        0.070210
1990-1999       83             0.086458        0.090370        0.088213
1990-1999       84             0.097241        0.101395        0.099133
1990-1999       85             0.064442        0.166289        0.109462
1990-1999       86             0.099472        0.101706        0.100435
1990-1999       87             0.103616        0.131596        0.115694
1990-1999       88             0.116310        0.128986        0.121704
1990-1999       89             0.128039        0.116356        0.123094
1990-1999       90             0.154338        0.131181        0.144689
1990-1999       91             0.144988        0.188573        0.162381
1990-1999       92             0.153176        0.133307        0.145688
1990-1999       93             0.186116        0.203522        0.192489
1990-1999       94             0.104765        0.349764        0.193393
1990-1999       95             0.218198        0.389592        0.277035
1990-1999       96             0.182704        0.199231        0.187907
1990-1999       97             0.375763        0.255167        0.337756
1990-1999       98             0.403694        0.257033        0.350212
1990-1999       99             0.174825        0.000000        0.096308
1990-1999      100             1.018745        0.882173        0.948418
1990-1999      101             0.824708        1.110439        0.974603
1990-1999      102             0.989619        1.935035        1.303544
1990-1999      103             6.000000        6.000000        6.000000
1990-1999      104                   .              .              .
1990-1999      105                   .              .              .
1990-1999      106                   .              .              .
1990-1999      107                   .              .              .
1990-1999      108                   .              .              .
1990-1999      109                   .              .              .
1990-1999      110+                  .              .              .
2000-2009        0             0.007755        0.011049        0.009447
2000-2009        1             0.000737        0.001026        0.000885
2000-2009        2             0.001270        0.001255        0.001262
2000-2009        3             0.000934        0.000828        0.000879
2000-2009        4             0.000473        0.000223        0.000345
2000-2009        5             0.000414        0.000056        0.000230
2000-2009        6             0.000297        0.000559        0.000432
2000-2009        7             0.000601        0.000337        0.000464
2000-2009        8             0.000606        0.000169        0.000379
2000-2009        9             0.000122        0.000675        0.000410
2000-2009       10             0.000061        0.001020        0.000561
2000-2009       11             0.000686        0.000800        0.000745
2000-2009       12             0.000693        0.000465        0.000574
2000-2009       13             0.000705        0.000648        0.000675
2000-2009       14             0.000583        0.001139        0.000872
2000-2009       15             0.000461        0.000981        0.000730
2000-2009       16             0.001271        0.001440        0.001359
2000-2009       17             0.001286        0.001721        0.001510
2000-2009       18             0.001022        0.001910        0.001482
2000-2009       19             0.001297        0.002038        0.001686
2000-2009       20             0.000670        0.002127        0.001445
2000-2009       21             0.001224        0.002677        0.001997
2000-2009       22             0.001475        0.001887        0.001692
2000-2009       23             0.001583        0.001786        0.001688
2000-2009       24             0.000852        0.002066        0.001481
2000-2009       25             0.001449        0.002106        0.001787
2000-2009       26             0.001213        0.002057        0.001645
2000-2009       27             0.001646        0.001271        0.001455
2000-2009       28             0.001698        0.002373        0.002042
2000-2009       29             0.000653        0.001857        0.001263
2000-2009       30             0.001251        0.002337        0.001801
2000-2009       31             0.001422        0.002608        0.002024
2000-2009       32             0.001757        0.003241        0.002511
2000-2009       33             0.001567        0.003592        0.002602
2000-2009       34             0.001243        0.002914        0.002098
2000-2009       35             0.002164        0.003842        0.003026
2000-2009       36             0.002136        0.003491        0.002833
2000-2009       37             0.001232        0.003951        0.002638
2000-2009       38             0.002199        0.003865        0.003063
2000-2009       39             0.002249        0.003366        0.002830
2000-2009       40             0.002361        0.003950        0.003189
2000-2009       41             0.003045        0.004290        0.003696
2000-2009       42             0.002639        0.004132        0.003419
2000-2009       43             0.002683        0.004338        0.003545
2000-2009       44             0.002600        0.004353        0.003514
2000-2009       45             0.003026        0.006063        0.004600
2000-2009       46             0.002792        0.004750        0.003807
2000-2009       47             0.003630        0.005231        0.004462
2000-2009       48             0.002003        0.005420        0.003780
2000-2009       49             0.003733        0.006153        0.004992
2000-2009       50             0.003450        0.005914        0.004736
2000-2009       51             0.004018        0.006856        0.005508
2000-2009       52             0.004230        0.005300        0.004795
2000-2009       53             0.004252        0.006689        0.005548
2000-2009       54             0.004212        0.007285        0.005862
2000-2009       55             0.004742        0.008656        0.006873
2000-2009       56             0.004770        0.007209        0.006107
2000-2009       57             0.007267        0.009547        0.008527
2000-2009       58             0.006178        0.011097        0.008915
2000-2009       59             0.006962        0.010196        0.008777
2000-2009       60             0.007673        0.010264        0.009134
2000-2009       61             0.007386        0.013752        0.010999
2000-2009       62             0.006345        0.012940        0.010122
2000-2009       63             0.007693        0.015936        0.012435
2000-2009       64             0.011373        0.015906        0.013978
2000-2009       65             0.012766        0.017703        0.015590
2000-2009       66             0.019263        0.020108        0.019747
2000-2009       67             0.013801        0.027607        0.021658
2000-2009       68             0.015084        0.029945        0.023454
2000-2009       69             0.021484        0.024580        0.023211
2000-2009       70             0.020799        0.027111        0.024302
2000-2009       71             0.025851        0.038568        0.032866
2000-2009       72             0.020581        0.042276        0.032452
2000-2009       73             0.025534        0.045843        0.036582
2000-2009       74             0.026341        0.044972        0.036301
2000-2009       75             0.027209        0.038216        0.032980
2000-2009       76             0.044697        0.051310        0.048142
2000-2009       77             0.039652        0.056023        0.048138
2000-2009       78             0.046356        0.079171        0.063210
2000-2009       79             0.042461        0.071145        0.056776
2000-2009       80             0.058827        0.090671        0.073517
2000-2009       81             0.057927        0.115712        0.083354
2000-2009       82             0.074423        0.092166        0.081892
2000-2009       83             0.083692        0.093360        0.087648
2000-2009       84             0.085421        0.095321        0.089391
2000-2009       85             0.066944        0.097229        0.079087
2000-2009       86             0.120342        0.135761        0.126479
2000-2009       87             0.101123        0.172468        0.128736
2000-2009       88             0.131307        0.145372        0.136674
2000-2009       89             0.119877        0.135137        0.125760
2000-2009       90             0.149522        0.211462        0.173470
2000-2009       91             0.195347        0.199174        0.196850
2000-2009       92             0.144197        0.165745        0.152931
2000-2009       93             0.163574        0.216305        0.185096
2000-2009       94             0.141335        0.269097        0.190466
2000-2009       95             0.228808        0.423284        0.294970
2000-2009       96             0.303498        0.337847        0.314871
2000-2009       97             0.190343        0.196025        0.192336
2000-2009       98             0.244013        0.715706        0.391426
2000-2009       99             0.717047        0.000000        0.489091
2000-2009      100             0.655826        1.273963        0.883409
2000-2009      101             0.735684        3.359413        1.042286
2000-2009      102             1.646137              .        1.646137
2000-2009      103                   .              .              .
2000-2009      104                   .              .              .
2000-2009      105                   .              .              .
2000-2009      106                   .              .              .
2000-2009      107                   .              .              .
2000-2009      108                   .              .              .
2000-2009      109                   .              .              .
2000-2009      110+                  .              .              .
2010-2016        0             0.007222        0.007272        0.007248
2010-2016        1             0.000911        0.000730        0.000818
2010-2016        2             0.000693        0.000736        0.000715
2010-2016        3             0.000617        0.000744        0.000682
2010-2016        4             0.000320        0.001043        0.000690
2010-2016        5             0.000478        0.000527        0.000503
2010-2016        6             0.000323        0.000154        0.000237
2010-2016        7             0.000580        0.000237        0.000405
2010-2016        8             0.000083        0.000321        0.000204
2010-2016        9             0.000511        0.000651        0.000582
2010-2016       10             0.000435        0.000498        0.000467
2010-2016       11             0.000621        0.000172        0.000391
2010-2016       12             0.000901        0.000768        0.000833
2010-2016       13             0.000826        0.000599        0.000709
2010-2016       14             0.001030        0.000861        0.000942
2010-2016       15             0.000863        0.001216        0.001048
2010-2016       16             0.001365        0.001395        0.001381
2010-2016       17             0.000494        0.001314        0.000928
2010-2016       18             0.001283        0.001046        0.001158
2010-2016       19             0.001336        0.001522        0.001435
2010-2016       20             0.000727        0.001731        0.001265
2010-2016       21             0.000871        0.001878        0.001421
2010-2016       22             0.001059        0.001562        0.001333
2010-2016       23             0.001575        0.001938        0.001769
2010-2016       24             0.000551        0.001648        0.001133
2010-2016       25             0.000648        0.001460        0.001075
2010-2016       26             0.001141        0.001432        0.001294
2010-2016       27             0.001005        0.001395        0.001207
2010-2016       28             0.000752        0.001290        0.001030
2010-2016       29             0.001013        0.001241        0.001131
2010-2016       30             0.001216        0.001497        0.001361
2010-2016       31             0.000794        0.001119        0.000962
2010-2016       32             0.001175        0.001818        0.001507
2010-2016       33             0.001076        0.001902        0.001500
2010-2016       34             0.001630        0.001544        0.001586
2010-2016       35             0.001840        0.001588        0.001710
2010-2016       36             0.001948        0.001627        0.001783
2010-2016       37             0.001503        0.002325        0.001925
2010-2016       38             0.001203        0.003252        0.002258
2010-2016       39             0.001622        0.003165        0.002422
2010-2016       40             0.001533        0.003314        0.002455
2010-2016       41             0.002292        0.002278        0.002285
2010-2016       42             0.002478        0.003360        0.002936
2010-2016       43             0.002359        0.003271        0.002832
2010-2016       44             0.002874        0.004336        0.003630
2010-2016       45             0.002841        0.002963        0.002904
2010-2016       46             0.003278        0.003819        0.003557
2010-2016       47             0.003239        0.005420        0.004364
2010-2016       48             0.003283        0.003946        0.003624
2010-2016       49             0.003959        0.005325        0.004666
2010-2016       50             0.003546        0.005628        0.004625
2010-2016       51             0.004963        0.007217        0.006135
2010-2016       52             0.004993        0.006214        0.005627
2010-2016       53             0.004483        0.007364        0.005972
2010-2016       54             0.004605        0.007478        0.006091
2010-2016       55             0.003845        0.007395        0.005678
2010-2016       56             0.004441        0.006442        0.005477
2010-2016       57             0.004418        0.008078        0.006318
2010-2016       58             0.005926        0.010358        0.008234
2010-2016       59             0.007093        0.010704        0.008987
2010-2016       60             0.007013        0.010125        0.008668
2010-2016       61             0.007380        0.010032        0.008803
2010-2016       62             0.009620        0.013594        0.011770
2010-2016       63             0.009538        0.012418        0.011111
2010-2016       64             0.008768        0.013789        0.011537
2010-2016       65             0.008440        0.015820        0.012524
2010-2016       66             0.013568        0.013266        0.013400
2010-2016       67             0.010872        0.016202        0.013849
2010-2016       68             0.011880        0.022219        0.017650
2010-2016       69             0.017784        0.019624        0.018812
2010-2016       70             0.022314        0.029005        0.026025
2010-2016       71             0.016718        0.026072        0.021900
2010-2016       72             0.021273        0.034530        0.028556
2010-2016       73             0.016355        0.029955        0.023797
2010-2016       74             0.027127        0.036238        0.032116
2010-2016       75             0.032445        0.043624        0.038523
2010-2016       76             0.033490        0.043180        0.038656
2010-2016       77             0.040430        0.059449        0.050165
2010-2016       78             0.031828        0.050208        0.041097
2010-2016       79             0.025346        0.063399        0.043999
2010-2016       80             0.040799        0.068361        0.054091
2010-2016       81             0.045840        0.071085        0.057805
2010-2016       82             0.056945        0.089958        0.072275
2010-2016       83             0.070736        0.109453        0.088869
2010-2016       84             0.058560        0.092086        0.073992
2010-2016       85             0.090121        0.117213        0.102138
2010-2016       86             0.112358        0.126384        0.118456
2010-2016       87             0.078779        0.111228        0.092461
2010-2016       88             0.138906        0.182657        0.156682
2010-2016       89             0.105296        0.137826        0.117694
2010-2016       90             0.114145        0.120601        0.116496
2010-2016       91             0.133323        0.251504        0.174228
2010-2016       92             0.167042        0.191655        0.175069
2010-2016       93             0.226404        0.115728        0.190131
2010-2016       94             0.244885        0.321151        0.270250
2010-2016       95             0.257607        0.530154        0.343081
2010-2016       96             0.312364        0.086430        0.242300
2010-2016       97             0.429429        0.339676        0.399279
2010-2016       98             0.151276        1.132931        0.396957
2010-2016       99             0.571676        1.247606        0.647651
2010-2016      100             0.889390        2.000000        0.944298
2010-2016      101             1.192053              .        1.192053
2010-2016      102             3.135135              .        3.135135
2010-2016      103                   .              .              .
2010-2016      104                   .              .              .
2010-2016      105                   .              .              .
2010-2016      106                   .              .              .
2010-2016      107                   .              .              .
2010-2016      108                   .              .              .
2010-2016      109                   .              .              .
2010-2016      110+                  .              .              .
