SA, Life tables (period 1x10), Total	Last modified: 23 May 2023;  Methods Protocol: v6 (2017)

  Year          Age         mx       qx    ax      lx      dx      Lx       Tx     ex
1971-1979        0      0.01341  0.01326  0.12  100000    1326   98836  7368741  73.69
1971-1979        1      0.00113  0.00113  0.50   98674     111   98619  7269906  73.68
1971-1979        2      0.00065  0.00065  0.50   98563      64   98531  7171287  72.76
1971-1979        3      0.00055  0.00055  0.50   98499      55   98472  7072756  71.81
1971-1979        4      0.00042  0.00042  0.50   98445      41   98424  6974285  70.84
1971-1979        5      0.00032  0.00032  0.50   98403      32   98387  6875861  69.87
1971-1979        6      0.00024  0.00024  0.50   98371      24   98360  6777473  68.90
1971-1979        7      0.00029  0.00029  0.50   98348      28   98334  6679114  67.91
1971-1979        8      0.00029  0.00029  0.50   98320      28   98306  6580780  66.93
1971-1979        9      0.00030  0.00030  0.50   98291      30   98277  6482475  65.95
1971-1979       10      0.00014  0.00014  0.50   98262      14   98255  6384198  64.97
1971-1979       11      0.00028  0.00028  0.50   98248      27   98234  6285943  63.98
1971-1979       12      0.00026  0.00026  0.50   98221      25   98208  6187709  63.00
1971-1979       13      0.00027  0.00027  0.50   98195      26   98182  6089501  62.01
1971-1979       14      0.00030  0.00030  0.50   98169      30   98154  5991319  61.03
1971-1979       15      0.00054  0.00054  0.50   98139      53   98113  5893165  60.05
1971-1979       16      0.00090  0.00090  0.50   98086      88   98042  5795052  59.08
1971-1979       17      0.00108  0.00108  0.50   97998     106   97945  5697010  58.13
1971-1979       18      0.00137  0.00137  0.50   97892     134   97825  5599065  57.20
1971-1979       19      0.00128  0.00128  0.50   97758     125   97696  5501240  56.27
1971-1979       20      0.00118  0.00118  0.50   97633     116   97575  5403544  55.35
1971-1979       21      0.00109  0.00109  0.50   97518     107   97464  5305969  54.41
1971-1979       22      0.00101  0.00101  0.50   97411      98   97362  5208505  53.47
1971-1979       23      0.00081  0.00081  0.50   97313      79   97274  5111143  52.52
1971-1979       24      0.00080  0.00080  0.50   97234      78   97195  5013869  51.56
1971-1979       25      0.00087  0.00087  0.50   97156      85   97114  4916674  50.61
1971-1979       26      0.00100  0.00099  0.50   97071      97   97023  4819560  49.65
1971-1979       27      0.00080  0.00080  0.50   96975      78   96936  4722537  48.70
1971-1979       28      0.00083  0.00083  0.50   96897      81   96856  4625601  47.74
1971-1979       29      0.00084  0.00084  0.50   96816      81   96775  4528745  46.78
1971-1979       30      0.00074  0.00074  0.50   96735      71   96699  4431970  45.82
1971-1979       31      0.00097  0.00097  0.50   96663      94   96616  4335271  44.85
1971-1979       32      0.00097  0.00097  0.50   96570      94   96523  4238654  43.89
1971-1979       33      0.00086  0.00086  0.50   96476      83   96435  4142132  42.93
1971-1979       34      0.00116  0.00116  0.50   96393     112   96337  4045697  41.97
1971-1979       35      0.00110  0.00110  0.50   96281     106   96228  3949360  41.02
1971-1979       36      0.00124  0.00124  0.50   96175     119   96116  3853131  40.06
1971-1979       37      0.00144  0.00144  0.50   96057     138   95988  3757015  39.11
1971-1979       38      0.00145  0.00145  0.50   95919     139   95849  3661028  38.17
1971-1979       39      0.00159  0.00159  0.50   95780     152   95704  3565178  37.22
1971-1979       40      0.00176  0.00176  0.50   95628     168   95544  3469474  36.28
1971-1979       41      0.00197  0.00196  0.50   95460     187   95366  3373931  35.34
1971-1979       42      0.00222  0.00222  0.50   95272     211   95167  3278565  34.41
1971-1979       43      0.00227  0.00227  0.50   95061     216   94953  3183399  33.49
1971-1979       44      0.00274  0.00274  0.50   94845     260   94715  3088445  32.56
1971-1979       45      0.00254  0.00254  0.50   94586     240   94466  2993730  31.65
1971-1979       46      0.00357  0.00357  0.50   94345     337   94177  2899264  30.73
1971-1979       47      0.00371  0.00371  0.50   94009     348   93835  2805087  29.84
1971-1979       48      0.00478  0.00477  0.50   93660     447   93437  2711253  28.95
1971-1979       49      0.00503  0.00502  0.50   93214     468   92980  2617816  28.08
1971-1979       50      0.00522  0.00520  0.50   92746     483   92504  2524836  27.22
1971-1979       51      0.00541  0.00540  0.50   92263     498   92014  2432331  26.36
1971-1979       52      0.00656  0.00654  0.50   91765     600   91465  2340317  25.50
1971-1979       53      0.00669  0.00666  0.50   91165     608   90861  2248852  24.67
1971-1979       54      0.00738  0.00735  0.50   90557     665   90224  2157992  23.83
1971-1979       55      0.00781  0.00778  0.50   89892     699   89542  2067767  23.00
1971-1979       56      0.00921  0.00917  0.50   89193     818   88784  1978225  22.18
1971-1979       57      0.00957  0.00953  0.50   88375     842   87954  1889441  21.38
1971-1979       58      0.01094  0.01088  0.50   87533     952   87057  1801487  20.58
1971-1979       59      0.01248  0.01240  0.50   86581    1074   86044  1714431  19.80
1971-1979       60      0.01366  0.01356  0.50   85507    1160   84927  1628387  19.04
1971-1979       61      0.01433  0.01423  0.50   84347    1200   83747  1543460  18.30
1971-1979       62      0.01629  0.01616  0.50   83147    1344   82475  1459713  17.56
1971-1979       63      0.01770  0.01754  0.50   81803    1435   81085  1377238  16.84
1971-1979       64      0.01907  0.01889  0.50   80368    1518   79609  1296153  16.13
1971-1979       65      0.02101  0.02079  0.50   78849    1639   78030  1216545  15.43
1971-1979       66      0.02204  0.02180  0.50   77210    1683   76368  1138515  14.75
1971-1979       67      0.02713  0.02676  0.50   75527    2021   74516  1062147  14.06
1971-1979       68      0.02690  0.02654  0.50   73505    1951   72530   987630  13.44
1971-1979       69      0.03161  0.03112  0.50   71555    2227   70441   915100  12.79
1971-1979       70      0.03380  0.03323  0.50   69328    2304   68176   844659  12.18
1971-1979       71      0.03720  0.03652  0.50   67024    2448   65800   776483  11.59
1971-1979       72      0.04052  0.03971  0.50   64576    2565   63294   710683  11.01
1971-1979       73      0.04519  0.04419  0.50   62012    2740   60641   647389  10.44
1971-1979       74      0.05020  0.04897  0.50   59271    2902   57820   586747   9.90
1971-1979       75      0.05392  0.05251  0.50   56369    2960   54889   528927   9.38
1971-1979       76      0.06028  0.05852  0.50   53409    3125   51846   474039   8.88
1971-1979       77      0.06426  0.06225  0.50   50284    3130   48718   422192   8.40
1971-1979       78      0.07134  0.06888  0.50   47153    3248   45529   373474   7.92
1971-1979       79      0.07726  0.07439  0.50   43905    3266   42272   327945   7.47
1971-1979       80      0.08150  0.07831  0.50   40639    3182   39048   285672   7.03
1971-1979       81      0.09164  0.08763  0.50   37457    3282   35816   246624   6.58
1971-1979       82      0.10235  0.09737  0.50   34175    3327   32511   210808   6.17
1971-1979       83      0.11313  0.10708  0.50   30847    3303   29196   178297   5.78
1971-1979       84      0.12567  0.11824  0.50   27544    3257   25916   149101   5.41
1971-1979       85      0.14001  0.13085  0.50   24287    3178   22698   123186   5.07
1971-1979       86      0.15784  0.14629  0.50   21109    3088   19565   100487   4.76
1971-1979       87      0.17395  0.16003  0.50   18021    2884   16579    80922   4.49
1971-1979       88      0.17663  0.16229  0.50   15137    2457   13909    64343   4.25
1971-1979       89      0.20254  0.18391  0.50   12681    2332   11515    50434   3.98
1971-1979       90      0.20584  0.18663  0.50   10348    1931    9383    38919   3.76
1971-1979       91      0.22130  0.19926  0.50    8417    1677    7579    29537   3.51
1971-1979       92      0.26103  0.23089  0.50    6740    1556    5962    21958   3.26
1971-1979       93      0.27314  0.24032  0.50    5184    1246    4561    15996   3.09
1971-1979       94      0.27526  0.24196  0.50    3938     953    3462    11435   2.90
1971-1979       95      0.32500  0.27957  0.50    2985     835    2568     7974   2.67
1971-1979       96      0.35034  0.29812  0.50    2151     641    1830     5406   2.51
1971-1979       97      0.37666  0.31697  0.50    1509     478    1270     3576   2.37
1971-1979       98      0.40384  0.33600  0.50    1031     346     858     2306   2.24
1971-1979       99      0.43174  0.35509  0.50     685     243     563     1448   2.11
1971-1979      100      0.46020  0.37412  0.50     442     165     359      885   2.00
1971-1979      101      0.48903  0.39295  0.50     276     109     222      526   1.90
1971-1979      102      0.51804  0.41146  0.50     168      69     133      304   1.81
1971-1979      103      0.54704  0.42955  0.50      99      42      78      171   1.73
1971-1979      104      0.57581  0.44709  0.50      56      25      44       93   1.65
1971-1979      105      0.60418  0.46401  0.50      31      14      24       49   1.58
1971-1979      106      0.63194  0.48021  0.50      17       8      13       25   1.52
1971-1979      107      0.65893  0.49563  0.50       9       4       7       13   1.47
1971-1979      108      0.68500  0.51024  0.50       4       2       3        6   1.42
1971-1979      109      0.71001  0.52399  0.50       2       1       2        3   1.39
1971-1979      110+     0.73386  1.00000  1.36       1       1       1        1   1.36
1980-1989        0      0.00870  0.00863  0.13  100000     863   99250  7628065  76.28
1980-1989        1      0.00076  0.00076  0.50   99137      75   99099  7528815  75.94
1980-1989        2      0.00047  0.00047  0.50   99062      47   99038  7429715  75.00
1980-1989        3      0.00031  0.00031  0.50   99015      31   99000  7330677  74.04
1980-1989        4      0.00025  0.00025  0.50   98984      24   98972  7231677  73.06
1980-1989        5      0.00027  0.00027  0.50   98960      26   98947  7132705  72.08
1980-1989        6      0.00027  0.00027  0.50   98933      26   98920  7033758  71.10
1980-1989        7      0.00023  0.00023  0.50   98907      23   98895  6934838  70.11
1980-1989        8      0.00023  0.00023  0.50   98884      22   98873  6835943  69.13
1980-1989        9      0.00026  0.00026  0.50   98861      25   98849  6737070  68.15
1980-1989       10      0.00020  0.00020  0.50   98836      20   98826  6638221  67.16
1980-1989       11      0.00022  0.00022  0.50   98816      22   98805  6539395  66.18
1980-1989       12      0.00019  0.00019  0.50   98794      19   98785  6440590  65.19
1980-1989       13      0.00029  0.00029  0.50   98775      28   98761  6341805  64.20
1980-1989       14      0.00028  0.00028  0.50   98747      27   98733  6243044  63.22
1980-1989       15      0.00045  0.00045  0.50   98719      45   98697  6144311  62.24
1980-1989       16      0.00060  0.00060  0.50   98675      60   98645  6045614  61.27
1980-1989       17      0.00100  0.00099  0.50   98615      98   98566  5946969  60.30
1980-1989       18      0.00103  0.00103  0.50   98517     101   98467  5848403  59.36
1980-1989       19      0.00103  0.00103  0.50   98416     101   98365  5749936  58.42
1980-1989       20      0.00110  0.00110  0.50   98315     108   98261  5651571  57.48
1980-1989       21      0.00093  0.00093  0.50   98207      91   98161  5553310  56.55
1980-1989       22      0.00083  0.00083  0.50   98116      81   98075  5455148  55.60
1980-1989       23      0.00090  0.00090  0.50   98035      88   97991  5357073  54.64
1980-1989       24      0.00086  0.00086  0.50   97947      84   97905  5259082  53.69
1980-1989       25      0.00077  0.00077  0.50   97863      75   97825  5161177  52.74
1980-1989       26      0.00080  0.00080  0.50   97788      78   97749  5063352  51.78
1980-1989       27      0.00083  0.00083  0.50   97710      81   97669  4965603  50.82
1980-1989       28      0.00087  0.00087  0.50   97629      85   97587  4867934  49.86
1980-1989       29      0.00084  0.00084  0.50   97544      82   97504  4770347  48.90
1980-1989       30      0.00080  0.00080  0.50   97463      78   97424  4672843  47.94
1980-1989       31      0.00087  0.00087  0.50   97385      85   97343  4575419  46.98
1980-1989       32      0.00086  0.00086  0.50   97301      83   97259  4478076  46.02
1980-1989       33      0.00087  0.00087  0.50   97217      84   97175  4380817  45.06
1980-1989       34      0.00086  0.00086  0.50   97133      83   97091  4283642  44.10
1980-1989       35      0.00096  0.00095  0.50   97050      93   97003  4186550  43.14
1980-1989       36      0.00104  0.00104  0.50   96957     101   96906  4089547  42.18
1980-1989       37      0.00091  0.00091  0.50   96856      88   96812  3992641  41.22
1980-1989       38      0.00113  0.00113  0.50   96768     109   96714  3895829  40.26
1980-1989       39      0.00135  0.00135  0.50   96659     130   96594  3799115  39.30
1980-1989       40      0.00132  0.00132  0.50   96529     128   96465  3702521  38.36
1980-1989       41      0.00140  0.00140  0.50   96401     135   96334  3606056  37.41
1980-1989       42      0.00174  0.00174  0.50   96266     167   96182  3509723  36.46
1980-1989       43      0.00181  0.00181  0.50   96099     174   96012  3413540  35.52
1980-1989       44      0.00185  0.00185  0.50   95925     177   95836  3317529  34.58
1980-1989       45      0.00216  0.00216  0.50   95748     207   95644  3221692  33.65
1980-1989       46      0.00257  0.00257  0.50   95541     245   95418  3126048  32.72
1980-1989       47      0.00279  0.00279  0.50   95295     266   95162  3030630  31.80
1980-1989       48      0.00296  0.00295  0.50   95029     281   94889  2935468  30.89
1980-1989       49      0.00351  0.00350  0.50   94748     332   94583  2840579  29.98
1980-1989       50      0.00396  0.00396  0.50   94417     373   94230  2745997  29.08
1980-1989       51      0.00470  0.00469  0.50   94043     441   93823  2651767  28.20
1980-1989       52      0.00462  0.00461  0.50   93602     432   93386  2557944  27.33
1980-1989       53      0.00521  0.00519  0.50   93171     484   92929  2464557  26.45
1980-1989       54      0.00607  0.00605  0.50   92687     561   92406  2371629  25.59
1980-1989       55      0.00638  0.00636  0.50   92126     586   91833  2279223  24.74
1980-1989       56      0.00726  0.00724  0.50   91540     663   91209  2187389  23.90
1980-1989       57      0.00836  0.00833  0.50   90878     757   90499  2096180  23.07
1980-1989       58      0.00938  0.00934  0.50   90121     841   89700  2005681  22.26
1980-1989       59      0.01005  0.01000  0.50   89280     893   88833  1915981  21.46
1980-1989       60      0.01049  0.01044  0.50   88387     923   87925  1827148  20.67
1980-1989       61      0.01168  0.01161  0.50   87464    1016   86956  1739223  19.89
1980-1989       62      0.01252  0.01244  0.50   86448    1076   85910  1652267  19.11
1980-1989       63      0.01372  0.01363  0.50   85373    1163   84791  1566356  18.35
1980-1989       64      0.01531  0.01519  0.50   84209    1279   83569  1481565  17.59
1980-1989       65      0.01769  0.01754  0.50   82930    1454   82203  1397996  16.86
1980-1989       66      0.01843  0.01826  0.50   81476    1488   80732  1315793  16.15
1980-1989       67      0.02058  0.02037  0.50   79988    1629   79173  1235062  15.44
1980-1989       68      0.02121  0.02099  0.50   78358    1644   77536  1155889  14.75
1980-1989       69      0.02520  0.02489  0.50   76714    1909   75759  1078353  14.06
1980-1989       70      0.02781  0.02742  0.50   74804    2051   73779  1002594  13.40
1980-1989       71      0.02940  0.02898  0.50   72753    2108   71699   928815  12.77
1980-1989       72      0.03364  0.03309  0.50   70645    2337   69476   857117  12.13
1980-1989       73      0.03670  0.03604  0.50   68307    2462   67076   787641  11.53
1980-1989       74      0.03965  0.03888  0.50   65845    2560   64565   720565  10.94
1980-1989       75      0.04475  0.04377  0.50   63285    2770   61900   655999  10.37
1980-1989       76      0.04805  0.04692  0.50   60515    2840   59095   594099   9.82
1980-1989       77      0.05219  0.05086  0.50   57676    2934   56209   535004   9.28
1980-1989       78      0.05902  0.05732  0.50   54742    3138   53173   478795   8.75
1980-1989       79      0.06497  0.06292  0.50   51604    3247   49980   425622   8.25
1980-1989       80      0.07176  0.06927  0.50   48357    3350   46682   375641   7.77
1980-1989       81      0.07876  0.07578  0.50   45007    3411   43302   328959   7.31
1980-1989       82      0.08943  0.08560  0.50   41597    3561   39816   285658   6.87
1980-1989       83      0.09772  0.09316  0.50   38036    3544   36264   245841   6.46
1980-1989       84      0.10641  0.10103  0.50   34492    3485   32750   209577   6.08
1980-1989       85      0.11521  0.10894  0.50   31007    3378   29318   176828   5.70
1980-1989       86      0.12836  0.12062  0.50   27629    3333   25963   147509   5.34
1980-1989       87      0.14470  0.13494  0.50   24297    3279   22658   121546   5.00
1980-1989       88      0.14784  0.13766  0.50   21018    2893   19572    98888   4.70
1980-1989       89      0.17043  0.15704  0.50   18125    2846   16702    79317   4.38
1980-1989       90      0.18899  0.17267  0.50   15278    2638   13959    62615   4.10
1980-1989       91      0.19844  0.18053  0.50   12640    2282   11499    48656   3.85
1980-1989       92      0.21782  0.19643  0.50   10358    2035    9341    37156   3.59
1980-1989       93      0.24163  0.21558  0.50    8324    1794    7426    27815   3.34
1980-1989       94      0.26599  0.23476  0.50    6529    1533    5763    20389   3.12
1980-1989       95      0.28834  0.25201  0.50    4996    1259    4367    14626   2.93
1980-1989       96      0.31278  0.27048  0.50    3737    1011    3232    10259   2.75
1980-1989       97      0.33841  0.28944  0.50    2726     789    2332     7027   2.58
1980-1989       98      0.36514  0.30877  0.50    1937     598    1638     4695   2.42
1980-1989       99      0.39282  0.32834  0.50    1339     440    1119     3057   2.28
1980-1989      100      0.42130  0.34800  0.50     899     313     743     1938   2.15
1980-1989      101      0.45039  0.36761  0.50     586     216     479     1195   2.04
1980-1989      102      0.47989  0.38703  0.50     371     144     299      716   1.93
1980-1989      103      0.50960  0.40612  0.50     227      92     181      417   1.84
1980-1989      104      0.53928  0.42475  0.50     135      57     106      236   1.75
1980-1989      105      0.56873  0.44281  0.50      78      34      60      130   1.67
1980-1989      106      0.59774  0.46020  0.50      43      20      33       69   1.60
1980-1989      107      0.62610  0.47683  0.50      23      11      18       36   1.54
1980-1989      108      0.65363  0.49263  0.50      12       6       9       18   1.49
1980-1989      109      0.68018  0.50756  0.50       6       3       5        9   1.44
1980-1989      110+     0.70562  1.00000  1.42       3       3       4        4   1.42
1990-1999        0      0.00541  0.00538  0.14  100000     538   99536  7837655  78.38
1990-1999        1      0.00040  0.00040  0.50   99462      40   99442  7738119  77.80
1990-1999        2      0.00031  0.00031  0.50   99422      31   99407  7638677  76.83
1990-1999        3      0.00023  0.00023  0.50   99391      23   99379  7539270  75.85
1990-1999        4      0.00025  0.00025  0.50   99368      25   99355  7439891  74.87
1990-1999        5      0.00019  0.00019  0.50   99343      19   99333  7340536  73.89
1990-1999        6      0.00023  0.00023  0.50   99324      23   99312  7241202  72.91
1990-1999        7      0.00021  0.00021  0.50   99300      21   99290  7141890  71.92
1990-1999        8      0.00019  0.00019  0.50   99279      19   99270  7042600  70.94
1990-1999        9      0.00017  0.00017  0.50   99260      17   99252  6943331  69.95
1990-1999       10      0.00012  0.00012  0.50   99243      12   99237  6844079  68.96
1990-1999       11      0.00016  0.00016  0.50   99231      16   99223  6744842  67.97
1990-1999       12      0.00020  0.00020  0.50   99215      20   99205  6645619  66.98
1990-1999       13      0.00021  0.00021  0.50   99195      20   99185  6546414  66.00
1990-1999       14      0.00032  0.00032  0.50   99175      31   99159  6447229  65.01
1990-1999       15      0.00032  0.00032  0.50   99143      31   99128  6348070  64.03
1990-1999       16      0.00057  0.00057  0.50   99112      56   99084  6248943  63.05
1990-1999       17      0.00057  0.00057  0.50   99056      57   99027  6149859  62.08
1990-1999       18      0.00081  0.00081  0.50   98999      80   98959  6050832  61.12
1990-1999       19      0.00083  0.00083  0.50   98918      82   98877  5951873  60.17
1990-1999       20      0.00086  0.00086  0.50   98836      85   98794  5852996  59.22
1990-1999       21      0.00087  0.00087  0.50   98751      86   98708  5754203  58.27
1990-1999       22      0.00080  0.00080  0.50   98666      79   98626  5655494  57.32
1990-1999       23      0.00082  0.00082  0.50   98587      81   98546  5556868  56.37
1990-1999       24      0.00086  0.00086  0.50   98506      85   98463  5458322  55.41
1990-1999       25      0.00092  0.00092  0.50   98421      91   98375  5359859  54.46
1990-1999       26      0.00104  0.00104  0.50   98330     103   98279  5261483  53.51
1990-1999       27      0.00084  0.00084  0.50   98228      83   98186  5163205  52.56
1990-1999       28      0.00086  0.00086  0.50   98145      84   98103  5065018  51.61
1990-1999       29      0.00077  0.00077  0.50   98060      75   98023  4966916  50.65
1990-1999       30      0.00095  0.00095  0.50   97985      93   97939  4868893  49.69
1990-1999       31      0.00095  0.00095  0.50   97892      93   97846  4770954  48.74
1990-1999       32      0.00113  0.00113  0.50   97799     110   97744  4673108  47.78
1990-1999       33      0.00102  0.00101  0.50   97689      99   97639  4575364  46.84
1990-1999       34      0.00097  0.00097  0.50   97590      94   97543  4477725  45.88
1990-1999       35      0.00116  0.00116  0.50   97495     113   97439  4380182  44.93
1990-1999       36      0.00106  0.00105  0.50   97382     103   97331  4282744  43.98
1990-1999       37      0.00109  0.00109  0.50   97279     106   97226  4185413  43.02
1990-1999       38      0.00115  0.00115  0.50   97173     112   97117  4088187  42.07
1990-1999       39      0.00130  0.00129  0.50   97062     126   96999  3991069  41.12
1990-1999       40      0.00121  0.00121  0.50   96936     118   96877  3894070  40.17
1990-1999       41      0.00146  0.00146  0.50   96818     142   96747  3797193  39.22
1990-1999       42      0.00144  0.00144  0.50   96677     139   96607  3700446  38.28
1990-1999       43      0.00155  0.00155  0.50   96537     150   96462  3603839  37.33
1990-1999       44      0.00172  0.00172  0.50   96387     166   96304  3507377  36.39
1990-1999       45      0.00183  0.00183  0.50   96221     176   96134  3411072  35.45
1990-1999       46      0.00202  0.00202  0.50   96046     194   95949  3314939  34.51
1990-1999       47      0.00214  0.00214  0.50   95852     205   95749  3218990  33.58
1990-1999       48      0.00229  0.00229  0.50   95647     219   95537  3123241  32.65
1990-1999       49      0.00247  0.00247  0.50   95428     236   95310  3027704  31.73
1990-1999       50      0.00290  0.00289  0.50   95192     275   95054  2932394  30.81
1990-1999       51      0.00338  0.00338  0.50   94916     321   94756  2837340  29.89
1990-1999       52      0.00372  0.00371  0.50   94596     351   94420  2742584  28.99
1990-1999       53      0.00399  0.00398  0.50   94244     375   94057  2648164  28.10
1990-1999       54      0.00413  0.00412  0.50   93869     386   93676  2554108  27.21
1990-1999       55      0.00472  0.00471  0.50   93483     440   93263  2460432  26.32
1990-1999       56      0.00525  0.00523  0.50   93043     487   92799  2367169  25.44
1990-1999       57      0.00580  0.00578  0.50   92556     535   92288  2274370  24.57
1990-1999       58      0.00644  0.00642  0.50   92021     591   91725  2182082  23.71
1990-1999       59      0.00708  0.00706  0.50   91430     645   91108  2090356  22.86
1990-1999       60      0.00806  0.00803  0.50   90785     729   90421  1999249  22.02
1990-1999       61      0.00847  0.00843  0.50   90056     759   89677  1908828  21.20
1990-1999       62      0.00997  0.00992  0.50   89297     886   88854  1819152  20.37
1990-1999       63      0.01140  0.01133  0.50   88411    1002   87910  1730298  19.57
1990-1999       64      0.01246  0.01238  0.50   87409    1082   86868  1642388  18.79
1990-1999       65      0.01375  0.01366  0.50   86327    1179   85737  1555521  18.02
1990-1999       66      0.01616  0.01603  0.50   85147    1365   84465  1469784  17.26
1990-1999       67      0.01725  0.01710  0.50   83782    1433   83066  1385319  16.53
1990-1999       68      0.01864  0.01847  0.50   82350    1521   81589  1302253  15.81
1990-1999       69      0.02046  0.02025  0.50   80829    1637   80010  1220664  15.10
1990-1999       70      0.02233  0.02208  0.50   79192    1749   78317  1140653  14.40
1990-1999       71      0.02460  0.02430  0.50   77443    1882   76502  1062336  13.72
1990-1999       72      0.02728  0.02691  0.50   75561    2034   74544   985834  13.05
1990-1999       73      0.02971  0.02928  0.50   73527    2153   72451   911290  12.39
1990-1999       74      0.03218  0.03167  0.50   71375    2260   70244   838839  11.75
1990-1999       75      0.03604  0.03541  0.50   69114    2447   67891   768595  11.12
1990-1999       76      0.03957  0.03880  0.50   66667    2587   65374   700704  10.51
1990-1999       77      0.04516  0.04416  0.50   64081    2830   62666   635330   9.91
1990-1999       78      0.04934  0.04815  0.50   61251    2949   59776   572664   9.35
1990-1999       79      0.05533  0.05385  0.50   58301    3139   56732   512888   8.80
1990-1999       80      0.06290  0.06098  0.50   55162    3364   53480   456157   8.27
1990-1999       81      0.06813  0.06589  0.50   51798    3413   50092   402677   7.77
1990-1999       82      0.07959  0.07654  0.50   48385    3703   46533   352585   7.29
1990-1999       83      0.08610  0.08254  0.50   44682    3688   42838   306052   6.85
1990-1999       84      0.09541  0.09106  0.50   40994    3733   39127   263214   6.42
1990-1999       85      0.10311  0.09805  0.50   37261    3654   35434   224087   6.01
1990-1999       86      0.11667  0.11024  0.50   33607    3705   31755   188654   5.61
1990-1999       87      0.13135  0.12325  0.50   29902    3686   28059   156899   5.25
1990-1999       88      0.14015  0.13097  0.50   26217    3434   24500   128840   4.91
1990-1999       89      0.16243  0.15023  0.50   22783    3423   21072   104340   4.58
1990-1999       90      0.16526  0.15265  0.50   19360    2955   17883    83268   4.30
1990-1999       91      0.18595  0.17013  0.50   16405    2791   15009    65386   3.99
1990-1999       92      0.21872  0.19716  0.50   13614    2684   12272    50376   3.70
1990-1999       93      0.22766  0.20439  0.50   10930    2234    9813    38104   3.49
1990-1999       94      0.24536  0.21855  0.50    8696    1900    7746    28291   3.25
1990-1999       95      0.27502  0.24177  0.50    6795    1643    5974    20546   3.02
1990-1999       96      0.29958  0.26055  0.50    5152    1342    4481    14572   2.83
1990-1999       97      0.32549  0.27993  0.50    3810    1067    3277    10091   2.65
1990-1999       98      0.35265  0.29979  0.50    2743     822    2332     6814   2.48
1990-1999       99      0.38094  0.31999  0.50    1921     615    1614     4482   2.33
1990-1999      100      0.41021  0.34039  0.50    1306     445    1084     2868   2.20
1990-1999      101      0.44027  0.36083  0.50     862     311     706     1784   2.07
1990-1999      102      0.47090  0.38115  0.50     551     210     446     1078   1.96
1990-1999      103      0.50187  0.40120  0.50     341     137     272      632   1.85
1990-1999      104      0.53295  0.42081  0.50     204      86     161      360   1.76
1990-1999      105      0.56387  0.43986  0.50     118      52      92      199   1.68
1990-1999      106      0.59440  0.45822  0.50      66      30      51      106   1.61
1990-1999      107      0.62430  0.47578  0.50      36      17      27       55   1.54
1990-1999      108      0.65335  0.49247  0.50      19       9      14       28   1.48
1990-1999      109      0.68136  0.50822  0.50      10       5       7       14   1.44
1990-1999      110+     0.70818  1.00000  1.41       5       5       7        7   1.41
2000-2009        0      0.00406  0.00405  0.14  100000     405   99652  8068394  80.68
2000-2009        1      0.00045  0.00045  0.50   99595      44   99573  7968742  80.01
2000-2009        2      0.00030  0.00030  0.50   99551      30   99536  7869169  79.05
2000-2009        3      0.00019  0.00019  0.50   99521      19   99512  7769633  78.07
2000-2009        4      0.00017  0.00017  0.50   99502      17   99494  7670121  77.08
2000-2009        5      0.00016  0.00016  0.50   99486      16   99478  7570627  76.10
2000-2009        6      0.00025  0.00025  0.50   99470      25   99457  7471149  75.11
2000-2009        7      0.00013  0.00013  0.50   99445      12   99439  7371691  74.13
2000-2009        8      0.00016  0.00016  0.50   99433      16   99425  7272253  73.14
2000-2009        9      0.00013  0.00013  0.50   99417      13   99410  7172828  72.15
2000-2009       10      0.00017  0.00017  0.50   99404      17   99395  7073418  71.16
2000-2009       11      0.00012  0.00012  0.50   99387      12   99381  6974023  70.17
2000-2009       12      0.00019  0.00019  0.50   99375      19   99365  6874642  69.18
2000-2009       13      0.00014  0.00014  0.50   99355      14   99348  6775277  68.19
2000-2009       14      0.00018  0.00018  0.50   99341      18   99332  6675929  67.20
2000-2009       15      0.00031  0.00031  0.50   99323      31   99308  6576596  66.21
2000-2009       16      0.00028  0.00028  0.50   99292      27   99279  6477289  65.23
2000-2009       17      0.00041  0.00041  0.50   99265      41   99244  6378010  64.25
2000-2009       18      0.00053  0.00053  0.50   99224      53   99197  6278766  63.28
2000-2009       19      0.00055  0.00055  0.50   99171      55   99144  6179568  62.31
2000-2009       20      0.00061  0.00061  0.50   99116      60   99086  6080425  61.35
2000-2009       21      0.00058  0.00058  0.50   99056      57   99027  5981339  60.38
2000-2009       22      0.00058  0.00058  0.50   98999      57   98970  5882311  59.42
2000-2009       23      0.00067  0.00067  0.50   98942      67   98908  5783341  58.45
2000-2009       24      0.00059  0.00059  0.50   98875      59   98846  5684433  57.49
2000-2009       25      0.00061  0.00061  0.50   98817      60   98787  5585587  56.52
2000-2009       26      0.00075  0.00075  0.50   98757      74   98720  5486800  55.56
2000-2009       27      0.00080  0.00080  0.50   98683      79   98644  5388080  54.60
2000-2009       28      0.00086  0.00086  0.50   98605      85   98562  5289436  53.64
2000-2009       29      0.00071  0.00071  0.50   98520      70   98485  5190874  52.69
2000-2009       30      0.00088  0.00088  0.50   98450      87   98407  5092389  51.73
2000-2009       31      0.00082  0.00082  0.50   98363      81   98323  4993983  50.77
2000-2009       32      0.00081  0.00081  0.50   98283      80   98243  4895660  49.81
2000-2009       33      0.00098  0.00098  0.50   98203      96   98155  4797417  48.85
2000-2009       34      0.00091  0.00091  0.50   98107      89   98062  4699262  47.90
2000-2009       35      0.00086  0.00086  0.50   98018      84   97975  4601200  46.94
2000-2009       36      0.00105  0.00105  0.50   97933     103   97882  4503225  45.98
2000-2009       37      0.00101  0.00101  0.50   97830      98   97781  4405343  45.03
2000-2009       38      0.00118  0.00118  0.50   97732     115   97674  4307562  44.08
2000-2009       39      0.00126  0.00126  0.50   97617     123   97555  4209887  43.13
2000-2009       40      0.00134  0.00133  0.50   97494     130   97429  4112332  42.18
2000-2009       41      0.00128  0.00128  0.50   97364     125   97301  4014903  41.24
2000-2009       42      0.00146  0.00146  0.50   97239     142   97168  3917602  40.29
2000-2009       43      0.00177  0.00177  0.50   97097     172   97011  3820433  39.35
2000-2009       44      0.00162  0.00161  0.50   96926     156   96847  3723422  38.42
2000-2009       45      0.00176  0.00176  0.50   96769     171   96684  3626575  37.48
2000-2009       46      0.00200  0.00200  0.50   96599     193   96502  3529891  36.54
2000-2009       47      0.00209  0.00209  0.50   96406     202   96305  3433389  35.61
2000-2009       48      0.00232  0.00232  0.50   96204     223   96092  3337084  34.69
2000-2009       49      0.00237  0.00237  0.50   95981     227   95867  3240992  33.77
2000-2009       50      0.00281  0.00281  0.50   95754     269   95619  3145125  32.85
2000-2009       51      0.00280  0.00280  0.50   95485     267   95351  3049505  31.94
2000-2009       52      0.00305  0.00304  0.50   95218     290   95073  2954154  31.03
2000-2009       53      0.00334  0.00333  0.50   94928     316   94770  2859081  30.12
2000-2009       54      0.00363  0.00363  0.50   94611     343   94440  2764311  29.22
2000-2009       55      0.00393  0.00392  0.50   94268     370   94084  2669871  28.32
2000-2009       56      0.00426  0.00425  0.50   93899     399   93699  2575788  27.43
2000-2009       57      0.00465  0.00464  0.50   93500     434   93283  2482089  26.55
2000-2009       58      0.00516  0.00515  0.50   93065     479   92826  2388806  25.67
2000-2009       59      0.00565  0.00563  0.50   92587     521   92326  2295980  24.80
2000-2009       60      0.00594  0.00592  0.50   92065     545   91793  2203654  23.94
2000-2009       61      0.00676  0.00674  0.50   91520     617   91212  2111861  23.08
2000-2009       62      0.00714  0.00711  0.50   90904     647   90580  2020649  22.23
2000-2009       63      0.00808  0.00805  0.50   90257     726   89894  1930069  21.38
2000-2009       64      0.00824  0.00821  0.50   89531     735   89163  1840175  20.55
2000-2009       65      0.00927  0.00922  0.50   88796     819   88386  1751011  19.72
2000-2009       66      0.01088  0.01082  0.50   87977     952   87501  1662625  18.90
2000-2009       67      0.01224  0.01216  0.50   87024    1058   86495  1575125  18.10
2000-2009       68      0.01286  0.01278  0.50   85966    1099   85417  1488629  17.32
2000-2009       69      0.01465  0.01454  0.50   84867    1234   84250  1403213  16.53
2000-2009       70      0.01591  0.01578  0.50   83633    1320   82973  1318962  15.77
2000-2009       71      0.01714  0.01700  0.50   82313    1399   81614  1235989  15.02
2000-2009       72      0.01988  0.01968  0.50   80914    1592   80118  1154375  14.27
2000-2009       73      0.02221  0.02197  0.50   79322    1742   78451  1074257  13.54
2000-2009       74      0.02436  0.02406  0.50   77580    1867   76646   995806  12.84
2000-2009       75      0.02750  0.02713  0.50   75713    2054   74686   919160  12.14
2000-2009       76      0.03099  0.03052  0.50   73658    2248   72534   844474  11.46
2000-2009       77      0.03511  0.03450  0.50   71410    2464   70179   771940  10.81
2000-2009       78      0.03896  0.03821  0.50   68947    2635   67629   701761  10.18
2000-2009       79      0.04368  0.04275  0.50   66312    2835   64895   634132   9.56
2000-2009       80      0.04890  0.04773  0.50   63478    3030   61963   569237   8.97
2000-2009       81      0.05558  0.05408  0.50   60447    3269   58813   507275   8.39
2000-2009       82      0.06356  0.06160  0.50   57179    3522   55417   448462   7.84
2000-2009       83      0.06941  0.06708  0.50   53656    3599   51857   393044   7.33
2000-2009       84      0.07974  0.07668  0.50   50057    3839   48138   341187   6.82
2000-2009       85      0.08961  0.08577  0.50   46219    3964   44237   293050   6.34
2000-2009       86      0.10558  0.10028  0.50   42255    4237   40136   248813   5.89
2000-2009       87      0.11705  0.11058  0.50   38017    4204   35915   208677   5.49
2000-2009       88      0.12906  0.12124  0.50   33813    4099   31764   172762   5.11
2000-2009       89      0.14642  0.13643  0.50   29714    4054   27687   140998   4.75
2000-2009       90      0.16515  0.15255  0.50   25660    3915   23703   113311   4.42
2000-2009       91      0.17084  0.15739  0.50   21745    3423   20034    89609   4.12
2000-2009       92      0.19712  0.17943  0.50   18323    3288   16679    69575   3.80
2000-2009       93      0.21916  0.19752  0.50   15035    2970   13550    52896   3.52
2000-2009       94      0.24309  0.21675  0.50   12065    2615   10758    39345   3.26
2000-2009       95      0.27001  0.23790  0.50    9450    2248    8326    28587   3.03
2000-2009       96      0.29696  0.25857  0.50    7202    1862    6271    20261   2.81
2000-2009       97      0.32550  0.27994  0.50    5340    1495    4592    13990   2.62
2000-2009       98      0.35550  0.30185  0.50    3845    1161    3265     9398   2.44
2000-2009       99      0.38681  0.32412  0.50    2684     870    2249     6133   2.28
2000-2009      100      0.41920  0.34656  0.50    1814     629    1500     3884   2.14
2000-2009      101      0.45244  0.36897  0.50    1186     437     967     2384   2.01
2000-2009      102      0.48623  0.39114  0.50     748     293     602     1417   1.89
2000-2009      103      0.52027  0.41287  0.50     456     188     361      815   1.79
2000-2009      104      0.55423  0.43397  0.50     267     116     209      454   1.70
2000-2009      105      0.58781  0.45429  0.50     151      69     117      244   1.61
2000-2009      106      0.62068  0.47368  0.50      83      39      63      127   1.54
2000-2009      107      0.65257  0.49203  0.50      43      21      33       64   1.48
2000-2009      108      0.68322  0.50926  0.50      22      11      16       31   1.42
2000-2009      109      0.71243  0.52531  0.50      11       6       8       15   1.38
2000-2009      110+     0.74002  1.00000  1.35       5       5       7        7   1.35
2010-2019        0      0.00304  0.00303  0.14  100000     303   99740  8245897  82.46
2010-2019        1      0.00034  0.00034  0.50   99697      34   99680  8146156  81.71
2010-2019        2      0.00021  0.00021  0.50   99663      21   99653  8046476  80.74
2010-2019        3      0.00016  0.00016  0.50   99642      16   99634  7946824  79.75
2010-2019        4      0.00011  0.00011  0.50   99627      11   99621  7847189  78.77
2010-2019        5      0.00017  0.00017  0.50   99615      17   99607  7747568  77.77
2010-2019        6      0.00019  0.00019  0.50   99599      19   99589  7647961  76.79
2010-2019        7      0.00012  0.00012  0.50   99580      12   99574  7548372  75.80
2010-2019        8      0.00015  0.00015  0.50   99568      15   99560  7448798  74.81
2010-2019        9      0.00018  0.00018  0.50   99553      18   99544  7349237  73.82
2010-2019       10      0.00020  0.00020  0.50   99535      20   99525  7249693  72.84
2010-2019       11      0.00009  0.00009  0.50   99515       9   99510  7150169  71.85
2010-2019       12      0.00014  0.00014  0.50   99506      14   99499  7050659  70.86
2010-2019       13      0.00019  0.00019  0.50   99492      19   99482  6951160  69.87
2010-2019       14      0.00016  0.00016  0.50   99473      16   99465  6851678  68.88
2010-2019       15      0.00020  0.00020  0.50   99457      20   99447  6752213  67.89
2010-2019       16      0.00027  0.00027  0.50   99437      26   99424  6652766  66.90
2010-2019       17      0.00029  0.00029  0.50   99411      29   99396  6553342  65.92
2010-2019       18      0.00045  0.00045  0.50   99381      45   99359  6453946  64.94
2010-2019       19      0.00032  0.00032  0.50   99336      32   99320  6354587  63.97
2010-2019       20      0.00036  0.00036  0.50   99304      36   99286  6255267  62.99
2010-2019       21      0.00033  0.00033  0.50   99268      33   99252  6155980  62.01
2010-2019       22      0.00044  0.00044  0.50   99235      43   99213  6056729  61.03
2010-2019       23      0.00038  0.00038  0.50   99192      38   99173  5957515  60.06
2010-2019       24      0.00042  0.00042  0.50   99154      41   99133  5858342  59.08
2010-2019       25      0.00044  0.00044  0.50   99113      43   99091  5759209  58.11
2010-2019       26      0.00046  0.00046  0.50   99069      45   99047  5660118  57.13
2010-2019       27      0.00046  0.00046  0.50   99024      45   99001  5561072  56.16
2010-2019       28      0.00050  0.00050  0.50   98979      50   98954  5462070  55.18
2010-2019       29      0.00054  0.00054  0.50   98929      53   98902  5363116  54.21
2010-2019       30      0.00061  0.00061  0.50   98876      60   98846  5264214  53.24
2010-2019       31      0.00058  0.00058  0.50   98816      58   98787  5165369  52.27
2010-2019       32      0.00073  0.00073  0.50   98758      72   98722  5066582  51.30
2010-2019       33      0.00072  0.00072  0.50   98686      71   98650  4967860  50.34
2010-2019       34      0.00079  0.00079  0.50   98614      78   98575  4869210  49.38
2010-2019       35      0.00081  0.00081  0.50   98536      80   98496  4770635  48.41
2010-2019       36      0.00087  0.00087  0.50   98457      86   98414  4672138  47.45
2010-2019       37      0.00082  0.00082  0.50   98371      81   98331  4573724  46.49
2010-2019       38      0.00102  0.00102  0.50   98290     100   98240  4475394  45.53
2010-2019       39      0.00117  0.00117  0.50   98190     115   98132  4377154  44.58
2010-2019       40      0.00124  0.00123  0.50   98075     121   98014  4279021  43.63
2010-2019       41      0.00132  0.00131  0.50   97954     129   97889  4181007  42.68
2010-2019       42      0.00123  0.00123  0.50   97825     121   97765  4083117  41.74
2010-2019       43      0.00153  0.00153  0.50   97704     150   97630  3985353  40.79
2010-2019       44      0.00168  0.00168  0.50   97555     164   97473  3887723  39.85
2010-2019       45      0.00174  0.00174  0.50   97391     169   97306  3790250  38.92
2010-2019       46      0.00179  0.00178  0.50   97221     173   97135  3692944  37.98
2010-2019       47      0.00218  0.00218  0.50   97048     211   96942  3595810  37.05
2010-2019       48      0.00214  0.00213  0.50   96837     207   96733  3498867  36.13
2010-2019       49      0.00243  0.00243  0.50   96630     234   96513  3402134  35.21
2010-2019       50      0.00277  0.00276  0.50   96395     266   96262  3305622  34.29
2010-2019       51      0.00275  0.00274  0.50   96129     264   95997  3209359  33.39
2010-2019       52      0.00310  0.00310  0.50   95865     297   95717  3113362  32.48
2010-2019       53      0.00308  0.00308  0.50   95568     294   95421  3017646  31.58
2010-2019       54      0.00342  0.00342  0.50   95274     325   95111  2922224  30.67
2010-2019       55      0.00376  0.00376  0.50   94948     357   94770  2827113  29.78
2010-2019       56      0.00405  0.00405  0.50   94592     383   94400  2732343  28.89
2010-2019       57      0.00423  0.00422  0.50   94209     397   94010  2637943  28.00
2010-2019       58      0.00453  0.00452  0.50   93812     424   93600  2543932  27.12
2010-2019       59      0.00467  0.00466  0.50   93388     436   93170  2450333  26.24
2010-2019       60      0.00556  0.00554  0.50   92952     515   92695  2357163  25.36
2010-2019       61      0.00620  0.00618  0.50   92437     572   92151  2264468  24.50
2010-2019       62      0.00638  0.00636  0.50   91865     584   91573  2172317  23.65
2010-2019       63      0.00693  0.00690  0.50   91281     630   90966  2080744  22.79
2010-2019       64      0.00733  0.00730  0.50   90651     662   90320  1989778  21.95
2010-2019       65      0.00782  0.00779  0.50   89989     701   89638  1899458  21.11
2010-2019       66      0.00878  0.00874  0.50   89288     780   88898  1809820  20.27
2010-2019       67      0.00917  0.00913  0.50   88507     808   88104  1720922  19.44
2010-2019       68      0.01010  0.01005  0.50   87700     881   87259  1632819  18.62
2010-2019       69      0.01112  0.01106  0.50   86818     960   86338  1545560  17.80
2010-2019       70      0.01270  0.01262  0.50   85858    1083   85317  1459222  17.00
2010-2019       71      0.01340  0.01331  0.50   84775    1129   84211  1373905  16.21
2010-2019       72      0.01505  0.01494  0.50   83646    1250   83022  1289694  15.42
2010-2019       73      0.01762  0.01747  0.50   82397    1439   81677  1206673  14.64
2010-2019       74      0.01835  0.01818  0.50   80958    1472   80222  1124995  13.90
2010-2019       75      0.02081  0.02060  0.50   79485    1637   78667  1044774  13.14
2010-2019       76      0.02420  0.02391  0.50   77848    1861   76917   966107  12.41
2010-2019       77      0.02699  0.02663  0.50   75987    2023   74975   889190  11.70
2010-2019       78      0.03115  0.03068  0.50   73963    2269   72829   814215  11.01
2010-2019       79      0.03396  0.03339  0.50   71694    2394   70497   741386  10.34
2010-2019       80      0.03986  0.03908  0.50   69300    2708   67946   670889   9.68
2010-2019       81      0.04445  0.04348  0.50   66592    2895   65144   602942   9.05
2010-2019       82      0.05314  0.05177  0.50   63697    3297   62048   537798   8.44
2010-2019       83      0.05916  0.05746  0.50   60399    3471   58664   475750   7.88
2010-2019       84      0.06548  0.06341  0.50   56929    3610   55124   417086   7.33
2010-2019       85      0.07680  0.07396  0.50   53319    3943   51347   361962   6.79
2010-2019       86      0.08661  0.08301  0.50   49376    4099   47326   310615   6.29
2010-2019       87      0.09758  0.09304  0.50   45277    4212   43171   263289   5.82
2010-2019       88      0.11327  0.10720  0.50   41065    4402   38864   220118   5.36
2010-2019       89      0.12970  0.12180  0.50   36663    4465   34430   181254   4.94
2010-2019       90      0.14545  0.13559  0.50   32197    4366   30014   146825   4.56
2010-2019       91      0.16277  0.15052  0.50   27832    4189   25737   116810   4.20
2010-2019       92      0.19249  0.17559  0.50   23642    4151   21567    91073   3.85
2010-2019       93      0.20800  0.18841  0.50   19491    3672   17655    69507   3.57
2010-2019       94      0.23460  0.20997  0.50   15819    3321   14158    51852   3.28
2010-2019       95      0.26495  0.23395  0.50   12497    2924   11035    37694   3.02
2010-2019       96      0.29495  0.25705  0.50    9573    2461    8343    26659   2.78
2010-2019       97      0.32698  0.28103  0.50    7113    1999    6113    18316   2.58
2010-2019       98      0.36085  0.30569  0.50    5114    1563    4332    12202   2.39
2010-2019       99      0.39631  0.33077  0.50    3551    1174    2963     7870   2.22
2010-2019      100      0.43305  0.35597  0.50    2376     846    1953     4907   2.07
2010-2019      101      0.47068  0.38101  0.50    1530     583    1239     2954   1.93
2010-2019      102      0.50880  0.40561  0.50     947     384     755     1715   1.81
2010-2019      103      0.54695  0.42950  0.50     563     242     442      960   1.70
2010-2019      104      0.58469  0.45242  0.50     321     145     249      518   1.61
2010-2019      105      0.62157  0.47419  0.50     176      83     134      269   1.53
2010-2019      106      0.65719  0.49465  0.50      92      46      70      135   1.46
2010-2019      107      0.69121  0.51368  0.50      47      24      35       65   1.40
2010-2019      108      0.72335  0.53122  0.50      23      12      17       31   1.35
2010-2019      109      0.75339  0.54724  0.50      11       6       8       14   1.31
2010-2019      110+     0.78120  1.00000  1.28       5       5       6        6   1.28
