NT, Death rates (period 1x5), 	Last modified: 23 May 2023;  Methods Protocol: v6 (2017)

  Year          Age             Female            Male           Total
1971-1974        0             0.041803        0.050645        0.046386
1971-1974        1             0.007209        0.007595        0.007409
1971-1974        2             0.003519        0.002023        0.002749
1971-1974        3             0.002183        0.001704        0.001937
1971-1974        4             0.001230        0.000975        0.001099
1971-1974        5             0.001294        0.002011        0.001665
1971-1974        6             0.000908        0.001495        0.001211
1971-1974        7             0.000000        0.000904        0.000466
1971-1974        8             0.000996        0.000715        0.000852
1971-1974        9             0.000264        0.000737        0.000506
1971-1974       10             0.000000        0.001032        0.000532
1971-1974       11             0.000561        0.001865        0.001230
1971-1974       12             0.000000        0.000288        0.000148
1971-1974       13             0.000972        0.001222        0.001101
1971-1974       14             0.000000        0.002348        0.001199
1971-1974       15             0.001484        0.004650        0.003093
1971-1974       16             0.001119        0.002927        0.002033
1971-1974       17             0.001848        0.004273        0.003081
1971-1974       18             0.001405        0.004940        0.003229
1971-1974       19             0.002619        0.002381        0.002494
1971-1974       20             0.001517        0.002596        0.002097
1971-1974       21             0.001109        0.002794        0.002018
1971-1974       22             0.000000        0.003339        0.001813
1971-1974       23             0.002993        0.001933        0.002418
1971-1974       24             0.003081        0.002966        0.003019
1971-1974       25             0.001541        0.001990        0.001787
1971-1974       26             0.003139        0.001444        0.002200
1971-1974       27             0.001183        0.002933        0.002171
1971-1974       28             0.000254        0.001925        0.001205
1971-1974       29             0.001684        0.002074        0.001908
1971-1974       30             0.001839        0.002434        0.002184
1971-1974       31             0.000982        0.002761        0.002028
1971-1974       32             0.002822        0.002917        0.002878
1971-1974       33             0.001153        0.002296        0.001836
1971-1974       34             0.003328        0.003874        0.003655
1971-1974       35             0.001343        0.003020        0.002347
1971-1974       36             0.005084        0.001265        0.002813
1971-1974       37             0.004856        0.004651        0.004735
1971-1974       38             0.006781        0.003913        0.005075
1971-1974       39             0.007279        0.004926        0.005875
1971-1974       40             0.006724        0.007375        0.007114
1971-1974       41             0.004903        0.006076        0.005608
1971-1974       42             0.005638        0.004542        0.004978
1971-1974       43             0.007044        0.002946        0.004568
1971-1974       44             0.005330        0.006709        0.006156
1971-1974       45             0.008444        0.012338        0.010766
1971-1974       46             0.010813        0.011188        0.011036
1971-1974       47             0.003625        0.015636        0.010797
1971-1974       48             0.007098        0.005691        0.006247
1971-1974       49             0.010906        0.009921        0.010312
1971-1974       50             0.009153        0.010688        0.010083
1971-1974       51             0.009062        0.013241        0.011566
1971-1974       52             0.016654        0.009985        0.012672
1971-1974       53             0.013465        0.018013        0.016190
1971-1974       54             0.015085        0.022372        0.019401
1971-1974       55             0.006490        0.016764        0.012474
1971-1974       56             0.016284        0.010930        0.013197
1971-1974       57             0.023121        0.026073        0.024820
1971-1974       58             0.014549        0.013650        0.014026
1971-1974       59             0.006508        0.024075        0.016807
1971-1974       60             0.022300        0.023395        0.022944
1971-1974       61             0.028015        0.021253        0.024186
1971-1974       62             0.014899        0.018478        0.016863
1971-1974       63             0.028773        0.024940        0.026720
1971-1974       64             0.031979        0.035497        0.033931
1971-1974       65             0.039308        0.045375        0.042771
1971-1974       66             0.050527        0.034687        0.041392
1971-1974       67             0.028969        0.018828        0.023105
1971-1974       68             0.035190        0.032986        0.033910
1971-1974       69             0.059764        0.032256        0.043432
1971-1974       70             0.058145        0.079434        0.070780
1971-1974       71             0.050742        0.065780        0.059648
1971-1974       72             0.065654        0.082538        0.075343
1971-1974       73             0.045458        0.079458        0.065087
1971-1974       74             0.056842        0.118957        0.091058
1971-1974       75             0.073775        0.145132        0.111490
1971-1974       76             0.080587        0.153672        0.120216
1971-1974       77             0.072576        0.150990        0.115964
1971-1974       78             0.076994        0.157748        0.123882
1971-1974       79             0.115440        0.081828        0.096899
1971-1974       80             0.096547        0.066459        0.082074
1971-1974       81             0.047476        0.070477        0.058664
1971-1974       82             0.102757        0.054249        0.077978
1971-1974       83             0.090569        0.145749        0.119891
1971-1974       84             0.060702        0.016311        0.036015
1971-1974       85             0.128324        0.078602        0.100066
1971-1974       86             0.109367        0.179559        0.145433
1971-1974       87             0.073623        0.139036        0.100773
1971-1974       88             0.119928        0.521762        0.246910
1971-1974       89             0.255668        0.201177        0.239428
1971-1974       90             0.241200        0.277617        0.254515
1971-1974       91             0.000000        0.084104        0.037502
1971-1974       92             0.113379        0.500835        0.297501
1971-1974       93             0.311828        0.561798        0.400199
1971-1974       94             0.000000        0.000000        0.000000
1971-1974       95             0.365186        1.097561        0.731039
1971-1974       96             0.000000        0.000000        0.000000
1971-1974       97             0.000000        0.000000        0.000000
1971-1974       98             0.000000        0.572519        0.160342
1971-1974       99             0.000000        0.000000        0.000000
1971-1974      100             1.792829        0.445765        1.021277
1971-1974      101                   .        0.678733        0.678733
1971-1974      102                   .        2.112676        2.112676
1971-1974      103                   .              .              .
1971-1974      104                   .              .              .
1971-1974      105                   .              .              .
1971-1974      106                   .              .              .
1971-1974      107                   .              .              .
1971-1974      108                   .              .              .
1971-1974      109                   .              .              .
1971-1974      110+                  .              .              .
1975-1979        0             0.026475        0.027514        0.027018
1975-1979        1             0.006749        0.004432        0.005527
1975-1979        2             0.001645        0.002327        0.002008
1975-1979        3             0.002119        0.002169        0.002145
1975-1979        4             0.000798        0.001435        0.001134
1975-1979        5             0.001907        0.002150        0.002035
1975-1979        6             0.000799        0.001722        0.001284
1975-1979        7             0.000820        0.000880        0.000852
1975-1979        8             0.000675        0.000307        0.000482
1975-1979        9             0.000716        0.000499        0.000603
1975-1979       10             0.000570        0.000710        0.000642
1975-1979       11             0.000796        0.001879        0.001355
1975-1979       12             0.001463        0.001580        0.001523
1975-1979       13             0.000436        0.003124        0.001816
1975-1979       14             0.001607        0.003018        0.002335
1975-1979       15             0.001181        0.001327        0.001257
1975-1979       16             0.000726        0.000900        0.000816
1975-1979       17             0.001958        0.002065        0.002013
1975-1979       18             0.002634        0.002691        0.002663
1975-1979       19             0.002040        0.003816        0.002961
1975-1979       20             0.002144        0.002173        0.002159
1975-1979       21             0.001601        0.000910        0.001238
1975-1979       22             0.001323        0.003744        0.002597
1975-1979       23             0.001617        0.003725        0.002726
1975-1979       24             0.001380        0.002321        0.001878
1975-1979       25             0.002040        0.002384        0.002224
1975-1979       26             0.001199        0.002347        0.001817
1975-1979       27             0.001197        0.002641        0.001976
1975-1979       28             0.001549        0.003817        0.002775
1975-1979       29             0.001243        0.002799        0.002094
1975-1979       30             0.002421        0.003466        0.002999
1975-1979       31             0.000985        0.002362        0.001753
1975-1979       32             0.003235        0.003623        0.003456
1975-1979       33             0.001902        0.004399        0.003338
1975-1979       34             0.003580        0.003916        0.003775
1975-1979       35             0.003562        0.006089        0.005036
1975-1979       36             0.002651        0.005609        0.004388
1975-1979       37             0.003157        0.004624        0.004022
1975-1979       38             0.002012        0.004932        0.003735
1975-1979       39             0.005408        0.007550        0.006673
1975-1979       40             0.003512        0.004646        0.004179
1975-1979       41             0.006258        0.006629        0.006474
1975-1979       42             0.007951        0.007213        0.007527
1975-1979       43             0.007117        0.010450        0.009041
1975-1979       44             0.002511        0.010192        0.006973
1975-1979       45             0.002596        0.009656        0.006720
1975-1979       46             0.008142        0.011704        0.010244
1975-1979       47             0.005165        0.012571        0.009620
1975-1979       48             0.008888        0.012431        0.011030
1975-1979       49             0.013119        0.011219        0.011961
1975-1979       50             0.013689        0.016097        0.015164
1975-1979       51             0.012586        0.007494        0.009458
1975-1979       52             0.013062        0.018353        0.016307
1975-1979       53             0.003064        0.017233        0.011708
1975-1979       54             0.012326        0.021717        0.018042
1975-1979       55             0.017379        0.023002        0.020766
1975-1979       56             0.013741        0.026452        0.021279
1975-1979       57             0.020348        0.017013        0.018385
1975-1979       58             0.015362        0.023112        0.019859
1975-1979       59             0.016378        0.025792        0.021727
1975-1979       60             0.023302        0.035631        0.030214
1975-1979       61             0.016776        0.029586        0.024049
1975-1979       62             0.015561        0.024391        0.020617
1975-1979       63             0.023562        0.039869        0.033021
1975-1979       64             0.015701        0.035869        0.027349
1975-1979       65             0.034363        0.026114        0.029675
1975-1979       66             0.030038        0.030933        0.030533
1975-1979       67             0.028276        0.046434        0.038255
1975-1979       68             0.034505        0.059744        0.048480
1975-1979       69             0.029666        0.033781        0.031911
1975-1979       70             0.057302        0.064832        0.061424
1975-1979       71             0.038042        0.034743        0.036243
1975-1979       72             0.069552        0.078138        0.074218
1975-1979       73             0.025951        0.097835        0.063729
1975-1979       74             0.102384        0.070228        0.084660
1975-1979       75             0.134765        0.097679        0.113271
1975-1979       76             0.115304        0.103716        0.108419
1975-1979       77             0.139226        0.065067        0.095500
1975-1979       78             0.091433        0.169459        0.135920
1975-1979       79             0.147302        0.097907        0.119493
1975-1979       80             0.119415        0.146060        0.131751
1975-1979       81             0.066745        0.055342        0.061237
1975-1979       82             0.098211        0.108114        0.103122
1975-1979       83             0.156847        0.070966        0.112978
1975-1979       84             0.139010        0.151382        0.145379
1975-1979       85             0.095860        0.169514        0.132613
1975-1979       86             0.123822        0.141020        0.132336
1975-1979       87             0.033062        0.170797        0.100978
1975-1979       88             0.106098        0.128075        0.117016
1975-1979       89             0.000000        0.109585        0.054744
1975-1979       90             0.428876        0.202157        0.322396
1975-1979       91             0.173085        0.000000        0.100515
1975-1979       92             0.198118        0.310997        0.242244
1975-1979       93             0.000000        0.000000        0.000000
1975-1979       94             0.183824        0.519256        0.291383
1975-1979       95             0.517463        0.000000        0.370219
1975-1979       96             0.798580        0.000000        0.405041
1975-1979       97             0.000000        0.000000        0.000000
1975-1979       98             0.000000        0.000000        0.000000
1975-1979       99             4.026846        0.000000        1.327434
1975-1979      100                   .        2.187726        2.187726
1975-1979      101                   .              .              .
1975-1979      102                   .              .              .
1975-1979      103                   .              .              .
1975-1979      104                   .              .              .
1975-1979      105                   .              .              .
1975-1979      106                   .              .              .
1975-1979      107                   .              .              .
1975-1979      108                   .              .              .
1975-1979      109                   .              .              .
1975-1979      110+                  .              .              .
1980-1984        0             0.016900        0.019178        0.018055
1980-1984        1             0.003103        0.003275        0.003190
1980-1984        2             0.001586        0.002081        0.001838
1980-1984        3             0.000730        0.002070        0.001419
1980-1984        4             0.001338        0.000822        0.001070
1980-1984        5             0.001046        0.000682        0.000856
1980-1984        6             0.001616        0.000679        0.001129
1980-1984        7             0.000734        0.000954        0.000848
1980-1984        8             0.001028        0.000811        0.000915
1980-1984        9             0.000585        0.000268        0.000420
1980-1984       10             0.000445        0.001480        0.000983
1980-1984       11             0.000297        0.001530        0.000934
1980-1984       12             0.000921        0.001446        0.001191
1980-1984       13             0.001281        0.001226        0.001253
1980-1984       14             0.000844        0.002285        0.001577
1980-1984       15             0.001096        0.001202        0.001150
1980-1984       16             0.002079        0.001236        0.001643
1980-1984       17             0.000764        0.001587        0.001190
1980-1984       18             0.001853        0.003273        0.002588
1980-1984       19             0.001235        0.003838        0.002571
1980-1984       20             0.001300        0.002999        0.002162
1980-1984       21             0.001817        0.003081        0.002458
1980-1984       22             0.001291        0.002599        0.001960
1980-1984       23             0.001535        0.002467        0.002017
1980-1984       24             0.001227        0.002928        0.002107
1980-1984       25             0.001390        0.001663        0.001531
1980-1984       26             0.002374        0.002818        0.002606
1980-1984       27             0.001409        0.003098        0.002291
1980-1984       28             0.001020        0.002469        0.001783
1980-1984       29             0.000886        0.003824        0.002431
1980-1984       30             0.002229        0.002934        0.002600
1980-1984       31             0.002132        0.001471        0.001781
1980-1984       32             0.001211        0.002960        0.002137
1980-1984       33             0.001849        0.003641        0.002804
1980-1984       34             0.002907        0.003983        0.003488
1980-1984       35             0.001378        0.003280        0.002416
1980-1984       36             0.000933        0.002841        0.001986
1980-1984       37             0.003074        0.003507        0.003317
1980-1984       38             0.001363        0.003959        0.002837
1980-1984       39             0.002475        0.005334        0.004110
1980-1984       40             0.002347        0.005405        0.004102
1980-1984       41             0.003643        0.001428        0.002361
1980-1984       42             0.004516        0.006532        0.005686
1980-1984       43             0.004564        0.005726        0.005234
1980-1984       44             0.004930        0.006537        0.005853
1980-1984       45             0.003816        0.009712        0.007187
1980-1984       46             0.004530        0.007448        0.006190
1980-1984       47             0.006550        0.009848        0.008433
1980-1984       48             0.005151        0.009981        0.007934
1980-1984       49             0.002990        0.004646        0.003953
1980-1984       50             0.007190        0.016576        0.012650
1980-1984       51             0.010556        0.011719        0.011247
1980-1984       52             0.006519        0.013292        0.010598
1980-1984       53             0.006855        0.011870        0.009880
1980-1984       54             0.011881        0.017969        0.015569
1980-1984       55             0.011055        0.018960        0.015835
1980-1984       56             0.016564        0.015316        0.015816
1980-1984       57             0.014374        0.020120        0.017789
1980-1984       58             0.015241        0.023930        0.020322
1980-1984       59             0.022225        0.017958        0.019753
1980-1984       60             0.025644        0.023786        0.024579
1980-1984       61             0.013696        0.017609        0.015890
1980-1984       62             0.019006        0.032664        0.026534
1980-1984       63             0.022312        0.022735        0.022546
1980-1984       64             0.019098        0.027878        0.023860
1980-1984       65             0.033149        0.033575        0.033377
1980-1984       66             0.016467        0.031654        0.024508
1980-1984       67             0.038664        0.036679        0.037609
1980-1984       68             0.027217        0.049957        0.039224
1980-1984       69             0.038751        0.025499        0.031701
1980-1984       70             0.028066        0.062712        0.046744
1980-1984       71             0.030041        0.059254        0.045508
1980-1984       72             0.063309        0.069109        0.066466
1980-1984       73             0.050776        0.053105        0.052042
1980-1984       74             0.060893        0.053924        0.057108
1980-1984       75             0.069600        0.075518        0.072749
1980-1984       76             0.069342        0.113268        0.093098
1980-1984       77             0.065873        0.102681        0.084886
1980-1984       78             0.075824        0.071555        0.073715
1980-1984       79             0.072036        0.087029        0.079723
1980-1984       80             0.092026        0.138804        0.113308
1980-1984       81             0.036483        0.139074        0.080210
1980-1984       82             0.043890        0.090549        0.062560
1980-1984       83             0.068810        0.127858        0.091751
1980-1984       84             0.100624        0.057810        0.083490
1980-1984       85             0.078539        0.074686        0.076850
1980-1984       86             0.057621        0.135842        0.093523
1980-1984       87             0.108117        0.104480        0.106396
1980-1984       88             0.175357        0.117766        0.147342
1980-1984       89             0.167009        0.169779        0.168296
1980-1984       90             0.144184        0.157281        0.149928
1980-1984       91             0.092912        0.359751        0.203726
1980-1984       92             0.052780        0.230291        0.117440
1980-1984       93             0.309398        0.115931        0.237724
1980-1984       94             0.103074        0.462012        0.245284
1980-1984       95             0.000000        0.119095        0.038908
1980-1984       96             0.188018        0.000000        0.134742
1980-1984       97             0.818735        0.905873        0.845741
1980-1984       98             1.351351        0.000000        0.575954
1980-1984       99             0.000000        0.000000        0.000000
1980-1984      100             3.947368        1.637555        1.814516
1980-1984      101                   .              .              .
1980-1984      102                   .              .              .
1980-1984      103                   .              .              .
1980-1984      104                   .              .              .
1980-1984      105                   .              .              .
1980-1984      106                   .              .              .
1980-1984      107                   .              .              .
1980-1984      108                   .              .              .
1980-1984      109                   .              .              .
1980-1984      110+                  .              .              .
1985-1989        0             0.016483        0.017656        0.017089
1985-1989        1             0.002503        0.002162        0.002328
1985-1989        2             0.001140        0.000863        0.000999
1985-1989        3             0.001676        0.000746        0.001202
1985-1989        4             0.000897        0.000871        0.000884
1985-1989        5             0.000263        0.000000        0.000129
1985-1989        6             0.000668        0.000635        0.000651
1985-1989        7             0.001110        0.001293        0.001205
1985-1989        8             0.000856        0.001303        0.001090
1985-1989        9             0.000720        0.000393        0.000549
1985-1989       10             0.000288        0.001463        0.000901
1985-1989       11             0.000000        0.001871        0.000976
1985-1989       12             0.000593        0.001484        0.001061
1985-1989       13             0.000454        0.000685        0.000576
1985-1989       14             0.000767        0.000419        0.000585
1985-1989       15             0.000896        0.000284        0.000581
1985-1989       16             0.001192        0.002845        0.002036
1985-1989       17             0.000905        0.003134        0.002048
1985-1989       18             0.000449        0.002601        0.001545
1985-1989       19             0.001654        0.002998        0.002342
1985-1989       20             0.001313        0.003196        0.002279
1985-1989       21             0.001805        0.003540        0.002697
1985-1989       22             0.001679        0.002913        0.002315
1985-1989       23             0.001598        0.002735        0.002188
1985-1989       24             0.001913        0.002876        0.002413
1985-1989       25             0.000346        0.003480        0.001962
1985-1989       26             0.001609        0.002384        0.002008
1985-1989       27             0.000956        0.003707        0.002391
1985-1989       28             0.001458        0.003125        0.002325
1985-1989       29             0.000980        0.003112        0.002078
1985-1989       30             0.001761        0.003333        0.002569
1985-1989       31             0.001652        0.002697        0.002183
1985-1989       32             0.001839        0.002868        0.002367
1985-1989       33             0.001225        0.004166        0.002749
1985-1989       34             0.001796        0.002585        0.002204
1985-1989       35             0.003117        0.002580        0.002836
1985-1989       36             0.001610        0.002563        0.002119
1985-1989       37             0.001811        0.003770        0.002865
1985-1989       38             0.001549        0.003997        0.002886
1985-1989       39             0.002444        0.002515        0.002484
1985-1989       40             0.002610        0.004216        0.003499
1985-1989       41             0.002039        0.002393        0.002235
1985-1989       42             0.001832        0.004347        0.003233
1985-1989       43             0.003135        0.003691        0.003447
1985-1989       44             0.003658        0.003520        0.003579
1985-1989       45             0.003159        0.005056        0.004250
1985-1989       46             0.004765        0.005678        0.005287
1985-1989       47             0.005742        0.006320        0.006072
1985-1989       48             0.005109        0.009910        0.007841
1985-1989       49             0.003859        0.007774        0.006113
1985-1989       50             0.005069        0.012679        0.009529
1985-1989       51             0.005022        0.009804        0.007783
1985-1989       52             0.006741        0.010939        0.009158
1985-1989       53             0.004434        0.013513        0.009703
1985-1989       54             0.007326        0.013892        0.011109
1985-1989       55             0.011153        0.021999        0.017417
1985-1989       56             0.009928        0.017957        0.014606
1985-1989       57             0.011038        0.016372        0.014170
1985-1989       58             0.013209        0.016899        0.015373
1985-1989       59             0.015194        0.024369        0.020595
1985-1989       60             0.019380        0.025478        0.022893
1985-1989       61             0.010445        0.027176        0.019869
1985-1989       62             0.016152        0.027580        0.022449
1985-1989       63             0.022579        0.027113        0.025056
1985-1989       64             0.027859        0.031958        0.030113
1985-1989       65             0.032382        0.024824        0.028290
1985-1989       66             0.027213        0.035838        0.031781
1985-1989       67             0.033351        0.037045        0.035278
1985-1989       68             0.027060        0.049453        0.038370
1985-1989       69             0.021948        0.057619        0.039624
1985-1989       70             0.049997        0.031600        0.040695
1985-1989       71             0.036417        0.047235        0.041864
1985-1989       72             0.030503        0.043659        0.037039
1985-1989       73             0.037866        0.057559        0.047982
1985-1989       74             0.045600        0.072851        0.059594
1985-1989       75             0.048417        0.059353        0.054007
1985-1989       76             0.066544        0.081959        0.073902
1985-1989       77             0.041968        0.084177        0.061744
1985-1989       78             0.039858        0.083991        0.060877
1985-1989       79             0.042392        0.096220        0.067028
1985-1989       80             0.067188        0.065650        0.066460
1985-1989       81             0.079791        0.088294        0.083824
1985-1989       82             0.080936        0.058469        0.070348
1985-1989       83             0.060427        0.112051        0.083551
1985-1989       84             0.080420        0.075395        0.078287
1985-1989       85             0.101931        0.084951        0.094829
1985-1989       86             0.115688        0.146703        0.128269
1985-1989       87             0.103988        0.157404        0.124192
1985-1989       88             0.124019        0.069093        0.103522
1985-1989       89             0.066352        0.135994        0.094464
1985-1989       90             0.142752        0.311434        0.214693
1985-1989       91             0.112528        0.149269        0.128320
1985-1989       92             0.238959        0.063204        0.158280
1985-1989       93             0.135923        0.141086        0.138463
1985-1989       94             0.127957        0.218599        0.167542
1985-1989       95             0.091151        0.000000        0.059547
1985-1989       96             0.659648        0.197889        0.486084
1985-1989       97             0.000000        0.288046        0.110630
1985-1989       98             0.505276        0.000000        0.338743
1985-1989       99             1.343234        0.000000        0.674959
1985-1989      100             0.000000        1.859504        1.567944
1985-1989      101                   .              .              .
1985-1989      102                   .              .              .
1985-1989      103                   .              .              .
1985-1989      104                   .              .              .
1985-1989      105                   .              .              .
1985-1989      106                   .              .              .
1985-1989      107                   .              .              .
1985-1989      108                   .              .              .
1985-1989      109                   .              .              .
1985-1989      110+                  .              .              .
1990-1994        0             0.014823        0.014462        0.014638
1990-1994        1             0.000949        0.001938        0.001454
1990-1994        2             0.002153        0.001141        0.001635
1990-1994        3             0.000245        0.001037        0.000653
1990-1994        4             0.000000        0.000821        0.000425
1990-1994        5             0.000382        0.000714        0.000554
1990-1994        6             0.000516        0.000486        0.000500
1990-1994        7             0.000522        0.000000        0.000254
1990-1994        8             0.000524        0.001244        0.000894
1990-1994        9             0.000265        0.001272        0.000779
1990-1994       10             0.001082        0.000772        0.000923
1990-1994       11             0.000000        0.000525        0.000270
1990-1994       12             0.000000        0.000545        0.000281
1990-1994       13             0.001206        0.000701        0.000944
1990-1994       14             0.000311        0.000854        0.000595
1990-1994       15             0.001746        0.002023        0.001891
1990-1994       16             0.002220        0.001005        0.001582
1990-1994       17             0.001869        0.001426        0.001637
1990-1994       18             0.000453        0.002069        0.001298
1990-1994       19             0.000723        0.002410        0.001600
1990-1994       20             0.001741        0.002327        0.002039
1990-1994       21             0.001499        0.001962        0.001733
1990-1994       22             0.001892        0.003046        0.002472
1990-1994       23             0.001031        0.002624        0.001829
1990-1994       24             0.000797        0.002261        0.001532
1990-1994       25             0.001038        0.002582        0.001821
1990-1994       26             0.001047        0.003671        0.002389
1990-1994       27             0.000349        0.003784        0.002107
1990-1994       28             0.001395        0.003636        0.002546
1990-1994       29             0.001985        0.002276        0.002136
1990-1994       30             0.001290        0.003138        0.002252
1990-1994       31             0.001539        0.002537        0.002056
1990-1994       32             0.001208        0.002505        0.001876
1990-1994       33             0.000496        0.002104        0.001324
1990-1994       34             0.002552        0.002394        0.002470
1990-1994       35             0.002246        0.003693        0.002995
1990-1994       36             0.000681        0.002760        0.001764
1990-1994       37             0.001686        0.003570        0.002674
1990-1994       38             0.001292        0.003249        0.002320
1990-1994       39             0.002632        0.003310        0.002988
1990-1994       40             0.003008        0.002956        0.002980
1990-1994       41             0.002047        0.005608        0.003954
1990-1994       42             0.001622        0.003722        0.002758
1990-1994       43             0.003222        0.005771        0.004616
1990-1994       44             0.004433        0.004531        0.004487
1990-1994       45             0.002996        0.003259        0.003140
1990-1994       46             0.003007        0.005776        0.004526
1990-1994       47             0.003909        0.004392        0.004176
1990-1994       48             0.004759        0.006626        0.005800
1990-1994       49             0.004663        0.007117        0.006039
1990-1994       50             0.001984        0.010591        0.006913
1990-1994       51             0.005263        0.008801        0.007310
1990-1994       52             0.007389        0.009004        0.008325
1990-1994       53             0.008149        0.009335        0.008838
1990-1994       54             0.011411        0.010956        0.011145
1990-1994       55             0.007213        0.012720        0.010444
1990-1994       56             0.013137        0.015154        0.014307
1990-1994       57             0.012013        0.014947        0.013687
1990-1994       58             0.014819        0.019980        0.017777
1990-1994       59             0.007763        0.019169        0.014232
1990-1994       60             0.012404        0.023084        0.018367
1990-1994       61             0.011464        0.023402        0.018207
1990-1994       62             0.019857        0.022601        0.021426
1990-1994       63             0.018884        0.028282        0.024262
1990-1994       64             0.023281        0.030740        0.027496
1990-1994       65             0.017116        0.039165        0.029635
1990-1994       66             0.030369        0.029089        0.029652
1990-1994       67             0.040401        0.031911        0.035655
1990-1994       68             0.021177        0.043652        0.033375
1990-1994       69             0.027193        0.058010        0.043102
1990-1994       70             0.037120        0.042833        0.040051
1990-1994       71             0.037351        0.032797        0.035107
1990-1994       72             0.035234        0.046567        0.040770
1990-1994       73             0.040586        0.047969        0.044119
1990-1994       74             0.048873        0.041072        0.045122
1990-1994       75             0.046402        0.058157        0.052221
1990-1994       76             0.064530        0.075765        0.069892
1990-1994       77             0.053974        0.087954        0.069181
1990-1994       78             0.053800        0.152085        0.097523
1990-1994       79             0.077732        0.115480        0.094823
1990-1994       80             0.072005        0.137700        0.102946
1990-1994       81             0.063002        0.100243        0.080279
1990-1994       82             0.051179        0.088611        0.068565
1990-1994       83             0.083676        0.120095        0.100438
1990-1994       84             0.096023        0.088132        0.092400
1990-1994       85             0.098864        0.134528        0.115015
1990-1994       86             0.087448        0.109522        0.097252
1990-1994       87             0.058766        0.181749        0.111049
1990-1994       88             0.101359        0.092742        0.097824
1990-1994       89             0.110868        0.187956        0.142548
1990-1994       90             0.111848        0.149618        0.127039
1990-1994       91             0.116077        0.204513        0.150279
1990-1994       92             0.108589        0.259990        0.161486
1990-1994       93             0.171011        0.205832        0.182007
1990-1994       94             0.073230        0.346505        0.163742
1990-1994       95             0.258303        0.233327        0.248625
1990-1994       96             0.108548        0.132280        0.119274
1990-1994       97             0.505111        0.209229        0.354652
1990-1994       98             0.000000        0.358129        0.199355
1990-1994       99             0.000000        0.000000        0.000000
1990-1994      100             1.379945        1.566580        1.444478
1990-1994      101             0.000000              .        0.000000
1990-1994      102                   .              .              .
1990-1994      103                   .              .              .
1990-1994      104                   .              .              .
1990-1994      105                   .              .              .
1990-1994      106                   .              .              .
1990-1994      107                   .              .              .
1990-1994      108                   .              .              .
1990-1994      109                   .              .              .
1990-1994      110+                  .              .              .
1995-1999        0             0.012286        0.012299        0.012293
1995-1999        1             0.001372        0.001510        0.001443
1995-1999        2             0.000802        0.000981        0.000894
1995-1999        3             0.000921        0.000000        0.000447
1995-1999        4             0.000463        0.000323        0.000391
1995-1999        5             0.000583        0.000974        0.000786
1995-1999        6             0.000593        0.000219        0.000399
1995-1999        7             0.000485        0.000335        0.000407
1995-1999        8             0.000870        0.000343        0.000596
1995-1999        9             0.000507        0.000355        0.000428
1995-1999       10             0.001028        0.000966        0.000996
1995-1999       11             0.000652        0.000614        0.000633
1995-1999       12             0.000131        0.000248        0.000191
1995-1999       13             0.000799        0.000127        0.000454
1995-1999       14             0.001220        0.001557        0.001392
1995-1999       15             0.000696        0.001066        0.000885
1995-1999       16             0.000578        0.001757        0.001187
1995-1999       17             0.001939        0.001214        0.001558
1995-1999       18             0.000602        0.001709        0.001193
1995-1999       19             0.001017        0.001422        0.001231
1995-1999       20             0.001256        0.002372        0.001845
1995-1999       21             0.001306        0.001443        0.001378
1995-1999       22             0.000984        0.003173        0.002123
1995-1999       23             0.001169        0.002642        0.001943
1995-1999       24             0.000560        0.002221        0.001434
1995-1999       25             0.001506        0.002952        0.002261
1995-1999       26             0.001039        0.002352        0.001714
1995-1999       27             0.000517        0.002466        0.001514
1995-1999       28             0.000418        0.002105        0.001279
1995-1999       29             0.001509        0.002597        0.002063
1995-1999       30             0.000562        0.003422        0.002027
1995-1999       31             0.000918        0.001518        0.001226
1995-1999       32             0.003033        0.002605        0.002811
1995-1999       33             0.001654        0.002720        0.002209
1995-1999       34             0.001192        0.003366        0.002330
1995-1999       35             0.001434        0.003158        0.002336
1995-1999       36             0.000852        0.003177        0.002075
1995-1999       37             0.001491        0.003924        0.002770
1995-1999       38             0.001911        0.003125        0.002547
1995-1999       39             0.002225        0.004888        0.003619
1995-1999       40             0.003248        0.003983        0.003631
1995-1999       41             0.002078        0.004542        0.003350
1995-1999       42             0.003257        0.005415        0.004373
1995-1999       43             0.002943        0.004190        0.003593
1995-1999       44             0.003493        0.004239        0.003886
1995-1999       45             0.002360        0.005649        0.004113
1995-1999       46             0.003898        0.004805        0.004383
1995-1999       47             0.002845        0.004064        0.003498
1995-1999       48             0.003613        0.005847        0.004821
1995-1999       49             0.004178        0.005708        0.005016
1995-1999       50             0.003517        0.006803        0.005333
1995-1999       51             0.002734        0.006708        0.004945
1995-1999       52             0.005697        0.006609        0.006208
1995-1999       53             0.006294        0.010459        0.008648
1995-1999       54             0.004186        0.008365        0.006575
1995-1999       55             0.003996        0.009168        0.006990
1995-1999       56             0.007468        0.011988        0.010095
1995-1999       57             0.009738        0.011231        0.010609
1995-1999       58             0.007740        0.011515        0.009952
1995-1999       59             0.008567        0.012131        0.010654
1995-1999       60             0.013704        0.015513        0.014746
1995-1999       61             0.016258        0.019336        0.018008
1995-1999       62             0.014336        0.022772        0.019081
1995-1999       63             0.021671        0.021740        0.021710
1995-1999       64             0.016346        0.029007        0.023499
1995-1999       65             0.015418        0.023499        0.019953
1995-1999       66             0.019731        0.027519        0.024110
1995-1999       67             0.020721        0.027707        0.024640
1995-1999       68             0.023785        0.033378        0.029185
1995-1999       69             0.019754        0.047895        0.035655
1995-1999       70             0.025706        0.035942        0.031396
1995-1999       71             0.042938        0.040520        0.041618
1995-1999       72             0.031442        0.034368        0.032997
1995-1999       73             0.035523        0.041531        0.038604
1995-1999       74             0.028525        0.048510        0.038623
1995-1999       75             0.054307        0.061495        0.057978
1995-1999       76             0.035281        0.071279        0.053189
1995-1999       77             0.062937        0.077766        0.069992
1995-1999       78             0.082841        0.051860        0.068900
1995-1999       79             0.053625        0.122266        0.083432
1995-1999       80             0.055921        0.087270        0.069616
1995-1999       81             0.062744        0.042560        0.053926
1995-1999       82             0.046674        0.104370        0.071529
1995-1999       83             0.089120        0.062088        0.077250
1995-1999       84             0.098410        0.113353        0.105173
1995-1999       85             0.035881        0.194879        0.104682
1995-1999       86             0.108932        0.094925        0.103047
1995-1999       87             0.138970        0.093887        0.119281
1995-1999       88             0.128583        0.155589        0.140399
1995-1999       89             0.143296        0.058435        0.106479
1995-1999       90             0.195624        0.115210        0.161039
1995-1999       91             0.175198        0.173544        0.174518
1995-1999       92             0.201421        0.024753        0.130033
1995-1999       93             0.202190        0.201904        0.202072
1995-1999       94             0.133511        0.352092        0.218157
1995-1999       95             0.192100        0.532151        0.297832
1995-1999       96             0.220335        0.301457        0.237786
1995-1999       97             0.313352        0.380469        0.323736
1995-1999       98             0.600819        0.000000        0.484084
1995-1999       99             0.289995        0.000000        0.166945
1995-1999      100             0.786011        0.716305        0.745287
1995-1999      101             1.029167        1.110439        1.076249
1995-1999      102             0.989619        1.935035        1.303544
1995-1999      103             6.000000        6.000000        6.000000
1995-1999      104                   .              .              .
1995-1999      105                   .              .              .
1995-1999      106                   .              .              .
1995-1999      107                   .              .              .
1995-1999      108                   .              .              .
1995-1999      109                   .              .              .
1995-1999      110+                  .              .              .
2000-2004        0             0.008363        0.013109        0.010798
2000-2004        1             0.000571        0.001093        0.000838
2000-2004        2             0.001157        0.001205        0.001182
2000-2004        3             0.001528        0.000886        0.001197
2000-2004        4             0.000478        0.000337        0.000405
2000-2004        5             0.000723        0.000113        0.000406
2000-2004        6             0.000242        0.000000        0.000115
2000-2004        7             0.000726        0.000334        0.000521
2000-2004        8             0.000361        0.000223        0.000289
2000-2004        9             0.000000        0.000555        0.000288
2000-2004       10             0.000120        0.000897        0.000523
2000-2004       11             0.000492        0.000684        0.000592
2000-2004       12             0.000502        0.000467        0.000484
2000-2004       13             0.000387        0.000835        0.000620
2000-2004       14             0.000662        0.001108        0.000893
2000-2004       15             0.000136        0.001401        0.000790
2000-2004       16             0.000966        0.001838        0.001414
2000-2004       17             0.001524        0.001869        0.001700
2000-2004       18             0.001107        0.002391        0.001763
2000-2004       19             0.001666        0.002322        0.002006
2000-2004       20             0.000687        0.002351        0.001563
2000-2004       21             0.001854        0.002265        0.002071
2000-2004       22             0.001660        0.001889        0.001779
2000-2004       23             0.001983        0.002328        0.002161
2000-2004       24             0.000731        0.002732        0.001767
2000-2004       25             0.001796        0.002916        0.002375
2000-2004       26             0.000819        0.003316        0.002103
2000-2004       27             0.001826        0.001296        0.001554
2000-2004       28             0.001681        0.002320        0.002010
2000-2004       29             0.000542        0.001896        0.001228
2000-2004       30             0.001274        0.003464        0.002375
2000-2004       31             0.000957        0.002732        0.001849
2000-2004       32             0.001818        0.003460        0.002648
2000-2004       33             0.001667        0.004361        0.003043
2000-2004       34             0.001716        0.002827        0.002286
2000-2004       35             0.002694        0.005103        0.003933
2000-2004       36             0.002045        0.003397        0.002742
2000-2004       37             0.001952        0.003837        0.002933
2000-2004       38             0.001971        0.003932        0.002997
2000-2004       39             0.002364        0.003714        0.003073
2000-2004       40             0.002251        0.004422        0.003391
2000-2004       41             0.003556        0.004695        0.004155
2000-2004       42             0.002330        0.003432        0.002907
2000-2004       43             0.002658        0.004307        0.003515
2000-2004       44             0.002331        0.004219        0.003309
2000-2004       45             0.002390        0.006072        0.004290
2000-2004       46             0.002298        0.004825        0.003605
2000-2004       47             0.003663        0.006117        0.004936
2000-2004       48             0.002254        0.005008        0.003686
2000-2004       49             0.003532        0.004378        0.003973
2000-2004       50             0.002686        0.005259        0.004042
2000-2004       51             0.004771        0.007197        0.006066
2000-2004       52             0.004291        0.005017        0.004682
2000-2004       53             0.003621        0.004551        0.004127
2000-2004       54             0.003107        0.008113        0.005863
2000-2004       55             0.004769        0.008204        0.006690
2000-2004       56             0.004466        0.008132        0.006519
2000-2004       57             0.007221        0.010611        0.009131
2000-2004       58             0.005656        0.012298        0.009397
2000-2004       59             0.008623        0.009967        0.009383
2000-2004       60             0.007337        0.010360        0.009059
2000-2004       61             0.007814        0.012010        0.010237
2000-2004       62             0.009606        0.013639        0.011967
2000-2004       63             0.009874        0.016856        0.013977
2000-2004       64             0.016869        0.018020        0.017542
2000-2004       65             0.014121        0.019262        0.017097
2000-2004       66             0.022342        0.020106        0.021060
2000-2004       67             0.015135        0.030298        0.023669
2000-2004       68             0.018158        0.031241        0.025409
2000-2004       69             0.031136        0.026191        0.028448
2000-2004       70             0.022635        0.026598        0.024790
2000-2004       71             0.024467        0.042905        0.034650
2000-2004       72             0.018894        0.046409        0.034157
2000-2004       73             0.023657        0.053755        0.040423
2000-2004       74             0.020588        0.038049        0.030154
2000-2004       75             0.024573        0.038849        0.032162
2000-2004       76             0.042549        0.049488        0.046169
2000-2004       77             0.042799        0.053758        0.048446
2000-2004       78             0.050275        0.070520        0.060445
2000-2004       79             0.044539        0.076632        0.059936
2000-2004       80             0.077913        0.121359        0.096957
2000-2004       81             0.062950        0.128704        0.090794
2000-2004       82             0.058756        0.090264        0.071569
2000-2004       83             0.069163        0.138892        0.096396
2000-2004       84             0.107298        0.111180        0.108805
2000-2004       85             0.042342        0.087479        0.060580
2000-2004       86             0.121950        0.103500        0.114306
2000-2004       87             0.097425        0.144137        0.116929
2000-2004       88             0.108575        0.150091        0.126027
2000-2004       89             0.085103        0.179455        0.123683
2000-2004       90             0.132231        0.177972        0.150199
2000-2004       91             0.115383        0.186670        0.144106
2000-2004       92             0.148173        0.201784        0.170904
2000-2004       93             0.116491        0.215364        0.158794
2000-2004       94             0.143049        0.203441        0.168055
2000-2004       95             0.289930        0.355506        0.316484
2000-2004       96             0.351220        0.250625        0.307136
2000-2004       97             0.121976        0.306931        0.204222
2000-2004       98             0.462844        0.701919        0.547627
2000-2004       99             0.837989        0.000000        0.537910
2000-2004      100             0.890208        0.971774        0.921757
2000-2004      101             0.716094        6.000000        0.987993
2000-2004      102             2.000000              .        2.000000
2000-2004      103                   .              .              .
2000-2004      104                   .              .              .
2000-2004      105                   .              .              .
2000-2004      106                   .              .              .
2000-2004      107                   .              .              .
2000-2004      108                   .              .              .
2000-2004      109                   .              .              .
2000-2004      110+                  .              .              .
2005-2009        0             0.007161        0.009054        0.008135
2005-2009        1             0.000901        0.000960        0.000931
2005-2009        2             0.001382        0.001304        0.001342
2005-2009        3             0.000349        0.000769        0.000565
2005-2009        4             0.000468        0.000111        0.000285
2005-2009        5             0.000117        0.000000        0.000057
2005-2009        6             0.000351        0.001131        0.000749
2005-2009        7             0.000477        0.000339        0.000407
2005-2009        8             0.000852        0.000114        0.000471
2005-2009        9             0.000248        0.000798        0.000535
2005-2009       10             0.000000        0.001146        0.000600
2005-2009       11             0.000885        0.000917        0.000902
2005-2009       12             0.000884        0.000463        0.000665
2005-2009       13             0.001016        0.000466        0.000729
2005-2009       14             0.000507        0.001169        0.000852
2005-2009       15             0.000765        0.000592        0.000675
2005-2009       16             0.001558        0.001077        0.001308
2005-2009       17             0.001059        0.001585        0.001333
2005-2009       18             0.000939        0.001469        0.001217
2005-2009       19             0.000940        0.001777        0.001385
2005-2009       20             0.000655        0.001924        0.001336
2005-2009       21             0.000628        0.003056        0.001928
2005-2009       22             0.001303        0.001886        0.001613
2005-2009       23             0.001224        0.001315        0.001271
2005-2009       24             0.000957        0.001487        0.001231
2005-2009       25             0.001146        0.001391        0.001272
2005-2009       26             0.001565        0.000909        0.001231
2005-2009       27             0.001480        0.001247        0.001363
2005-2009       28             0.001714        0.002427        0.002073
2005-2009       29             0.000765        0.001818        0.001298
2005-2009       30             0.001228        0.001183        0.001205
2005-2009       31             0.001917        0.002482        0.002206
2005-2009       32             0.001693        0.003015        0.002370
2005-2009       33             0.001466        0.002810        0.002153
2005-2009       34             0.000782        0.003000        0.001914
2005-2009       35             0.001663        0.002641        0.002164
2005-2009       36             0.002220        0.003577        0.002917
2005-2009       37             0.000565        0.004059        0.002362
2005-2009       38             0.002411        0.003801        0.003126
2005-2009       39             0.002139        0.003021        0.002594
2005-2009       40             0.002469        0.003468        0.002985
2005-2009       41             0.002536        0.003873        0.003230
2005-2009       42             0.002944        0.004830        0.003926
2005-2009       43             0.002706        0.004368        0.003573
2005-2009       44             0.002854        0.004476        0.003705
2005-2009       45             0.003609        0.006055        0.004882
2005-2009       46             0.003237        0.004683        0.003988
2005-2009       47             0.003600        0.004430        0.004032
2005-2009       48             0.001775        0.005793        0.003866
2005-2009       49             0.003916        0.007785        0.005923
2005-2009       50             0.004139        0.006529        0.005375
2005-2009       51             0.003351        0.006533        0.004997
2005-2009       52             0.004177        0.005567        0.004897
2005-2009       53             0.004791        0.008699        0.006825
2005-2009       54             0.005121        0.006529        0.005860
2005-2009       55             0.004720        0.009048        0.007024
2005-2009       56             0.005001        0.006444        0.005779
2005-2009       57             0.007301        0.008691        0.008058
2005-2009       58             0.006557        0.010184        0.008557
2005-2009       59             0.005768        0.010365        0.008334
2005-2009       60             0.007914        0.010193        0.009190
2005-2009       61             0.007084        0.015067        0.011557
2005-2009       62             0.004074        0.012407        0.008770
2005-2009       63             0.006185        0.015242        0.011313
2005-2009       64             0.007601        0.014352        0.011434
2005-2009       65             0.011855        0.016604        0.014549
2005-2009       66             0.017195        0.020110        0.018865
2005-2009       67             0.012885        0.025836        0.020310
2005-2009       68             0.012980        0.029111        0.022162
2005-2009       69             0.014537        0.023528        0.019641
2005-2009       70             0.019395        0.027474        0.023945
2005-2009       71             0.026939        0.035142        0.031460
2005-2009       72             0.021938        0.038760        0.031038
2005-2009       73             0.027092        0.038592        0.033217
2005-2009       74             0.031110        0.051312        0.041677
2005-2009       75             0.029431        0.037652        0.033690
2005-2009       76             0.046502        0.052852        0.049806
2005-2009       77             0.037112        0.057812        0.047892
2005-2009       78             0.043205        0.085595        0.065343
2005-2009       79             0.040773        0.067252        0.054375
2005-2009       80             0.047211        0.074783        0.060376
2005-2009       81             0.056036        0.108841        0.080098
2005-2009       82             0.089149        0.089904        0.089488
2005-2009       83             0.096145        0.057115        0.078848
2005-2009       84             0.066592        0.077201        0.071124
2005-2009       85             0.084778        0.096864        0.089757
2005-2009       86             0.115455        0.151710        0.129868
2005-2009       87             0.102279        0.187463        0.134027
2005-2009       88             0.148015        0.135019        0.143410
2005-2009       89             0.147443        0.087587        0.125317
2005-2009       90             0.163262        0.231030        0.189719
2005-2009       91             0.270291        0.200867        0.242951
2005-2009       92             0.140689        0.118790        0.132100
2005-2009       93             0.214838        0.216662        0.215549
2005-2009       94             0.140193        0.351872        0.215063
2005-2009       95             0.178590        0.522871        0.273425
2005-2009       96             0.273134        0.475914        0.321540
2005-2009       97             0.226391        0.079808        0.184291
2005-2009       98             0.125418        0.725890        0.297944
2005-2009       99             0.651254        0.000000        0.459876
2005-2009      100             0.538511        1.444740        0.863327
2005-2009      101             0.746599        2.905444        1.069409
2005-2009      102             1.420183              .        1.420183
2005-2009      103                   .              .              .
2005-2009      104                   .              .              .
2005-2009      105                   .              .              .
2005-2009      106                   .              .              .
2005-2009      107                   .              .              .
2005-2009      108                   .              .              .
2005-2009      109                   .              .              .
2005-2009      110+                  .              .              .
2010-2014        0             0.007291        0.007332        0.007312
2010-2014        1             0.000856        0.001021        0.000940
2010-2014        2             0.000542        0.000818        0.000684
2010-2014        3             0.000439        0.000621        0.000533
2010-2014        4             0.000456        0.001258        0.000869
2010-2014        5             0.000675        0.000745        0.000711
2010-2014        6             0.000456        0.000000        0.000223
2010-2014        7             0.000476        0.000000        0.000232
2010-2014        8             0.000118        0.000453        0.000290
2010-2014        9             0.000720        0.000458        0.000586
2010-2014       10             0.000608        0.000698        0.000654
2010-2014       11             0.000491        0.000238        0.000361
2010-2014       12             0.000872        0.000589        0.000727
2010-2014       13             0.000644        0.000593        0.000617
2010-2014       14             0.001056        0.000835        0.000940
2010-2014       15             0.001079        0.001565        0.001336
2010-2014       16             0.001907        0.001680        0.001786
2010-2014       17             0.000275        0.001438        0.000893
2010-2014       18             0.001749        0.001076        0.001394
2010-2014       19             0.001297        0.001611        0.001464
2010-2014       20             0.000372        0.001607        0.001035
2010-2014       21             0.001200        0.001985        0.001629
2010-2014       22             0.001240        0.001950        0.001629
2010-2014       23             0.001986        0.002021        0.002005
2010-2014       24             0.000676        0.001510        0.001123
2010-2014       25             0.000644        0.001546        0.001122
2010-2014       26             0.000989        0.001691        0.001360
2010-2014       27             0.000807        0.001728        0.001287
2010-2014       28             0.000990        0.001583        0.001298
2010-2014       29             0.001005        0.001426        0.001224
2010-2014       30             0.001200        0.001361        0.001284
2010-2014       31             0.000575        0.000892        0.000740
2010-2014       32             0.000909        0.001690        0.001313
2010-2014       33             0.000950        0.002183        0.001584
2010-2014       34             0.001736        0.001626        0.001679
2010-2014       35             0.001877        0.001766        0.001820
2010-2014       36             0.001670        0.001576        0.001622
2010-2014       37             0.001686        0.002014        0.001855
2010-2014       38             0.001243        0.003479        0.002400
2010-2014       39             0.001933        0.003672        0.002837
2010-2014       40             0.001464        0.003852        0.002706
2010-2014       41             0.002037        0.002619        0.002339
2010-2014       42             0.002519        0.003411        0.002981
2010-2014       43             0.002219        0.002389        0.002307
2010-2014       44             0.003728        0.003927        0.003831
2010-2014       45             0.002609        0.003372        0.003002
2010-2014       46             0.003814        0.004277        0.004053
2010-2014       47             0.003089        0.005745        0.004466
2010-2014       48             0.003250        0.003840        0.003556
2010-2014       49             0.003517        0.005403        0.004499
2010-2014       50             0.004203        0.006145        0.005214
2010-2014       51             0.005186        0.007088        0.006176
2010-2014       52             0.005268        0.006349        0.005830
2010-2014       53             0.004319        0.007875        0.006160
2010-2014       54             0.004306        0.007347        0.005881
2010-2014       55             0.004157        0.008462        0.006381
2010-2014       56             0.004644        0.006274        0.005491
2010-2014       57             0.004206        0.007510        0.005934
2010-2014       58             0.005938        0.010660        0.008425
2010-2014       59             0.007546        0.010264        0.008991
2010-2014       60             0.005928        0.009758        0.007978
2010-2014       61             0.006777        0.009210        0.008092
2010-2014       62             0.010917        0.014580        0.012931
2010-2014       63             0.009652        0.012588        0.011279
2010-2014       64             0.008167        0.013303        0.011052
2010-2014       65             0.007893        0.014362        0.011548
2010-2014       66             0.013088        0.012711        0.012876
2010-2014       67             0.010047        0.018412        0.014746
2010-2014       68             0.012160        0.024248        0.018918
2010-2014       69             0.018700        0.018566        0.018625
2010-2014       70             0.019262        0.027036        0.023575
2010-2014       71             0.016967        0.027148        0.022625
2010-2014       72             0.021949        0.037682        0.030709
2010-2014       73             0.017876        0.026501        0.022661
2010-2014       74             0.030504        0.039428        0.035437
2010-2014       75             0.031519        0.041854        0.037134
2010-2014       76             0.031851        0.047868        0.040341
2010-2014       77             0.041279        0.052839        0.047152
2010-2014       78             0.033349        0.055304        0.044402
2010-2014       79             0.018823        0.064922        0.041501
2010-2014       80             0.044443        0.064383        0.054162
2010-2014       81             0.048295        0.070611        0.059322
2010-2014       82             0.061866        0.092299        0.076721
2010-2014       83             0.070772        0.109906        0.089425
2010-2014       84             0.060072        0.097422        0.077414
2010-2014       85             0.093855        0.103390        0.098061
2010-2014       86             0.134408        0.145379        0.139160
2010-2014       87             0.091438        0.121802        0.104752
2010-2014       88             0.140405        0.190608        0.161684
2010-2014       89             0.113334        0.134410        0.121644
2010-2014       90             0.108373        0.098409        0.104603
2010-2014       91             0.127067        0.214313        0.158320
2010-2014       92             0.129312        0.158897        0.139004
2010-2014       93             0.195844        0.116832        0.169845
2010-2014       94             0.224936        0.291862        0.248724
2010-2014       95             0.233146        0.386772        0.287245
2010-2014       96             0.329185        0.106553        0.253846
2010-2014       97             0.488452        0.223353        0.394848
2010-2014       98             0.218380        0.825688        0.390879
2010-2014       99             0.522713        1.390244        0.644485
2010-2014      100             0.935001        0.000000        0.898354
2010-2014      101             1.198091              .        1.198091
2010-2014      102             2.779747              .        2.779747
2010-2014      103                   .              .              .
2010-2014      104                   .              .              .
2010-2014      105                   .              .              .
2010-2014      106                   .              .              .
2010-2014      107                   .              .              .
2010-2014      108                   .              .              .
2010-2014      109                   .              .              .
2010-2014      110+                  .              .              .
2015-2019        0             0.007629        0.008341        0.007995
2015-2019        1             0.000871        0.000309        0.000582
2015-2019        2             0.001200        0.000522        0.000853
2015-2019        3             0.000538        0.001055        0.000799
2015-2019        4             0.000000        0.000523        0.000266
2015-2019        5             0.000000        0.000105        0.000054
2015-2019        6             0.000442        0.000211        0.000324
2015-2019        7             0.000332        0.000538        0.000437
2015-2019        8             0.000000        0.000216        0.000110
2015-2019        9             0.000000        0.000772        0.000397
2015-2019       10             0.000000        0.000000        0.000000
2015-2019       11             0.000371        0.000819        0.000601
2015-2019       12             0.000379        0.001203        0.000801
2015-2019       13             0.000513        0.000977        0.000750
2015-2019       14             0.000523        0.000742        0.000636
2015-2019       15             0.000802        0.000497        0.000644
2015-2019       16             0.000545        0.000886        0.000722
2015-2019       17             0.001405        0.001028        0.001208
2015-2019       18             0.000290        0.001402        0.000882
2015-2019       19             0.001438        0.001618        0.001535
2015-2019       20             0.000966        0.001850        0.001447
2015-2019       21             0.000899        0.001713        0.001343
2015-2019       22             0.000474        0.000930        0.000717
2015-2019       23             0.000751        0.001972        0.001387
2015-2019       24             0.000297        0.001823        0.001092
2015-2019       25             0.001003        0.001297        0.001154
2015-2019       26             0.000868        0.001077        0.000975
2015-2019       27             0.001172        0.001052        0.001111
2015-2019       28             0.000573        0.000960        0.000769
2015-2019       29             0.001149        0.001366        0.001258
2015-2019       30             0.000738        0.001295        0.001018
2015-2019       31             0.000998        0.001310        0.001155
2015-2019       32             0.001460        0.001832        0.001649
2015-2019       33             0.001319        0.002057        0.001693
2015-2019       34             0.001360        0.001691        0.001527
2015-2019       35             0.001436        0.001659        0.001549
2015-2019       36             0.001993        0.002503        0.002252
2015-2019       37             0.001859        0.001792        0.001825
2015-2019       38             0.001396        0.002609        0.002012
2015-2019       39             0.001544        0.002459        0.002009
2015-2019       40             0.001805        0.001210        0.001504
2015-2019       41             0.001759        0.001571        0.001663
2015-2019       42             0.002143        0.002785        0.002475
2015-2019       43             0.002567        0.003932        0.003279
2015-2019       44             0.000597        0.004660        0.002704
2015-2019       45             0.003205        0.003506        0.003362
2015-2019       46             0.001909        0.003256        0.002603
2015-2019       47             0.003919        0.003618        0.003764
2015-2019       48             0.002766        0.004980        0.003894
2015-2019       49             0.004208        0.004374        0.004293
2015-2019       50             0.002791        0.004764        0.003797
2015-2019       51             0.004489        0.005805        0.005162
2015-2019       52             0.004505        0.006719        0.005637
2015-2019       53             0.004833        0.005715        0.005286
2015-2019       54             0.004526        0.006781        0.005693
2015-2019       55             0.003502        0.006006        0.004798
2015-2019       56             0.004722        0.006458        0.005617
2015-2019       57             0.004577        0.009276        0.006985
2015-2019       58             0.007964        0.008436        0.008204
2015-2019       59             0.007167        0.011292        0.009260
2015-2019       60             0.008323        0.012711        0.010591
2015-2019       61             0.007911        0.011114        0.009578
2015-2019       62             0.006973        0.011021        0.009073
2015-2019       63             0.009995        0.010167        0.010085
2015-2019       64             0.008815        0.014126        0.011611
2015-2019       65             0.011445        0.015312        0.013476
2015-2019       66             0.012056        0.017599        0.015011
2015-2019       67             0.013466        0.012809        0.013113
2015-2019       68             0.011073        0.017556        0.014601
2015-2019       69             0.012415        0.017642        0.015291
2015-2019       70             0.020945        0.027851        0.024751
2015-2019       71             0.014460        0.023043        0.019148
2015-2019       72             0.015859        0.027746        0.022243
2015-2019       73             0.017804        0.036129        0.027608
2015-2019       74             0.020192        0.027315        0.024016
2015-2019       75             0.027773        0.043398        0.036196
2015-2019       76             0.029156        0.036847        0.033316
2015-2019       77             0.030140        0.056095        0.043911
2015-2019       78             0.025335        0.045909        0.035962
2015-2019       79             0.034500        0.050200        0.042363
2015-2019       80             0.050526        0.060455        0.055437
2015-2019       81             0.047819        0.084584        0.064619
2015-2019       82             0.057089        0.074647        0.064987
2015-2019       83             0.089720        0.104582        0.096520
2015-2019       84             0.068242        0.092976        0.079469
2015-2019       85             0.080650        0.120289        0.098784
2015-2019       86             0.071545        0.090126        0.080067
2015-2019       87             0.075944        0.118352        0.095040
2015-2019       88             0.129620        0.126771        0.128367
2015-2019       89             0.112952        0.166698        0.136251
2015-2019       90             0.129754        0.152548        0.139211
2015-2019       91             0.148368        0.169328        0.156919
2015-2019       92             0.206690        0.205557        0.206222
2015-2019       93             0.174330        0.178363        0.175968
2015-2019       94             0.301586        0.207612        0.264699
2015-2019       95             0.247979        0.402953        0.307041
2015-2019       96             0.122787        0.222195        0.158169
2015-2019       97             0.306834        0.150337        0.250753
2015-2019       98             0.076370        0.295421        0.151026
2015-2019       99             0.703262        0.530270        0.650230
2015-2019      100             1.035904        0.823366        0.967161
2015-2019      101             0.747285        1.062583        0.858349
2015-2019      102             1.704545        2.230366        1.978202
2015-2019      103                   .              .              .
2015-2019      104                   .              .              .
2015-2019      105                   .              .              .
2015-2019      106                   .              .              .
2015-2019      107                   .              .              .
2015-2019      108                   .              .              .
2015-2019      109                   .              .              .
2015-2019      110+                  .              .              .
