TAS, Life tables (period 1x5), Total	Last modified: 02 Jul 2018;  Methods Protocol: v6 (2017)

  Year          Age         mx       qx    ax      lx      dx      Lx       Tx     ex
1971-1974        0      0.01691  0.01666  0.11  100000    1666   98524  7144667  71.45
1971-1974        1      0.00098  0.00098  0.50   98334      97   98286  7046143  71.66
1971-1974        2      0.00109  0.00109  0.50   98237     107   98184  6947857  70.73
1971-1974        3      0.00071  0.00071  0.50   98130      70   98095  6849673  69.80
1971-1974        4      0.00075  0.00075  0.50   98060      74   98023  6751579  68.85
1971-1974        5      0.00067  0.00067  0.50   97986      66   97953  6653556  67.90
1971-1974        6      0.00058  0.00058  0.50   97920      57   97892  6555602  66.95
1971-1974        7      0.00052  0.00052  0.50   97863      51   97838  6457711  65.99
1971-1974        8      0.00063  0.00063  0.50   97812      62   97781  6359873  65.02
1971-1974        9      0.00058  0.00058  0.50   97750      57   97722  6262091  64.06
1971-1974       10      0.00033  0.00033  0.50   97693      32   97677  6164370  63.10
1971-1974       11      0.00035  0.00035  0.50   97661      34   97644  6066692  62.12
1971-1974       12      0.00055  0.00055  0.50   97627      54   97600  5969048  61.14
1971-1974       13      0.00032  0.00032  0.50   97573      31   97558  5871448  60.17
1971-1974       14      0.00072  0.00072  0.50   97542      70   97507  5773890  59.19
1971-1974       15      0.00090  0.00090  0.50   97472      88   97428  5676383  58.24
1971-1974       16      0.00122  0.00122  0.50   97384     119   97325  5578955  57.29
1971-1974       17      0.00173  0.00173  0.50   97265     169   97181  5481631  56.36
1971-1974       18      0.00194  0.00194  0.50   97097     188   97003  5384450  55.45
1971-1974       19      0.00161  0.00161  0.50   96908     156   96830  5287447  54.56
1971-1974       20      0.00175  0.00175  0.50   96752     169   96667  5190617  53.65
1971-1974       21      0.00183  0.00183  0.50   96583     177   96494  5093949  52.74
1971-1974       22      0.00147  0.00147  0.50   96406     141   96335  4997455  51.84
1971-1974       23      0.00113  0.00113  0.50   96265     109   96210  4901120  50.91
1971-1974       24      0.00082  0.00082  0.50   96156      79   96116  4804910  49.97
1971-1974       25      0.00127  0.00127  0.50   96077     122   96016  4708793  49.01
1971-1974       26      0.00111  0.00111  0.50   95955     107   95901  4612777  48.07
1971-1974       27      0.00112  0.00112  0.50   95848     107   95794  4516876  47.13
1971-1974       28      0.00097  0.00097  0.50   95741      93   95694  4421082  46.18
1971-1974       29      0.00131  0.00131  0.50   95648     126   95585  4325388  45.22
1971-1974       30      0.00087  0.00087  0.50   95522      83   95481  4229803  44.28
1971-1974       31      0.00109  0.00109  0.50   95439     104   95388  4134322  43.32
1971-1974       32      0.00122  0.00122  0.50   95336     116   95278  4038935  42.37
1971-1974       33      0.00130  0.00129  0.50   95219     123   95158  3943657  41.42
1971-1974       34      0.00074  0.00074  0.50   95096      70   95061  3848499  40.47
1971-1974       35      0.00162  0.00162  0.50   95026     154   94949  3753438  39.50
1971-1974       36      0.00155  0.00154  0.50   94872     147   94798  3658489  38.56
1971-1974       37      0.00186  0.00186  0.50   94725     176   94637  3563691  37.62
1971-1974       38      0.00191  0.00191  0.50   94549     180   94459  3469054  36.69
1971-1974       39      0.00245  0.00245  0.50   94368     231   94253  3374595  35.76
1971-1974       40      0.00181  0.00180  0.50   94138     170   94053  3280342  34.85
1971-1974       41      0.00274  0.00273  0.50   93968     257   93839  3186290  33.91
1971-1974       42      0.00265  0.00265  0.50   93711     248   93587  3092450  33.00
1971-1974       43      0.00267  0.00267  0.50   93463     250   93338  2998863  32.09
1971-1974       44      0.00342  0.00342  0.50   93213     318   93054  2905526  31.17
1971-1974       45      0.00406  0.00406  0.50   92895     377   92706  2812472  30.28
1971-1974       46      0.00435  0.00434  0.50   92518     402   92317  2719766  29.40
1971-1974       47      0.00360  0.00359  0.50   92116     331   91950  2627449  28.52
1971-1974       48      0.00468  0.00467  0.50   91785     429   91571  2535498  27.62
1971-1974       49      0.00633  0.00631  0.50   91356     576   91068  2443928  26.75
1971-1974       50      0.00542  0.00540  0.50   90780     490   90535  2352860  25.92
1971-1974       51      0.00664  0.00661  0.50   90289     597   89991  2262325  25.06
1971-1974       52      0.00725  0.00722  0.50   89692     648   89368  2172334  24.22
1971-1974       53      0.00821  0.00818  0.50   89044     728   88680  2082966  23.39
1971-1974       54      0.00946  0.00942  0.50   88316     832   87900  1994286  22.58
1971-1974       55      0.01125  0.01119  0.50   87484     979   86995  1906386  21.79
1971-1974       56      0.00989  0.00984  0.50   86506     852   86080  1819390  21.03
1971-1974       57      0.01165  0.01158  0.50   85654     992   85158  1733310  20.24
1971-1974       58      0.01335  0.01326  0.50   84662    1123   84101  1648152  19.47
1971-1974       59      0.01517  0.01506  0.50   83540    1258   82911  1564051  18.72
1971-1974       60      0.01645  0.01632  0.50   82282    1343   81610  1481140  18.00
1971-1974       61      0.01678  0.01664  0.50   80939    1347   80265  1399530  17.29
1971-1974       62      0.01918  0.01900  0.50   79592    1512   78836  1319265  16.58
1971-1974       63      0.02060  0.02039  0.50   78080    1592   77284  1240429  15.89
1971-1974       64      0.02115  0.02093  0.50   76488    1601   75687  1163145  15.21
1971-1974       65      0.02673  0.02637  0.50   74887    1975   73899  1087458  14.52
1971-1974       66      0.02393  0.02365  0.50   72912    1724   72050  1013559  13.90
1971-1974       67      0.02729  0.02693  0.50   71188    1917   70229   941509  13.23
1971-1974       68      0.03350  0.03294  0.50   69271    2282   68130   871280  12.58
1971-1974       69      0.03288  0.03235  0.50   66989    2167   65905   803150  11.99
1971-1974       70      0.04009  0.03930  0.50   64821    2548   63548   737245  11.37
1971-1974       71      0.04353  0.04261  0.50   62274    2653   60947   673697  10.82
1971-1974       72      0.04935  0.04816  0.50   59621    2871   58185   612750  10.28
1971-1974       73      0.05311  0.05174  0.50   56749    2936   55281   554565   9.77
1971-1974       74      0.05755  0.05594  0.50   53813    3010   52308   499284   9.28
1971-1974       75      0.05742  0.05582  0.50   50803    2836   49385   446976   8.80
1971-1974       76      0.06767  0.06545  0.50   47967    3140   46397   397591   8.29
1971-1974       77      0.07106  0.06862  0.50   44828    3076   43290   351193   7.83
1971-1974       78      0.08328  0.07995  0.50   41751    3338   40083   307904   7.37
1971-1974       79      0.08964  0.08579  0.50   38414    3296   36766   267821   6.97
1971-1974       80      0.09485  0.09055  0.50   35118    3180   33528   231056   6.58
1971-1974       81      0.09343  0.08926  0.50   31938    2851   30513   197528   6.18
1971-1974       82      0.12170  0.11472  0.50   29087    3337   27419   167015   5.74
1971-1974       83      0.11788  0.11132  0.50   25750    2867   24317   139596   5.42
1971-1974       84      0.13122  0.12314  0.50   22884    2818   21475   115279   5.04
1971-1974       85      0.15746  0.14597  0.50   20066    2929   18601    93805   4.67
1971-1974       86      0.18092  0.16591  0.50   17137    2843   15715    75203   4.39
1971-1974       87      0.18243  0.16718  0.50   14294    2390   13099    59488   4.16
1971-1974       88      0.19954  0.18144  0.50   11904    2160   10824    46389   3.90
1971-1974       89      0.21787  0.19647  0.50    9744    1914    8787    35565   3.65
1971-1974       90      0.23741  0.21222  0.50    7830    1662    6999    26778   3.42
1971-1974       91      0.25817  0.22866  0.50    6168    1410    5463    19780   3.21
1971-1974       92      0.28013  0.24571  0.50    4758    1169    4173    14317   3.01
1971-1974       93      0.30324  0.26331  0.50    3589     945    3116    10143   2.83
1971-1974       94      0.32744  0.28138  0.50    2644     744    2272     7027   2.66
1971-1974       95      0.35266  0.29980  0.50    1900     570    1615     4755   2.50
1971-1974       96      0.37880  0.31848  0.50    1330     424    1118     3140   2.36
1971-1974       97      0.40572  0.33730  0.50     907     306     754     2022   2.23
1971-1974       98      0.43330  0.35614  0.50     601     214     494     1268   2.11
1971-1974       99      0.46136  0.37488  0.50     387     145     314      774   2.00
1971-1974      100      0.48975  0.39341  0.50     242      95     194      460   1.90
1971-1974      101      0.51827  0.41161  0.50     147      60     116      266   1.81
1971-1974      102      0.54675  0.42937  0.50      86      37      68      149   1.73
1971-1974      103      0.57499  0.44660  0.50      49      22      38       82   1.66
1971-1974      104      0.60283  0.46321  0.50      27      13      21       43   1.59
1971-1974      105      0.63007  0.47913  0.50      15       7      11       22   1.53
1971-1974      106      0.65658  0.49431  0.50       8       4       6       11   1.47
1971-1974      107      0.68221  0.50869  0.50       4       2       3        5   1.43
1971-1974      108      0.70684  0.52226  0.50       2       1       1        3   1.38
1971-1974      109      0.73037  0.53500  0.50       1       0       1        1   1.35
1971-1974      110+     0.75272  1.00000  1.33       0       0       1        1   1.33
1975-1979        0      0.01518  0.01498  0.12  100000    1498   98679  7261145  72.61
1975-1979        1      0.00111  0.00111  0.50   98502     109   98447  7162466  72.71
1975-1979        2      0.00063  0.00063  0.50   98393      62   98362  7064018  71.79
1975-1979        3      0.00085  0.00085  0.50   98331      83   98289  6965656  70.84
1975-1979        4      0.00061  0.00061  0.50   98248      60   98218  6867367  69.90
1975-1979        5      0.00067  0.00067  0.50   98188      65   98155  6769149  68.94
1975-1979        6      0.00058  0.00058  0.50   98123      56   98095  6670994  67.99
1975-1979        7      0.00042  0.00042  0.50   98066      41   98046  6572899  67.03
1975-1979        8      0.00045  0.00045  0.50   98025      44   98003  6474854  66.05
1975-1979        9      0.00033  0.00033  0.50   97981      33   97965  6376851  65.08
1975-1979       10      0.00031  0.00031  0.50   97948      30   97933  6278886  64.10
1975-1979       11      0.00047  0.00047  0.50   97918      46   97895  6180953  63.12
1975-1979       12      0.00057  0.00057  0.50   97872      55   97845  6083058  62.15
1975-1979       13      0.00058  0.00058  0.50   97817      57   97789  5985213  61.19
1975-1979       14      0.00081  0.00081  0.50   97760      79   97721  5887425  60.22
1975-1979       15      0.00065  0.00065  0.50   97681      63   97650  5789704  59.27
1975-1979       16      0.00109  0.00109  0.50   97618     106   97565  5692054  58.31
1975-1979       17      0.00185  0.00185  0.50   97512     181   97422  5594489  57.37
1975-1979       18      0.00146  0.00146  0.50   97331     142   97260  5497067  56.48
1975-1979       19      0.00123  0.00123  0.50   97189     119   97129  5399807  55.56
1975-1979       20      0.00170  0.00170  0.50   97070     165   96987  5302678  54.63
1975-1979       21      0.00124  0.00124  0.50   96905     120   96844  5205691  53.72
1975-1979       22      0.00139  0.00139  0.50   96784     134   96717  5108846  52.79
1975-1979       23      0.00108  0.00108  0.50   96650     105   96598  5012129  51.86
1975-1979       24      0.00113  0.00113  0.50   96545     109   96491  4915531  50.91
1975-1979       25      0.00105  0.00105  0.50   96437     101   96386  4819040  49.97
1975-1979       26      0.00106  0.00106  0.50   96335     102   96284  4722655  49.02
1975-1979       27      0.00100  0.00100  0.50   96233      97   96185  4626370  48.07
1975-1979       28      0.00118  0.00118  0.50   96137     113   96080  4530185  47.12
1975-1979       29      0.00103  0.00103  0.50   96024      99   95974  4434105  46.18
1975-1979       30      0.00072  0.00072  0.50   95924      69   95890  4338131  45.22
1975-1979       31      0.00136  0.00136  0.50   95855     130   95790  4242241  44.26
1975-1979       32      0.00121  0.00121  0.50   95725     116   95667  4146451  43.32
1975-1979       33      0.00150  0.00150  0.50   95609     143   95538  4050784  42.37
1975-1979       34      0.00102  0.00102  0.50   95466      97   95417  3955246  41.43
1975-1979       35      0.00112  0.00112  0.50   95369     107   95315  3859829  40.47
1975-1979       36      0.00145  0.00144  0.50   95261     138   95193  3764514  39.52
1975-1979       37      0.00170  0.00170  0.50   95124     161   95043  3669321  38.57
1975-1979       38      0.00181  0.00181  0.50   94962     172   94877  3574278  37.64
1975-1979       39      0.00156  0.00155  0.50   94791     147   94717  3479402  36.71
1975-1979       40      0.00179  0.00179  0.50   94644     169   94559  3384684  35.76
1975-1979       41      0.00188  0.00188  0.50   94474     178   94385  3290125  34.83
1975-1979       42      0.00174  0.00174  0.50   94297     164   94215  3195740  33.89
1975-1979       43      0.00318  0.00318  0.50   94133     299   93983  3101525  32.95
1975-1979       44      0.00319  0.00319  0.50   93834     299   93684  3007542  32.05
1975-1979       45      0.00448  0.00447  0.50   93535     418   93326  2913858  31.15
1975-1979       46      0.00448  0.00447  0.50   93117     416   92909  2820532  30.29
1975-1979       47      0.00501  0.00500  0.50   92701     464   92469  2727623  29.42
1975-1979       48      0.00458  0.00457  0.50   92237     422   92026  2635155  28.57
1975-1979       49      0.00504  0.00503  0.50   91815     462   91584  2543128  27.70
1975-1979       50      0.00617  0.00615  0.50   91353     562   91073  2451544  26.84
1975-1979       51      0.00655  0.00653  0.50   90792     593   90495  2360471  26.00
1975-1979       52      0.00716  0.00714  0.50   90199     644   89877  2269976  25.17
1975-1979       53      0.00703  0.00700  0.50   89555     627   89242  2180099  24.34
1975-1979       54      0.00946  0.00941  0.50   88928     837   88510  2090857  23.51
1975-1979       55      0.01004  0.00999  0.50   88091     880   87651  2002347  22.73
1975-1979       56      0.00945  0.00940  0.50   87211     820   86801  1914696  21.95
1975-1979       57      0.01091  0.01085  0.50   86391     937   85922  1827895  21.16
1975-1979       58      0.01206  0.01199  0.50   85454    1025   84941  1741973  20.38
1975-1979       59      0.01406  0.01396  0.50   84429    1179   83840  1657031  19.63
1975-1979       60      0.01319  0.01310  0.50   83250    1091   82705  1573192  18.90
1975-1979       61      0.01503  0.01491  0.50   82159    1225   81547  1490487  18.14
1975-1979       62      0.01525  0.01513  0.50   80934    1225   80322  1408940  17.41
1975-1979       63      0.01848  0.01831  0.50   79709    1459   78980  1328618  16.67
1975-1979       64      0.01961  0.01942  0.50   78250    1520   77490  1249639  15.97
1975-1979       65      0.02156  0.02133  0.50   76731    1637   75912  1172148  15.28
1975-1979       66      0.02265  0.02240  0.50   75094    1682   74253  1096236  14.60
1975-1979       67      0.02716  0.02680  0.50   73412    1967   72428  1021983  13.92
1975-1979       68      0.02809  0.02771  0.50   71445    1979   70455   949555  13.29
1975-1979       69      0.03394  0.03338  0.50   69465    2319   68306   879100  12.66
1975-1979       70      0.03941  0.03865  0.50   67147    2595   65849   810794  12.07
1975-1979       71      0.03607  0.03543  0.50   64551    2287   63408   744945  11.54
1975-1979       72      0.04100  0.04018  0.50   62264    2502   61013   681537  10.95
1975-1979       73      0.04594  0.04491  0.50   59763    2684   58421   620524  10.38
1975-1979       74      0.05378  0.05237  0.50   57078    2989   55584   562103   9.85
1975-1979       75      0.05750  0.05589  0.50   54089    3023   52578   506519   9.36
1975-1979       76      0.06175  0.05990  0.50   51066    3059   49536   453942   8.89
1975-1979       77      0.06619  0.06407  0.50   48007    3076   46469   404405   8.42
1975-1979       78      0.07187  0.06937  0.50   44931    3117   43373   357936   7.97
1975-1979       79      0.07342  0.07082  0.50   41814    2961   40334   314564   7.52
1975-1979       80      0.07993  0.07686  0.50   38853    2986   37360   274230   7.06
1975-1979       81      0.09499  0.09068  0.50   35867    3252   34241   236870   6.60
1975-1979       82      0.10478  0.09956  0.50   32614    3247   30991   202630   6.21
1975-1979       83      0.11412  0.10796  0.50   29367    3171   27782   171639   5.84
1975-1979       84      0.11427  0.10810  0.50   26197    2832   24781   143857   5.49
1975-1979       85      0.13675  0.12800  0.50   23365    2991   21870   119076   5.10
1975-1979       86      0.15724  0.14578  0.50   20374    2970   18889    97207   4.77
1975-1979       87      0.15379  0.14281  0.50   17404    2485   16161    78317   4.50
1975-1979       88      0.19062  0.17403  0.50   14919    2596   13620    62156   4.17
1975-1979       89      0.19626  0.17872  0.50   12322    2202   11221    48536   3.94
1975-1979       90      0.21451  0.19373  0.50   10120    1961    9140    37314   3.69
1975-1979       91      0.23403  0.20951  0.50    8160    1709    7305    28175   3.45
1975-1979       92      0.25480  0.22601  0.50    6450    1458    5721    20870   3.24
1975-1979       93      0.27681  0.24316  0.50    4992    1214    4385    15149   3.03
1975-1979       94      0.30000  0.26087  0.50    3778     986    3286    10764   2.85
1975-1979       95      0.32429  0.27905  0.50    2793     779    2403     7478   2.68
1975-1979       96      0.34959  0.29758  0.50    2013     599    1714     5075   2.52
1975-1979       97      0.37579  0.31635  0.50    1414     447    1191     3361   2.38
1975-1979       98      0.40272  0.33522  0.50     967     324     805     2171   2.24
1975-1979       99      0.43024  0.35407  0.50     643     228     529     1366   2.12
1975-1979      100      0.45817  0.37277  0.50     415     155     338      837   2.02
1975-1979      101      0.48632  0.39120  0.50     260     102     209      499   1.92
1975-1979      102      0.51449  0.40922  0.50     159      65     126      289   1.83
1975-1979      103      0.54249  0.42674  0.50      94      40      74      163   1.74
1975-1979      104      0.57014  0.44366  0.50      54      24      42       90   1.67
1975-1979      105      0.59724  0.45990  0.50      30      14      23       48   1.60
1975-1979      106      0.62365  0.47540  0.50      16       8      12       25   1.55
1975-1979      107      0.64920  0.49011  0.50       8       4       6       13   1.49
1975-1979      108      0.67378  0.50399  0.50       4       2       3        6   1.45
1975-1979      109      0.69729  0.51703  0.50       2       1       2        3   1.41
1975-1979      110+     0.71965  1.00000  1.39       1       1       1        1   1.39
1980-1984        0      0.01136  0.01125  0.13  100000    1125   99016  7401136  74.01
1980-1984        1      0.00115  0.00115  0.50   98875     114   98818  7302119  73.85
1980-1984        2      0.00046  0.00046  0.50   98762      46   98739  7203301  72.94
1980-1984        3      0.00067  0.00067  0.50   98716      66   98683  7104562  71.97
1980-1984        4      0.00047  0.00047  0.50   98649      47   98626  7005879  71.02
1980-1984        5      0.00047  0.00047  0.50   98603      46   98580  6907253  70.05
1980-1984        6      0.00023  0.00023  0.50   98557      23   98545  6808674  69.08
1980-1984        7      0.00026  0.00025  0.50   98534      25   98521  6710128  68.10
1980-1984        8      0.00030  0.00030  0.50   98509      30   98494  6611607  67.12
1980-1984        9      0.00029  0.00029  0.50   98479      29   98464  6513114  66.14
1980-1984       10      0.00026  0.00026  0.50   98450      25   98437  6414649  65.16
1980-1984       11      0.00028  0.00028  0.50   98425      27   98411  6316212  64.17
1980-1984       12      0.00057  0.00057  0.50   98397      56   98369  6217801  63.19
1980-1984       13      0.00033  0.00033  0.50   98341      32   98325  6119431  62.23
1980-1984       14      0.00064  0.00064  0.50   98309      63   98278  6021106  61.25
1980-1984       15      0.00068  0.00068  0.50   98246      67   98213  5922829  60.29
1980-1984       16      0.00077  0.00077  0.50   98179      75   98142  5824616  59.33
1980-1984       17      0.00075  0.00075  0.50   98104      73   98067  5726475  58.37
1980-1984       18      0.00108  0.00108  0.50   98031     106   97978  5628407  57.41
1980-1984       19      0.00149  0.00149  0.50   97925     146   97852  5530430  56.48
1980-1984       20      0.00127  0.00127  0.50   97779     125   97717  5432578  55.56
1980-1984       21      0.00107  0.00107  0.50   97654     105   97602  5334861  54.63
1980-1984       22      0.00116  0.00116  0.50   97550     113   97493  5237259  53.69
1980-1984       23      0.00105  0.00105  0.50   97436     102   97385  5139766  52.75
1980-1984       24      0.00120  0.00120  0.50   97334     117   97276  5042381  51.80
1980-1984       25      0.00069  0.00069  0.50   97217      67   97184  4945105  50.87
1980-1984       26      0.00121  0.00121  0.50   97150     118   97091  4847922  49.90
1980-1984       27      0.00092  0.00092  0.50   97033      89   96988  4750830  48.96
1980-1984       28      0.00078  0.00078  0.50   96944      76   96906  4653842  48.01
1980-1984       29      0.00085  0.00085  0.50   96868      82   96827  4556936  47.04
1980-1984       30      0.00113  0.00113  0.50   96785     109   96731  4460110  46.08
1980-1984       31      0.00093  0.00093  0.50   96676      90   96632  4363379  45.13
1980-1984       32      0.00087  0.00087  0.50   96587      84   96545  4266747  44.18
1980-1984       33      0.00136  0.00135  0.50   96502     131   96437  4170203  43.21
1980-1984       34      0.00085  0.00085  0.50   96372      82   96331  4073765  42.27
1980-1984       35      0.00107  0.00107  0.50   96290     103   96238  3977435  41.31
1980-1984       36      0.00116  0.00116  0.50   96187     112   96131  3881197  40.35
1980-1984       37      0.00162  0.00162  0.50   96075     155   95997  3785066  39.40
1980-1984       38      0.00148  0.00148  0.50   95920     142   95849  3689068  38.46
1980-1984       39      0.00171  0.00171  0.50   95778     164   95696  3593219  37.52
1980-1984       40      0.00176  0.00176  0.50   95615     168   95530  3497523  36.58
1980-1984       41      0.00179  0.00179  0.50   95446     171   95361  3401993  35.64
1980-1984       42      0.00281  0.00280  0.50   95276     267   95142  3306632  34.71
1980-1984       43      0.00250  0.00249  0.50   95009     237   94890  3211490  33.80
1980-1984       44      0.00241  0.00241  0.50   94772     228   94658  3116600  32.89
1980-1984       45      0.00323  0.00322  0.50   94544     305   94391  3021942  31.96
1980-1984       46      0.00346  0.00345  0.50   94239     325   94076  2927551  31.07
1980-1984       47      0.00355  0.00355  0.50   93913     333   93747  2833475  30.17
1980-1984       48      0.00423  0.00422  0.50   93580     395   93383  2739728  29.28
1980-1984       49      0.00447  0.00446  0.50   93186     416   92978  2646345  28.40
1980-1984       50      0.00540  0.00538  0.50   92770     499   92520  2553367  27.52
1980-1984       51      0.00573  0.00572  0.50   92271     527   92007  2460847  26.67
1980-1984       52      0.00508  0.00507  0.50   91743     465   91511  2368840  25.82
1980-1984       53      0.00822  0.00818  0.50   91278     747   90905  2277329  24.95
1980-1984       54      0.00829  0.00826  0.50   90532     748   90158  2186424  24.15
1980-1984       55      0.00849  0.00846  0.50   89784     759   89404  2096267  23.35
1980-1984       56      0.00963  0.00958  0.50   89025     853   88598  2006863  22.54
1980-1984       57      0.01010  0.01005  0.50   88171     886   87728  1918265  21.76
1980-1984       58      0.01088  0.01082  0.50   87286     945   86813  1830536  20.97
1980-1984       59      0.01232  0.01224  0.50   86341    1057   85812  1743723  20.20
1980-1984       60      0.01432  0.01422  0.50   85284    1212   84678  1657911  19.44
1980-1984       61      0.01373  0.01364  0.50   84072    1147   83498  1573233  18.71
1980-1984       62      0.01572  0.01560  0.50   82925    1294   82278  1489735  17.96
1980-1984       63      0.01702  0.01688  0.50   81631    1378   80942  1407457  17.24
1980-1984       64      0.01870  0.01853  0.50   80254    1487   79510  1326514  16.53
1980-1984       65      0.02084  0.02062  0.50   78767    1624   77954  1247004  15.83
1980-1984       66      0.02195  0.02171  0.50   77142    1675   76305  1169050  15.15
1980-1984       67      0.02586  0.02553  0.50   75468    1927   74504  1092745  14.48
1980-1984       68      0.02954  0.02911  0.50   73541    2141   72470  1018240  13.85
1980-1984       69      0.03156  0.03107  0.50   71400    2218   70291   945770  13.25
1980-1984       70      0.03016  0.02971  0.50   69182    2055   68154   875479  12.65
1980-1984       71      0.03435  0.03377  0.50   67126    2267   65993   807325  12.03
1980-1984       72      0.03936  0.03860  0.50   64860    2504   63608   741332  11.43
1980-1984       73      0.04468  0.04370  0.50   62356    2725   60993   677724  10.87
1980-1984       74      0.04703  0.04595  0.50   59631    2740   58261   616731  10.34
1980-1984       75      0.05020  0.04897  0.50   56891    2786   55498   558470   9.82
1980-1984       76      0.05659  0.05504  0.50   54105    2978   52616   502972   9.30
1980-1984       77      0.06238  0.06049  0.50   51127    3093   49581   450356   8.81
1980-1984       78      0.06713  0.06495  0.50   48034    3120   46474   400776   8.34
1980-1984       79      0.07258  0.07004  0.50   44914    3146   43341   354301   7.89
1980-1984       80      0.08210  0.07886  0.50   41768    3294   40121   310960   7.44
1980-1984       81      0.08871  0.08494  0.50   38474    3268   36840   270839   7.04
1980-1984       82      0.09280  0.08868  0.50   35206    3122   33645   233998   6.65
1980-1984       83      0.10625  0.10089  0.50   32084    3237   30466   200353   6.24
1980-1984       84      0.11220  0.10624  0.50   28847    3065   27315   169887   5.89
1980-1984       85      0.11836  0.11175  0.50   25782    2881   24342   142573   5.53
1980-1984       86      0.13637  0.12766  0.50   22901    2924   21439   118231   5.16
1980-1984       87      0.15395  0.14295  0.50   19978    2856   18550    96791   4.84
1980-1984       88      0.17759  0.16311  0.50   17122    2793   15726    78242   4.57
1980-1984       89      0.17435  0.16037  0.50   14329    2298   13180    62516   4.36
1980-1984       90      0.18950  0.17310  0.50   12031    2083   10990    49336   4.10
1980-1984       91      0.20576  0.18656  0.50    9949    1856    9021    38346   3.85
1980-1984       92      0.22312  0.20073  0.50    8093    1624    7280    29325   3.62
1980-1984       93      0.24159  0.21555  0.50    6468    1394    5771    22045   3.41
1980-1984       94      0.26116  0.23100  0.50    5074    1172    4488    16274   3.21
1980-1984       95      0.28179  0.24699  0.50    3902     964    3420    11786   3.02
1980-1984       96      0.30345  0.26347  0.50    2938     774    2551     8366   2.85
1980-1984       97      0.32605  0.28035  0.50    2164     607    1861     5815   2.69
1980-1984       98      0.34953  0.29753  0.50    1557     463    1326     3954   2.54
1980-1984       99      0.37378  0.31492  0.50    1094     345     922     2629   2.40
1980-1984      100      0.39867  0.33241  0.50     749     249     625     1707   2.28
1980-1984      101      0.42409  0.34990  0.50     500     175     413     1082   2.16
1980-1984      102      0.44987  0.36726  0.50     325     119     266      669   2.06
1980-1984      103      0.47587  0.38441  0.50     206      79     166      404   1.96
1980-1984      104      0.50193  0.40123  0.50     127      51     101      237   1.87
1980-1984      105      0.52787  0.41764  0.50      76      32      60      136   1.80
1980-1984      106      0.55354  0.43354  0.50      44      19      35       76   1.72
1980-1984      107      0.57877  0.44887  0.50      25      11      19       42   1.66
1980-1984      108      0.60343  0.46357  0.50      14       6      11       22   1.61
1980-1984      109      0.62739  0.47757  0.50       7       4       6       12   1.56
1980-1984      110+     0.65052  1.00000  1.54       4       4       6        6   1.54
1985-1989        0      0.01087  0.01077  0.13  100000    1077   99059  7509050  75.09
1985-1989        1      0.00103  0.00103  0.50   98923     102   98872  7409990  74.91
1985-1989        2      0.00042  0.00042  0.50   98821      42   98800  7311118  73.98
1985-1989        3      0.00033  0.00033  0.50   98780      33   98763  7212318  73.01
1985-1989        4      0.00022  0.00022  0.50   98747      22   98736  7113555  72.04
1985-1989        5      0.00047  0.00047  0.50   98725      47   98701  7014819  71.05
1985-1989        6      0.00037  0.00037  0.50   98678      36   98660  6916118  70.09
1985-1989        7      0.00034  0.00034  0.50   98642      34   98625  6817458  69.11
1985-1989        8      0.00026  0.00026  0.50   98608      26   98595  6718833  68.14
1985-1989        9      0.00029  0.00029  0.50   98583      29   98568  6620238  67.15
1985-1989       10      0.00032  0.00032  0.50   98554      31   98538  6521670  66.17
1985-1989       11      0.00048  0.00048  0.50   98523      48   98499  6423132  65.19
1985-1989       12      0.00048  0.00048  0.50   98475      47   98452  6324633  64.23
1985-1989       13      0.00044  0.00044  0.50   98428      43   98407  6226181  63.26
1985-1989       14      0.00032  0.00032  0.50   98385      31   98370  6127775  62.28
1985-1989       15      0.00036  0.00036  0.50   98354      35   98337  6029405  61.30
1985-1989       16      0.00066  0.00066  0.50   98319      65   98287  5931068  60.32
1985-1989       17      0.00074  0.00074  0.50   98254      73   98218  5832782  59.36
1985-1989       18      0.00134  0.00134  0.50   98182     132   98116  5734564  58.41
1985-1989       19      0.00132  0.00132  0.50   98050     129   97986  5636448  57.49
1985-1989       20      0.00106  0.00106  0.50   97921     103   97869  5538462  56.56
1985-1989       21      0.00108  0.00108  0.50   97818     105   97765  5440593  55.62
1985-1989       22      0.00120  0.00120  0.50   97712     117   97654  5342828  54.68
1985-1989       23      0.00109  0.00109  0.50   97595     107   97542  5245175  53.74
1985-1989       24      0.00078  0.00078  0.50   97489      76   97450  5147633  52.80
1985-1989       25      0.00123  0.00122  0.50   97412     119   97353  5050182  51.84
1985-1989       26      0.00073  0.00073  0.50   97293      71   97258  4952830  50.91
1985-1989       27      0.00075  0.00075  0.50   97222      73   97186  4855572  49.94
1985-1989       28      0.00107  0.00107  0.50   97149     104   97097  4758386  48.98
1985-1989       29      0.00130  0.00130  0.50   97045     126   96982  4661289  48.03
1985-1989       30      0.00107  0.00107  0.50   96920     103   96868  4564306  47.09
1985-1989       31      0.00081  0.00081  0.50   96816      79   96777  4467438  46.14
1985-1989       32      0.00105  0.00105  0.50   96738     101   96687  4370662  45.18
1985-1989       33      0.00109  0.00109  0.50   96636     105   96584  4273975  44.23
1985-1989       34      0.00088  0.00087  0.50   96531      84   96489  4177391  43.28
1985-1989       35      0.00118  0.00118  0.50   96447     113   96390  4080902  42.31
1985-1989       36      0.00097  0.00097  0.50   96333      94   96286  3984512  41.36
1985-1989       37      0.00158  0.00158  0.50   96240     152   96164  3888226  40.40
1985-1989       38      0.00140  0.00140  0.50   96088     134   96021  3792062  39.46
1985-1989       39      0.00123  0.00123  0.50   95954     118   95895  3696041  38.52
1985-1989       40      0.00146  0.00146  0.50   95836     140   95766  3600147  37.57
1985-1989       41      0.00126  0.00126  0.50   95696     120   95636  3504380  36.62
1985-1989       42      0.00212  0.00212  0.50   95576     202   95475  3408744  35.67
1985-1989       43      0.00236  0.00236  0.50   95374     225   95262  3313269  34.74
1985-1989       44      0.00262  0.00261  0.50   95149     249   95025  3218008  33.82
1985-1989       45      0.00190  0.00190  0.50   94900     180   94810  3122983  32.91
1985-1989       46      0.00260  0.00259  0.50   94720     246   94598  3028172  31.97
1985-1989       47      0.00331  0.00331  0.50   94475     313   94318  2933575  31.05
1985-1989       48      0.00298  0.00297  0.50   94162     280   94022  2839257  30.15
1985-1989       49      0.00346  0.00345  0.50   93882     324   93720  2745234  29.24
1985-1989       50      0.00478  0.00477  0.50   93558     446   93335  2651514  28.34
1985-1989       51      0.00434  0.00433  0.50   93112     403   92911  2558179  27.47
1985-1989       52      0.00571  0.00570  0.50   92709     528   92445  2465268  26.59
1985-1989       53      0.00634  0.00632  0.50   92181     583   91890  2372823  25.74
1985-1989       54      0.00710  0.00707  0.50   91599     648   91275  2280933  24.90
1985-1989       55      0.00719  0.00717  0.50   90951     652   90625  2189659  24.08
1985-1989       56      0.00851  0.00847  0.50   90299     765   89916  2099034  23.25
1985-1989       57      0.00909  0.00905  0.50   89534     810   89129  2009118  22.44
1985-1989       58      0.00973  0.00969  0.50   88724     859   88294  1919989  21.64
1985-1989       59      0.01058  0.01052  0.50   87864     925   87402  1831695  20.85
1985-1989       60      0.00995  0.00990  0.50   86940     861   86509  1744293  20.06
1985-1989       61      0.01127  0.01121  0.50   86079     965   85596  1657783  19.26
1985-1989       62      0.01409  0.01399  0.50   85114    1191   84519  1572187  18.47
1985-1989       63      0.01457  0.01446  0.50   83923    1214   83316  1487668  17.73
1985-1989       64      0.01686  0.01672  0.50   82709    1383   82018  1404352  16.98
1985-1989       65      0.01756  0.01740  0.50   81327    1415   80619  1322334  16.26
1985-1989       66      0.02065  0.02044  0.50   79911    1633   79095  1241715  15.54
1985-1989       67      0.02263  0.02238  0.50   78278    1752   77402  1162621  14.85
1985-1989       68      0.02291  0.02265  0.50   76526    1733   75660  1085218  14.18
1985-1989       69      0.02601  0.02568  0.50   74793    1921   73833  1009559  13.50
1985-1989       70      0.02726  0.02689  0.50   72873    1960   71893   935726  12.84
1985-1989       71      0.03283  0.03230  0.50   70913    2290   69768   863833  12.18
1985-1989       72      0.04216  0.04129  0.50   68622    2834   67205   794066  11.57
1985-1989       73      0.03860  0.03787  0.50   65789    2491   64543   726860  11.05
1985-1989       74      0.04566  0.04464  0.50   63297    2826   61885   662317  10.46
1985-1989       75      0.04718  0.04609  0.50   60472    2787   59078   600432   9.93
1985-1989       76      0.04802  0.04689  0.50   57685    2705   56332   541354   9.38
1985-1989       77      0.05661  0.05505  0.50   54980    3027   53467   485022   8.82
1985-1989       78      0.06126  0.05944  0.50   51953    3088   50409   431555   8.31
1985-1989       79      0.06976  0.06741  0.50   48865    3294   47218   381146   7.80
1985-1989       80      0.08235  0.07910  0.50   45571    3604   43769   333928   7.33
1985-1989       81      0.08384  0.08047  0.50   41967    3377   40278   290158   6.91
1985-1989       82      0.08872  0.08495  0.50   38590    3278   36951   249880   6.48
1985-1989       83      0.10365  0.09854  0.50   35312    3480   33572   212929   6.03
1985-1989       84      0.11175  0.10584  0.50   31832    3369   30147   179357   5.63
1985-1989       85      0.13197  0.12380  0.50   28463    3524   26701   149210   5.24
1985-1989       86      0.14797  0.13778  0.50   24939    3436   23221   122509   4.91
1985-1989       87      0.17294  0.15918  0.50   21503    3423   19792    99288   4.62
1985-1989       88      0.16764  0.15468  0.50   18080    2797   16682    79496   4.40
1985-1989       89      0.18477  0.16915  0.50   15284    2585   13991    62814   4.11
1985-1989       90      0.20228  0.18370  0.50   12699    2333   11532    48823   3.84
1985-1989       91      0.22109  0.19909  0.50   10366    2064    9334    37290   3.60
1985-1989       92      0.24122  0.21526  0.50    8302    1787    7409    27956   3.37
1985-1989       93      0.26266  0.23217  0.50    6515    1513    5759    20548   3.15
1985-1989       94      0.28537  0.24974  0.50    5002    1249    4378    14789   2.96
1985-1989       95      0.30933  0.26789  0.50    3753    1005    3250    10411   2.77
1985-1989       96      0.33444  0.28652  0.50    2748     787    2354     7161   2.61
1985-1989       97      0.36061  0.30552  0.50    1960     599    1661     4807   2.45
1985-1989       98      0.38772  0.32476  0.50    1361     442    1140     3146   2.31
1985-1989       99      0.41562  0.34411  0.50     919     316     761     2006   2.18
1985-1989      100      0.44415  0.36344  0.50     603     219     493     1244   2.06
1985-1989      101      0.47313  0.38261  0.50     384     147     310      751   1.96
1985-1989      102      0.50234  0.40150  0.50     237      95     189      441   1.86
1985-1989      103      0.53160  0.41997  0.50     142      60     112      251   1.77
1985-1989      104      0.56069  0.43792  0.50      82      36      64      139   1.69
1985-1989      105      0.58942  0.45525  0.50      46      21      36       75   1.62
1985-1989      106      0.61759  0.47188  0.50      25      12      19       39   1.56
1985-1989      107      0.64503  0.48773  0.50      13       6      10       20   1.50
1985-1989      108      0.67158  0.50276  0.50       7       3       5       10   1.45
1985-1989      109      0.69710  0.51692  0.50       3       2       3        5   1.41
1985-1989      110+     0.72148  1.00000  1.39       2       2       2        2   1.39
1990-1994        0      0.00754  0.00749  0.13  100000     749   99351  7637996  76.38
1990-1994        1      0.00051  0.00051  0.50   99251      51   99225  7538645  75.96
1990-1994        2      0.00062  0.00062  0.50   99200      62   99169  7439420  74.99
1990-1994        3      0.00034  0.00034  0.50   99138      34   99121  7340251  74.04
1990-1994        4      0.00028  0.00028  0.50   99104      28   99090  7241130  73.07
1990-1994        5      0.00045  0.00045  0.50   99076      44   99054  7142039  72.09
1990-1994        6      0.00050  0.00050  0.50   99032      49   99008  7042985  71.12
1990-1994        7      0.00022  0.00022  0.50   98983      22   98972  6943977  70.15
1990-1994        8      0.00025  0.00025  0.50   98961      24   98949  6845005  69.17
1990-1994        9      0.00030  0.00030  0.50   98937      30   98922  6746056  68.19
1990-1994       10      0.00022  0.00022  0.50   98907      22   98897  6647134  67.21
1990-1994       11      0.00014  0.00014  0.50   98886      14   98879  6548237  66.22
1990-1994       12      0.00039  0.00039  0.50   98872      38   98853  6449358  65.23
1990-1994       13      0.00011  0.00011  0.50   98834      11   98828  6350505  64.25
1990-1994       14      0.00057  0.00057  0.50   98823      56   98794  6251677  63.26
1990-1994       15      0.00054  0.00054  0.50   98766      54   98739  6152882  62.30
1990-1994       16      0.00051  0.00051  0.50   98713      51   98687  6054143  61.33
1990-1994       17      0.00077  0.00077  0.50   98662      76   98624  5955455  60.36
1990-1994       18      0.00099  0.00099  0.50   98587      97   98538  5856831  59.41
1990-1994       19      0.00117  0.00117  0.50   98489     115   98431  5758293  58.47
1990-1994       20      0.00119  0.00119  0.50   98374     117   98315  5659862  57.53
1990-1994       21      0.00114  0.00114  0.50   98256     112   98201  5561547  56.60
1990-1994       22      0.00088  0.00088  0.50   98145      86   98102  5463346  55.67
1990-1994       23      0.00113  0.00113  0.50   98059     111   98003  5365245  54.71
1990-1994       24      0.00108  0.00108  0.50   97948     105   97895  5267242  53.78
1990-1994       25      0.00076  0.00076  0.50   97842      74   97805  5169347  52.83
1990-1994       26      0.00133  0.00133  0.50   97768     130   97703  5071541  51.87
1990-1994       27      0.00089  0.00089  0.50   97638      87   97594  4973839  50.94
1990-1994       28      0.00084  0.00084  0.50   97551      82   97510  4876244  49.99
1990-1994       29      0.00106  0.00106  0.50   97469     103   97417  4778735  49.03
1990-1994       30      0.00140  0.00140  0.50   97366     136   97298  4681317  48.08
1990-1994       31      0.00110  0.00110  0.50   97230     107   97176  4584020  47.15
1990-1994       32      0.00110  0.00110  0.50   97122     106   97069  4486843  46.20
1990-1994       33      0.00074  0.00073  0.50   97016      71   96980  4389774  45.25
1990-1994       34      0.00109  0.00109  0.50   96945     105   96892  4292794  44.28
1990-1994       35      0.00081  0.00081  0.50   96839      78   96800  4195902  43.33
1990-1994       36      0.00096  0.00096  0.50   96761      93   96715  4099101  42.36
1990-1994       37      0.00142  0.00142  0.50   96669     137   96600  4002386  41.40
1990-1994       38      0.00124  0.00124  0.50   96531     120   96471  3905786  40.46
1990-1994       39      0.00094  0.00094  0.50   96411      90   96366  3809315  39.51
1990-1994       40      0.00152  0.00151  0.50   96321     146   96248  3712949  38.55
1990-1994       41      0.00113  0.00113  0.50   96175     108   96121  3616701  37.61
1990-1994       42      0.00146  0.00146  0.50   96067     141   95996  3520580  36.65
1990-1994       43      0.00221  0.00221  0.50   95926     212   95820  3424584  35.70
1990-1994       44      0.00168  0.00168  0.50   95714     161   95634  3328764  34.78
1990-1994       45      0.00204  0.00204  0.50   95553     195   95456  3233130  33.84
1990-1994       46      0.00238  0.00237  0.50   95358     226   95245  3137674  32.90
1990-1994       47      0.00251  0.00250  0.50   95132     238   95013  3042429  31.98
1990-1994       48      0.00302  0.00301  0.50   94894     286   94751  2947416  31.06
1990-1994       49      0.00338  0.00337  0.50   94608     319   94449  2852665  30.15
1990-1994       50      0.00312  0.00312  0.50   94289     294   94142  2758216  29.25
1990-1994       51      0.00389  0.00389  0.50   93995     365   93812  2664074  28.34
1990-1994       52      0.00498  0.00497  0.50   93630     465   93397  2570262  27.45
1990-1994       53      0.00470  0.00469  0.50   93164     437   92946  2476865  26.59
1990-1994       54      0.00468  0.00467  0.50   92728     433   92511  2383919  25.71
1990-1994       55      0.00699  0.00697  0.50   92294     643   91973  2291408  24.83
1990-1994       56      0.00631  0.00629  0.50   91651     576   91363  2199435  24.00
1990-1994       57      0.00599  0.00598  0.50   91075     544   90803  2108072  23.15
1990-1994       58      0.00834  0.00830  0.50   90531     752   90155  2017269  22.28
1990-1994       59      0.00972  0.00967  0.50   89779     868   89345  1927114  21.47
1990-1994       60      0.00922  0.00918  0.50   88911     816   88503  1837769  20.67
1990-1994       61      0.01203  0.01195  0.50   88095    1053   87568  1749267  19.86
1990-1994       62      0.01252  0.01244  0.50   87041    1083   86500  1661699  19.09
1990-1994       63      0.01414  0.01404  0.50   85958    1207   85355  1575199  18.33
1990-1994       64      0.01603  0.01590  0.50   84752    1347   84078  1489844  17.58
1990-1994       65      0.01588  0.01575  0.50   83404    1314   82748  1405765  16.85
1990-1994       66      0.01916  0.01898  0.50   82091    1558   81312  1323018  16.12
1990-1994       67      0.01896  0.01878  0.50   80533    1512   79776  1241706  15.42
1990-1994       68      0.02334  0.02307  0.50   79020    1823   78109  1161930  14.70
1990-1994       69      0.02447  0.02418  0.50   77197    1866   76264  1083821  14.04
1990-1994       70      0.02793  0.02755  0.50   75331    2075   74293  1007557  13.38
1990-1994       71      0.02820  0.02781  0.50   73255    2037   72237   933264  12.74
1990-1994       72      0.03181  0.03131  0.50   71218    2230   70103   861027  12.09
1990-1994       73      0.03512  0.03452  0.50   68988    2381   67798   790924  11.46
1990-1994       74      0.03913  0.03838  0.50   66607    2556   65329   723126  10.86
1990-1994       75      0.04551  0.04450  0.50   64051    2850   62626   657797  10.27
1990-1994       76      0.04522  0.04422  0.50   61201    2707   59847   595172   9.72
1990-1994       77      0.05271  0.05135  0.50   58494    3004   56992   535324   9.15
1990-1994       78      0.05851  0.05685  0.50   55490    3155   53913   478332   8.62
1990-1994       79      0.06644  0.06431  0.50   52336    3366   50653   424419   8.11
1990-1994       80      0.07180  0.06931  0.50   48970    3394   47273   373766   7.63
1990-1994       81      0.08546  0.08196  0.50   45576    3736   43708   326493   7.16
1990-1994       82      0.08522  0.08174  0.50   41841    3420   40131   282784   6.76
1990-1994       83      0.09694  0.09246  0.50   38421    3552   36644   242654   6.32
1990-1994       84      0.10626  0.10090  0.50   34868    3518   33109   206009   5.91
1990-1994       85      0.12708  0.11949  0.50   31350    3746   29477   172900   5.52
1990-1994       86      0.12614  0.11866  0.50   27604    3275   25966   143423   5.20
1990-1994       87      0.15091  0.14032  0.50   24329    3414   22622   117457   4.83
1990-1994       88      0.15750  0.14600  0.50   20915    3054   19388    94835   4.53
1990-1994       89      0.17839  0.16378  0.50   17861    2925   16399    75446   4.22
1990-1994       90      0.17967  0.16486  0.50   14936    2462   13705    59048   3.95
1990-1994       91      0.21583  0.19481  0.50   12474    2430   11259    45343   3.64
1990-1994       92      0.23646  0.21146  0.50   10044    2124    8982    34084   3.39
1990-1994       93      0.25856  0.22896  0.50    7920    1813    7013    25102   3.17
1990-1994       94      0.28213  0.24725  0.50    6106    1510    5352    18089   2.96
1990-1994       95      0.30714  0.26625  0.50    4597    1224    3985    12738   2.77
1990-1994       96      0.33352  0.28585  0.50    3373     964    2891     8753   2.60
1990-1994       97      0.36119  0.30594  0.50    2409     737    2040     5862   2.43
1990-1994       98      0.39001  0.32637  0.50    1672     546    1399     3822   2.29
1990-1994       99      0.41982  0.34698  0.50    1126     391     931     2423   2.15
1990-1994      100      0.45042  0.36763  0.50     735     270     600     1492   2.03
1990-1994      101      0.48160  0.38813  0.50     465     181     375      892   1.92
1990-1994      102      0.51309  0.40833  0.50     285     116     226      517   1.82
1990-1994      103      0.54463  0.42806  0.50     168      72     132      291   1.73
1990-1994      104      0.57597  0.44718  0.50      96      43      75      159   1.65
1990-1994      105      0.60683  0.46557  0.50      53      25      41       84   1.57
1990-1994      106      0.63696  0.48310  0.50      28      14      22       43   1.51
1990-1994      107      0.66615  0.49971  0.50      15       7      11       21   1.45
1990-1994      108      0.69420  0.51533  0.50       7       4       5       10   1.40
1990-1994      109      0.72094  0.52992  0.50       4       2       3        5   1.36
1990-1994      110+     0.74624  1.00000  1.34       2       2       2        2   1.34
1995-1999        0      0.00588  0.00585  0.14  100000     585   99495  7776667  77.77
1995-1999        1      0.00052  0.00052  0.50   99415      52   99389  7677173  77.22
1995-1999        2      0.00078  0.00078  0.50   99363      78   99324  7577784  76.26
1995-1999        3      0.00038  0.00038  0.50   99285      38   99266  7478460  75.32
1995-1999        4      0.00032  0.00032  0.50   99247      32   99231  7379194  74.35
1995-1999        5      0.00046  0.00046  0.50   99215      46   99192  7279963  73.38
1995-1999        6      0.00023  0.00023  0.50   99169      23   99158  7180770  72.41
1995-1999        7      0.00017  0.00017  0.50   99147      17   99138  7081612  71.43
1995-1999        8      0.00020  0.00020  0.50   99130      20   99120  6982474  70.44
1995-1999        9      0.00011  0.00011  0.50   99110      11   99104  6883355  69.45
1995-1999       10      0.00034  0.00034  0.50   99098      34   99082  6784251  68.46
1995-1999       11      0.00045  0.00045  0.50   99065      45   99042  6685169  67.48
1995-1999       12      0.00028  0.00028  0.50   99020      28   99006  6586127  66.51
1995-1999       13      0.00017  0.00017  0.50   98992      17   98984  6487121  65.53
1995-1999       14      0.00050  0.00050  0.50   98976      50   98951  6388136  64.54
1995-1999       15      0.00068  0.00068  0.50   98926      67   98893  6289185  63.57
1995-1999       16      0.00037  0.00037  0.50   98859      37   98841  6190293  62.62
1995-1999       17      0.00055  0.00055  0.50   98823      55   98795  6091451  61.64
1995-1999       18      0.00097  0.00097  0.50   98768      96   98720  5992656  60.67
1995-1999       19      0.00101  0.00101  0.50   98672     100   98622  5893936  59.73
1995-1999       20      0.00081  0.00080  0.50   98572      79   98532  5795314  58.79
1995-1999       21      0.00121  0.00120  0.50   98493     119   98433  5696782  57.84
1995-1999       22      0.00052  0.00052  0.50   98374      51   98348  5598348  56.91
1995-1999       23      0.00078  0.00078  0.50   98323      76   98284  5500000  55.94
1995-1999       24      0.00082  0.00082  0.50   98246      81   98206  5401715  54.98
1995-1999       25      0.00091  0.00091  0.50   98165      89   98121  5303510  54.03
1995-1999       26      0.00068  0.00068  0.50   98076      67   98043  5205389  53.08
1995-1999       27      0.00101  0.00101  0.50   98009      99   97960  5107346  52.11
1995-1999       28      0.00058  0.00058  0.50   97910      57   97882  5009386  51.16
1995-1999       29      0.00096  0.00096  0.50   97853      94   97806  4911504  50.19
1995-1999       30      0.00081  0.00081  0.50   97759      79   97720  4813698  49.24
1995-1999       31      0.00080  0.00080  0.50   97680      78   97641  4715978  48.28
1995-1999       32      0.00106  0.00106  0.50   97602     103   97550  4618337  47.32
1995-1999       33      0.00093  0.00093  0.50   97499      91   97453  4520787  46.37
1995-1999       34      0.00096  0.00095  0.50   97408      93   97361  4423334  45.41
1995-1999       35      0.00084  0.00084  0.50   97315      82   97274  4325973  44.45
1995-1999       36      0.00086  0.00086  0.50   97233      83   97191  4228699  43.49
1995-1999       37      0.00088  0.00088  0.50   97150      85   97107  4131508  42.53
1995-1999       38      0.00144  0.00144  0.50   97064     140   96995  4034400  41.56
1995-1999       39      0.00132  0.00132  0.50   96925     128   96861  3937406  40.62
1995-1999       40      0.00123  0.00123  0.50   96797     119   96738  3840545  39.68
1995-1999       41      0.00131  0.00131  0.50   96678     126   96615  3743807  38.72
1995-1999       42      0.00115  0.00115  0.50   96552     111   96496  3647192  37.77
1995-1999       43      0.00171  0.00171  0.50   96440     164   96358  3550696  36.82
1995-1999       44      0.00144  0.00144  0.50   96276     139   96207  3454338  35.88
1995-1999       45      0.00182  0.00182  0.50   96137     175   96050  3358132  34.93
1995-1999       46      0.00205  0.00205  0.50   95962     197   95864  3262082  33.99
1995-1999       47      0.00287  0.00287  0.50   95765     274   95628  3166218  33.06
1995-1999       48      0.00275  0.00275  0.50   95491     263   95360  3070590  32.16
1995-1999       49      0.00242  0.00242  0.50   95228     230   95113  2975231  31.24
1995-1999       50      0.00324  0.00324  0.50   94998     307   94844  2880117  30.32
1995-1999       51      0.00366  0.00366  0.50   94691     346   94518  2785273  29.41
1995-1999       52      0.00408  0.00407  0.50   94344     384   94152  2690756  28.52
1995-1999       53      0.00450  0.00449  0.50   93960     422   93749  2596603  27.64
1995-1999       54      0.00449  0.00448  0.50   93538     419   93328  2502854  26.76
1995-1999       55      0.00494  0.00492  0.50   93119     458   92890  2409526  25.88
1995-1999       56      0.00562  0.00560  0.50   92660     519   92401  2316636  25.00
1995-1999       57      0.00540  0.00539  0.50   92141     497   91893  2224235  24.14
1995-1999       58      0.00700  0.00698  0.50   91645     640   91325  2132342  23.27
1995-1999       59      0.00863  0.00859  0.50   91005     782   90614  2041018  22.43
1995-1999       60      0.00868  0.00864  0.50   90223     780   89833  1950403  21.62
1995-1999       61      0.00944  0.00940  0.50   89444     841   89023  1860570  20.80
1995-1999       62      0.00984  0.00979  0.50   88603     868   88169  1771547  19.99
1995-1999       63      0.01171  0.01164  0.50   87735    1021   87225  1683378  19.19
1995-1999       64      0.01247  0.01239  0.50   86714    1075   86176  1596153  18.41
1995-1999       65      0.01612  0.01599  0.50   85639    1369   84954  1509977  17.63
1995-1999       66      0.01528  0.01516  0.50   84270    1278   83631  1425022  16.91
1995-1999       67      0.01699  0.01684  0.50   82992    1398   82293  1341392  16.16
1995-1999       68      0.02064  0.02043  0.50   81594    1667   80761  1259099  15.43
1995-1999       69      0.02126  0.02104  0.50   79927    1681   79087  1178338  14.74
1995-1999       70      0.02223  0.02198  0.50   78246    1720   77386  1099251  14.05
1995-1999       71      0.02663  0.02628  0.50   76526    2011   75521  1021865  13.35
1995-1999       72      0.02910  0.02868  0.50   74515    2137   73447   946344  12.70
1995-1999       73      0.03318  0.03264  0.50   72378    2362   71197   872897  12.06
1995-1999       74      0.03454  0.03395  0.50   70016    2377   68828   801700  11.45
1995-1999       75      0.04025  0.03946  0.50   67639    2669   66305   732873  10.84
1995-1999       76      0.04193  0.04107  0.50   64970    2669   63636   666568  10.26
1995-1999       77      0.04646  0.04540  0.50   62302    2829   60887   602932   9.68
1995-1999       78      0.05128  0.05000  0.50   59473    2974   57986   542045   9.11
1995-1999       79      0.05930  0.05759  0.50   56499    3254   54873   484059   8.57
1995-1999       80      0.05930  0.05759  0.50   53246    3067   51712   429186   8.06
1995-1999       81      0.07611  0.07332  0.50   50179    3679   48340   377474   7.52
1995-1999       82      0.07638  0.07357  0.50   46500    3421   44790   329134   7.08
1995-1999       83      0.08564  0.08213  0.50   43079    3538   41310   284344   6.60
1995-1999       84      0.09510  0.09079  0.50   39541    3590   37746   243034   6.15
1995-1999       85      0.11680  0.11035  0.50   35951    3967   33968   205288   5.71
1995-1999       86      0.12045  0.11361  0.50   31984    3634   30167   171320   5.36
1995-1999       87      0.13707  0.12828  0.50   28350    3637   26532   141153   4.98
1995-1999       88      0.14834  0.13809  0.50   24714    3413   23007   114621   4.64
1995-1999       89      0.16568  0.15300  0.50   21301    3259   19671    91614   4.30
1995-1999       90      0.18581  0.17002  0.50   18042    3067   16508    71942   3.99
1995-1999       91      0.21451  0.19373  0.50   14974    2901   13524    55434   3.70
1995-1999       92      0.22672  0.20363  0.50   12073    2459   10844    41910   3.47
1995-1999       93      0.24956  0.22188  0.50    9615    2133    8548    31066   3.23
1995-1999       94      0.27399  0.24098  0.50    7481    1803    6580    22518   3.01
1995-1999       95      0.29997  0.26085  0.50    5679    1481    4938    15938   2.81
1995-1999       96      0.32741  0.28135  0.50    4197    1181    3607    11000   2.62
1995-1999       97      0.35621  0.30236  0.50    3016     912    2560     7393   2.45
1995-1999       98      0.38620  0.32369  0.50    2104     681    1764     4833   2.30
1995-1999       99      0.41720  0.34519  0.50    1423     491    1178     3069   2.16
1995-1999      100      0.44900  0.36668  0.50     932     342     761     1891   2.03
1995-1999      101      0.48133  0.38796  0.50     590     229     476     1130   1.92
1995-1999      102      0.51393  0.40887  0.50     361     148     287      655   1.81
1995-1999      103      0.54652  0.42923  0.50     214      92     168      367   1.72
1995-1999      104      0.57882  0.44890  0.50     122      55      95      200   1.64
1995-1999      105      0.61054  0.46775  0.50      67      31      51      105   1.56
1995-1999      106      0.64144  0.48567  0.50      36      17      27       54   1.50
1995-1999      107      0.67127  0.50259  0.50      18       9      14       27   1.44
1995-1999      108      0.69985  0.51844  0.50       9       5       7       13   1.39
1995-1999      109      0.72702  0.53320  0.50       4       2       3        6   1.35
1995-1999      110+     0.75264  1.00000  1.33       2       2       3        3   1.33
2000-2004        0      0.00582  0.00579  0.14  100000     579   99501  7891340  78.91
2000-2004        1      0.00023  0.00023  0.50   99421      23   99410  7791839  78.37
2000-2004        2      0.00036  0.00036  0.50   99398      35   99380  7692429  77.39
2000-2004        3      0.00013  0.00013  0.50   99363      13   99356  7593049  76.42
2000-2004        4      0.00022  0.00022  0.50   99350      22   99339  7493693  75.43
2000-2004        5      0.00037  0.00037  0.50   99328      37   99309  7394354  74.44
2000-2004        6      0.00018  0.00018  0.50   99291      18   99282  7295044  73.47
2000-2004        7      0.00054  0.00054  0.50   99272      54   99245  7195763  72.49
2000-2004        8      0.00018  0.00018  0.50   99219      18   99210  7096517  71.52
2000-2004        9      0.00018  0.00018  0.50   99201      17   99192  6997308  70.54
2000-2004       10      0.00012  0.00012  0.50   99183      12   99178  6898116  69.55
2000-2004       11      0.00035  0.00035  0.50   99172      35   99155  6798938  68.56
2000-2004       12      0.00029  0.00029  0.50   99137      29   99123  6699783  67.58
2000-2004       13      0.00038  0.00038  0.50   99108      37   99090  6600661  66.60
2000-2004       14      0.00029  0.00029  0.50   99071      29   99057  6501571  65.63
2000-2004       15      0.00029  0.00029  0.50   99042      29   99028  6402514  64.64
2000-2004       16      0.00044  0.00044  0.50   99014      43   98992  6303486  63.66
2000-2004       17      0.00058  0.00058  0.50   98971      58   98942  6204494  62.69
2000-2004       18      0.00107  0.00107  0.50   98913     106   98860  6105552  61.73
2000-2004       19      0.00077  0.00077  0.50   98807      76   98769  6006693  60.79
2000-2004       20      0.00073  0.00073  0.50   98731      72   98695  5907924  59.84
2000-2004       21      0.00063  0.00063  0.50   98659      62   98628  5809229  58.88
2000-2004       22      0.00059  0.00059  0.50   98597      58   98568  5710601  57.92
2000-2004       23      0.00093  0.00093  0.50   98539      92   98493  5612034  56.95
2000-2004       24      0.00063  0.00063  0.50   98447      62   98417  5513541  56.00
2000-2004       25      0.00078  0.00078  0.50   98386      77   98347  5415124  55.04
2000-2004       26      0.00100  0.00100  0.50   98309      98   98260  5316777  54.08
2000-2004       27      0.00084  0.00084  0.50   98211      82   98170  5218517  53.14
2000-2004       28      0.00095  0.00095  0.50   98129      93   98082  5120347  52.18
2000-2004       29      0.00037  0.00037  0.50   98036      36   98017  5022265  51.23
2000-2004       30      0.00085  0.00085  0.50   97999      83   97958  4924247  50.25
2000-2004       31      0.00130  0.00130  0.50   97916     127   97853  4826289  49.29
2000-2004       32      0.00130  0.00130  0.50   97789     127   97726  4728436  48.35
2000-2004       33      0.00108  0.00108  0.50   97662     105   97609  4630711  47.42
2000-2004       34      0.00140  0.00140  0.50   97557     137   97488  4533101  46.47
2000-2004       35      0.00110  0.00110  0.50   97420     107   97367  4435613  45.53
2000-2004       36      0.00105  0.00105  0.50   97313     102   97262  4338246  44.58
2000-2004       37      0.00106  0.00106  0.50   97211     103   97160  4240984  43.63
2000-2004       38      0.00129  0.00129  0.50   97108     126   97045  4143825  42.67
2000-2004       39      0.00108  0.00107  0.50   96983     104   96930  4046779  41.73
2000-2004       40      0.00102  0.00102  0.50   96878      98   96829  3949849  40.77
2000-2004       41      0.00143  0.00143  0.50   96780     139   96711  3853020  39.81
2000-2004       42      0.00183  0.00183  0.50   96641     177   96553  3756309  38.87
2000-2004       43      0.00141  0.00141  0.50   96465     136   96397  3659756  37.94
2000-2004       44      0.00195  0.00195  0.50   96329     188   96235  3563360  36.99
2000-2004       45      0.00154  0.00153  0.50   96141     148   96067  3467125  36.06
2000-2004       46      0.00221  0.00221  0.50   95993     212   95887  3371058  35.12
2000-2004       47      0.00253  0.00253  0.50   95781     242   95660  3275171  34.19
2000-2004       48      0.00189  0.00189  0.50   95539     180   95449  3179511  33.28
2000-2004       49      0.00309  0.00309  0.50   95358     294   95211  3084062  32.34
2000-2004       50      0.00253  0.00253  0.50   95064     240   94944  2988851  31.44
2000-2004       51      0.00258  0.00258  0.50   94824     245   94701  2893907  30.52
2000-2004       52      0.00331  0.00330  0.50   94579     312   94423  2799206  29.60
2000-2004       53      0.00332  0.00332  0.50   94267     313   94110  2704783  28.69
2000-2004       54      0.00467  0.00466  0.50   93954     438   93735  2610673  27.79
2000-2004       55      0.00425  0.00425  0.50   93516     397   93318  2516937  26.91
2000-2004       56      0.00452  0.00451  0.50   93119     420   92909  2423619  26.03
2000-2004       57      0.00526  0.00524  0.50   92699     486   92456  2330710  25.14
2000-2004       58      0.00645  0.00643  0.50   92213     593   91917  2238254  24.27
2000-2004       59      0.00689  0.00687  0.50   91621     629   91306  2146337  23.43
2000-2004       60      0.00699  0.00697  0.50   90991     634   90674  2055031  22.58
2000-2004       61      0.00771  0.00768  0.50   90357     694   90011  1964356  21.74
2000-2004       62      0.00851  0.00847  0.50   89664     760   89284  1874346  20.90
2000-2004       63      0.01027  0.01021  0.50   88904     908   88450  1785062  20.08
2000-2004       64      0.01045  0.01040  0.50   87996     915   87539  1696611  19.28
2000-2004       65      0.01090  0.01084  0.50   87081     944   86609  1609073  18.48
2000-2004       66      0.01103  0.01097  0.50   86138     945   85665  1522463  17.67
2000-2004       67      0.01520  0.01508  0.50   85192    1285   84550  1436798  16.87
2000-2004       68      0.01676  0.01662  0.50   83907    1395   83210  1352249  16.12
2000-2004       69      0.01882  0.01864  0.50   82512    1538   81743  1269039  15.38
2000-2004       70      0.02117  0.02095  0.50   80974    1696   80126  1187295  14.66
2000-2004       71      0.02200  0.02176  0.50   79278    1725   78416  1107169  13.97
2000-2004       72      0.02712  0.02676  0.50   77553    2075   76516  1028754  13.27
2000-2004       73      0.02991  0.02947  0.50   75478    2224   74366   952238  12.62
2000-2004       74      0.03145  0.03096  0.50   73254    2268   72120   877872  11.98
2000-2004       75      0.03369  0.03313  0.50   70986    2352   69810   805752  11.35
2000-2004       76      0.03984  0.03906  0.50   68634    2681   67294   735942  10.72
2000-2004       77      0.04480  0.04382  0.50   65953    2890   64508   668649  10.14
2000-2004       78      0.04808  0.04695  0.50   63063    2961   61582   604141   9.58
2000-2004       79      0.05200  0.05069  0.50   60102    3046   58579   542558   9.03
2000-2004       80      0.05441  0.05296  0.50   57056    3022   55545   483979   8.48
2000-2004       81      0.06391  0.06193  0.50   54034    3346   52361   428435   7.93
2000-2004       82      0.07008  0.06771  0.50   50687    3432   48972   376074   7.42
2000-2004       83      0.08194  0.07871  0.50   47256    3720   45396   327103   6.92
2000-2004       84      0.08754  0.08387  0.50   43536    3651   41710   281707   6.47
2000-2004       85      0.10449  0.09930  0.50   39885    3961   37904   239996   6.02
2000-2004       86      0.10328  0.09821  0.50   35924    3528   34160   202092   5.63
2000-2004       87      0.13108  0.12302  0.50   32396    3985   30403   167932   5.18
2000-2004       88      0.14427  0.13457  0.50   28411    3823   26499   137529   4.84
2000-2004       89      0.15995  0.14810  0.50   24588    3641   22767   111030   4.52
2000-2004       90      0.17492  0.16085  0.50   20946    3369   19261    88263   4.21
2000-2004       91      0.19398  0.17683  0.50   17577    3108   16023    69001   3.93
2000-2004       92      0.20620  0.18693  0.50   14469    2705   13117    52978   3.66
2000-2004       93      0.23378  0.20931  0.50   11764    2462   10533    39862   3.39
2000-2004       94      0.25734  0.22801  0.50    9302    2121    8241    29329   3.15
2000-2004       95      0.28250  0.24754  0.50    7181    1778    6292    21088   2.94
2000-2004       96      0.30920  0.26780  0.50    5403    1447    4680    14795   2.74
2000-2004       97      0.33737  0.28867  0.50    3956    1142    3385    10115   2.56
2000-2004       98      0.36686  0.31000  0.50    2814     872    2378     6730   2.39
2000-2004       99      0.39753  0.33161  0.50    1942     644    1620     4352   2.24
2000-2004      100      0.42916  0.35334  0.50    1298     459    1069     2732   2.11
2000-2004      101      0.46153  0.37499  0.50     839     315     682     1664   1.98
2000-2004      102      0.49437  0.39639  0.50     525     208     421      982   1.87
2000-2004      103      0.52738  0.41734  0.50     317     132     251      561   1.77
2000-2004      104      0.56029  0.43768  0.50     184      81     144      310   1.68
2000-2004      105      0.59279  0.45726  0.50     104      47      80      166   1.60
2000-2004      106      0.62460  0.47596  0.50      56      27      43       86   1.53
2000-2004      107      0.65546  0.49367  0.50      30      15      22       43   1.47
2000-2004      108      0.68514  0.51032  0.50      15       8      11       21   1.42
2000-2004      109      0.71346  0.52587  0.50       7       4       5       10   1.38
2000-2004      110+     0.74025  1.00000  1.35       3       3       5        5   1.35
2005-2009        0      0.00385  0.00383  0.14  100000     383   99671  7992050  79.92
2005-2009        1      0.00050  0.00050  0.50   99617      50   99592  7892380  79.23
2005-2009        2      0.00019  0.00019  0.50   99566      19   99557  7792788  78.27
2005-2009        3      0.00033  0.00033  0.50   99547      33   99531  7693231  77.28
2005-2009        4      0.00040  0.00040  0.50   99515      39   99495  7593700  76.31
2005-2009        5      0.00036  0.00036  0.50   99475      36   99457  7494205  75.34
2005-2009        6      0.00013  0.00013  0.50   99439      13   99433  7394748  74.36
2005-2009        7      0.00016  0.00016  0.50   99426      16   99419  7295315  73.37
2005-2009        8      0.00031  0.00031  0.50   99411      31   99395  7195896  72.39
2005-2009        9      0.00061  0.00061  0.50   99380      61   99349  7096501  71.41
2005-2009       10      0.00015  0.00015  0.50   99319      15   99311  6997152  70.45
2005-2009       11      0.00009  0.00009  0.50   99304       9   99299  6897841  69.46
2005-2009       12      0.00015  0.00015  0.50   99295      15   99287  6798542  68.47
2005-2009       13      0.00018  0.00018  0.50   99280      17   99271  6699254  67.48
2005-2009       14      0.00032  0.00032  0.50   99263      32   99247  6599983  66.49
2005-2009       15      0.00035  0.00035  0.50   99231      35   99214  6500736  65.51
2005-2009       16      0.00052  0.00052  0.50   99197      52   99171  6401522  64.53
2005-2009       17      0.00053  0.00053  0.50   99145      52   99119  6302351  63.57
2005-2009       18      0.00083  0.00083  0.50   99092      82   99051  6203233  62.60
2005-2009       19      0.00109  0.00109  0.50   99010     108   98956  6104182  61.65
2005-2009       20      0.00077  0.00077  0.50   98902      76   98864  6005225  60.72
2005-2009       21      0.00094  0.00094  0.50   98826      93   98779  5906361  59.77
2005-2009       22      0.00105  0.00105  0.50   98733     103   98681  5807582  58.82
2005-2009       23      0.00058  0.00058  0.50   98630      57   98601  5708901  57.88
2005-2009       24      0.00113  0.00113  0.50   98573     111   98517  5610299  56.92
2005-2009       25      0.00106  0.00106  0.50   98461     105   98409  5511782  55.98
2005-2009       26      0.00060  0.00060  0.50   98357      59   98327  5413374  55.04
2005-2009       27      0.00143  0.00142  0.50   98298     140   98228  5315046  54.07
2005-2009       28      0.00065  0.00065  0.50   98158      64   98126  5216818  53.15
2005-2009       29      0.00062  0.00062  0.50   98094      61   98064  5118692  52.18
2005-2009       30      0.00072  0.00072  0.50   98034      71   97998  5020628  51.21
2005-2009       31      0.00142  0.00142  0.50   97963     139   97893  4922630  50.25
2005-2009       32      0.00073  0.00073  0.50   97824      72   97788  4824737  49.32
2005-2009       33      0.00080  0.00080  0.50   97752      78   97713  4726949  48.36
2005-2009       34      0.00106  0.00106  0.50   97674     103   97622  4629236  47.40
2005-2009       35      0.00114  0.00114  0.50   97570     111   97515  4531614  46.44
2005-2009       36      0.00134  0.00134  0.50   97459     131   97394  4434100  45.50
2005-2009       37      0.00135  0.00135  0.50   97328     132   97262  4336706  44.56
2005-2009       38      0.00097  0.00097  0.50   97197      94   97150  4239444  43.62
2005-2009       39      0.00125  0.00125  0.50   97102     121   97042  4142294  42.66
2005-2009       40      0.00090  0.00090  0.50   96981      87   96937  4045252  41.71
2005-2009       41      0.00134  0.00134  0.50   96894     130   96829  3948315  40.75
2005-2009       42      0.00138  0.00138  0.50   96764     134   96697  3851486  39.80
2005-2009       43      0.00143  0.00143  0.50   96630     138   96561  3754789  38.86
2005-2009       44      0.00141  0.00141  0.50   96492     136   96423  3658229  37.91
2005-2009       45      0.00194  0.00194  0.50   96355     187   96262  3561805  36.97
2005-2009       46      0.00229  0.00229  0.50   96168     220   96058  3465543  36.04
2005-2009       47      0.00235  0.00235  0.50   95948     225   95835  3369485  35.12
2005-2009       48      0.00309  0.00309  0.50   95723     296   95575  3273650  34.20
2005-2009       49      0.00218  0.00217  0.50   95427     207   95323  3178075  33.30
2005-2009       50      0.00259  0.00259  0.50   95220     246   95097  3082751  32.38
2005-2009       51      0.00331  0.00330  0.50   94974     314   94817  2987655  31.46
2005-2009       52      0.00338  0.00338  0.50   94660     320   94500  2892838  30.56
2005-2009       53      0.00342  0.00341  0.50   94340     322   94179  2798338  29.66
2005-2009       54      0.00355  0.00354  0.50   94019     333   93852  2704158  28.76
2005-2009       55      0.00436  0.00435  0.50   93685     407   93482  2610306  27.86
2005-2009       56      0.00417  0.00417  0.50   93278     389   93084  2516825  26.98
2005-2009       57      0.00413  0.00413  0.50   92889     383   92698  2423741  26.09
2005-2009       58      0.00547  0.00545  0.50   92506     504   92254  2331043  25.20
2005-2009       59      0.00637  0.00634  0.50   92002     584   91710  2238789  24.33
2005-2009       60      0.00673  0.00671  0.50   91418     613   91112  2147079  23.49
2005-2009       61      0.00685  0.00682  0.50   90805     619   90496  2055967  22.64
2005-2009       62      0.00732  0.00729  0.50   90186     658   89857  1965472  21.79
2005-2009       63      0.00870  0.00866  0.50   89528     776   89140  1875615  20.95
2005-2009       64      0.00981  0.00976  0.50   88752     867   88319  1786474  20.13
2005-2009       65      0.01035  0.01030  0.50   87886     905   87433  1698155  19.32
2005-2009       66      0.01136  0.01130  0.50   86981     983   86489  1610722  18.52
2005-2009       67      0.01235  0.01227  0.50   85998    1055   85470  1524232  17.72
2005-2009       68      0.01561  0.01549  0.50   84943    1316   84285  1438762  16.94
2005-2009       69      0.01506  0.01495  0.50   83627    1250   83002  1354477  16.20
2005-2009       70      0.01704  0.01690  0.50   82377    1392   81681  1271476  15.43
2005-2009       71      0.01902  0.01884  0.50   80985    1526   80222  1189795  14.69
2005-2009       72      0.02062  0.02040  0.50   79459    1621   78648  1109573  13.96
2005-2009       73      0.02418  0.02389  0.50   77837    1860   76908  1030925  13.24
2005-2009       74      0.02540  0.02508  0.50   75978    1906   75025   954018  12.56
2005-2009       75      0.02949  0.02906  0.50   74072    2153   72996   878993  11.87
2005-2009       76      0.03158  0.03109  0.50   71919    2236   70801   805997  11.21
2005-2009       77      0.03838  0.03765  0.50   69684    2624   68372   735196  10.55
2005-2009       78      0.04138  0.04054  0.50   67060    2719   65700   666824   9.94
2005-2009       79      0.04500  0.04401  0.50   64341    2832   62925   601123   9.34
2005-2009       80      0.05205  0.05073  0.50   61509    3120   59949   538198   8.75
2005-2009       81      0.05484  0.05338  0.50   58389    3117   56831   478249   8.19
2005-2009       82      0.07041  0.06801  0.50   55273    3759   53393   421418   7.62
2005-2009       83      0.07300  0.07043  0.50   51513    3628   49699   368025   7.14
2005-2009       84      0.08558  0.08207  0.50   47885    3930   45920   318326   6.65
2005-2009       85      0.09460  0.09032  0.50   43955    3970   41970   272406   6.20
2005-2009       86      0.10400  0.09886  0.50   39985    3953   38009   230435   5.76
2005-2009       87      0.12065  0.11379  0.50   36032    4100   33982   192427   5.34
2005-2009       88      0.13012  0.12217  0.50   31932    3901   29982   158445   4.96
2005-2009       89      0.14281  0.13330  0.50   28031    3736   26163   128463   4.58
2005-2009       90      0.16374  0.15135  0.50   24295    3677   22456   102300   4.21
2005-2009       91      0.19574  0.17829  0.50   20618    3676   18780    79844   3.87
2005-2009       92      0.20639  0.18708  0.50   16942    3170   15357    61064   3.60
2005-2009       93      0.22821  0.20483  0.50   13772    2821   12362    45707   3.32
2005-2009       94      0.27652  0.24294  0.50   10951    2660    9621    33345   3.04
2005-2009       95      0.28801  0.25176  0.50    8291    2087    7247    23724   2.86
2005-2009       96      0.31746  0.27398  0.50    6204    1700    5354    16477   2.66
2005-2009       97      0.34859  0.29685  0.50    4504    1337    3835    11123   2.47
2005-2009       98      0.38119  0.32017  0.50    3167    1014    2660     7288   2.30
2005-2009       99      0.41502  0.34370  0.50    2153     740    1783     4628   2.15
2005-2009      100      0.44980  0.36721  0.50    1413     519    1154     2845   2.01
2005-2009      101      0.48518  0.39046  0.50     894     349     720     1691   1.89
2005-2009      102      0.52081  0.41321  0.50     545     225     432      972   1.78
2005-2009      103      0.55633  0.43526  0.50     320     139     250      539   1.69
2005-2009      104      0.59136  0.45641  0.50     181      82     139      289   1.60
2005-2009      105      0.62557  0.47652  0.50      98      47      75      150   1.53
2005-2009      106      0.65863  0.49546  0.50      51      25      39       75   1.46
2005-2009      107      0.69027  0.51316  0.50      26      13      19       36   1.40
2005-2009      108      0.72027  0.52956  0.50      13       7       9       17   1.35
2005-2009      109      0.74846  0.54464  0.50       6       3       4        8   1.32
2005-2009      110+     0.77474  1.00000  1.29       3       3       3        3   1.29
2010-2014        0      0.00429  0.00427  0.14  100000     427   99633  8055461  80.55
2010-2014        1      0.00045  0.00045  0.50   99573      45   99550  7955828  79.90
2010-2014        2      0.00048  0.00048  0.50   99528      47   99504  7856278  78.94
2010-2014        3      0.00022  0.00022  0.50   99480      22   99469  7756774  77.97
2010-2014        4      0.00009  0.00009  0.50   99459       9   99454  7657304  76.99
2010-2014        5      0.00019  0.00019  0.50   99449      19   99440  7557850  76.00
2010-2014        6      0.00019  0.00019  0.50   99431      19   99421  7458410  75.01
2010-2014        7      0.00045  0.00044  0.50   99412      44   99390  7358989  74.03
2010-2014        8      0.00022  0.00022  0.50   99368      22   99357  7259599  73.06
2010-2014        9      0.00019  0.00019  0.50   99345      19   99336  7160242  72.07
2010-2014       10      0.00029  0.00029  0.50   99326      29   99312  7060907  71.09
2010-2014       11      0.00006  0.00006  0.50   99297       6   99294  6961595  70.11
2010-2014       12      0.00006  0.00006  0.50   99291       6   99288  6862301  69.11
2010-2014       13      0.00052  0.00052  0.50   99285      52   99259  6763013  68.12
2010-2014       14      0.00058  0.00058  0.50   99233      57   99204  6663754  67.15
2010-2014       15      0.00042  0.00042  0.50   99176      42   99155  6564549  66.19
2010-2014       16      0.00063  0.00063  0.50   99134      62   99103  6465394  65.22
2010-2014       17      0.00042  0.00042  0.50   99072      41   99051  6366291  64.26
2010-2014       18      0.00087  0.00087  0.50   99030      86   98987  6267240  63.29
2010-2014       19      0.00042  0.00042  0.50   98944      42   98924  6168253  62.34
2010-2014       20      0.00039  0.00039  0.50   98903      39   98883  6069330  61.37
2010-2014       21      0.00065  0.00065  0.50   98864      64   98832  5970446  60.39
2010-2014       22      0.00040  0.00040  0.50   98800      40   98780  5871614  59.43
2010-2014       23      0.00063  0.00063  0.50   98760      62   98729  5772835  58.45
2010-2014       24      0.00067  0.00067  0.50   98698      66   98665  5674106  57.49
2010-2014       25      0.00058  0.00058  0.50   98632      58   98603  5575441  56.53
2010-2014       26      0.00079  0.00079  0.50   98574      78   98535  5476838  55.56
2010-2014       27      0.00053  0.00053  0.50   98496      52   98470  5378303  54.60
2010-2014       28      0.00060  0.00060  0.50   98444      59   98415  5279833  53.63
2010-2014       29      0.00073  0.00073  0.50   98386      72   98350  5181418  52.66
2010-2014       30      0.00081  0.00081  0.50   98313      80   98274  5083068  51.70
2010-2014       31      0.00102  0.00102  0.50   98234     101   98184  4984794  50.74
2010-2014       32      0.00090  0.00090  0.50   98133      88   98089  4886611  49.80
2010-2014       33      0.00101  0.00101  0.50   98045      99   97996  4788521  48.84
2010-2014       34      0.00091  0.00091  0.50   97946      89   97902  4690526  47.89
2010-2014       35      0.00080  0.00080  0.50   97857      78   97818  4592624  46.93
2010-2014       36      0.00089  0.00089  0.50   97779      87   97735  4494806  45.97
2010-2014       37      0.00134  0.00134  0.50   97691     131   97626  4397071  45.01
2010-2014       38      0.00116  0.00116  0.50   97560     113   97504  4299445  44.07
2010-2014       39      0.00123  0.00123  0.50   97447     120   97387  4201941  43.12
2010-2014       40      0.00128  0.00128  0.50   97327     124   97265  4104554  42.17
2010-2014       41      0.00151  0.00151  0.50   97203     146   97130  4007289  41.23
2010-2014       42      0.00120  0.00120  0.50   97056     116   96998  3910160  40.29
2010-2014       43      0.00158  0.00158  0.50   96940     153   96864  3813161  39.34
2010-2014       44      0.00178  0.00178  0.50   96787     172   96701  3716298  38.40
2010-2014       45      0.00175  0.00174  0.50   96615     169   96531  3619596  37.46
2010-2014       46      0.00195  0.00195  0.50   96447     188   96353  3523065  36.53
2010-2014       47      0.00204  0.00203  0.50   96259     196   96161  3426713  35.60
2010-2014       48      0.00233  0.00233  0.50   96063     224   95951  3330552  34.67
2010-2014       49      0.00259  0.00258  0.50   95839     248   95715  3234600  33.75
2010-2014       50      0.00294  0.00294  0.50   95592     281   95451  3138885  32.84
2010-2014       51      0.00307  0.00307  0.50   95311     292   95165  3043434  31.93
2010-2014       52      0.00320  0.00320  0.50   95018     304   94866  2948269  31.03
2010-2014       53      0.00306  0.00305  0.50   94715     289   94570  2853403  30.13
2010-2014       54      0.00339  0.00338  0.50   94425     320   94265  2758833  29.22
2010-2014       55      0.00448  0.00447  0.50   94106     421   93895  2664567  28.31
2010-2014       56      0.00428  0.00427  0.50   93685     400   93485  2570672  27.44
2010-2014       57      0.00480  0.00479  0.50   93285     446   93061  2477188  26.56
2010-2014       58      0.00544  0.00542  0.50   92838     503   92586  2384126  25.68
2010-2014       59      0.00576  0.00574  0.50   92335     530   92070  2291540  24.82
2010-2014       60      0.00577  0.00576  0.50   91805     529   91540  2199470  23.96
2010-2014       61      0.00659  0.00656  0.50   91276     599   90976  2107930  23.09
2010-2014       62      0.00782  0.00779  0.50   90677     706   90324  2016953  22.24
2010-2014       63      0.00737  0.00735  0.50   89971     661   89640  1926629  21.41
2010-2014       64      0.00816  0.00813  0.50   89310     726   88947  1836989  20.57
2010-2014       65      0.01045  0.01040  0.50   88584     921   88123  1748043  19.73
2010-2014       66      0.01119  0.01113  0.50   87663     976   87175  1659919  18.94
2010-2014       67      0.01153  0.01146  0.50   86687     994   86190  1572745  18.14
2010-2014       68      0.01294  0.01285  0.50   85693    1101   85143  1486554  17.35
2010-2014       69      0.01376  0.01366  0.50   84592    1156   84014  1401412  16.57
2010-2014       70      0.01659  0.01645  0.50   83436    1372   82750  1317397  15.79
2010-2014       71      0.01540  0.01529  0.50   82064    1254   81437  1234647  15.04
2010-2014       72      0.01930  0.01912  0.50   80809    1545   80037  1153211  14.27
2010-2014       73      0.02020  0.02000  0.50   79264    1585   78472  1073174  13.54
2010-2014       74      0.02404  0.02376  0.50   77679    1845   76757   994702  12.81
2010-2014       75      0.02849  0.02809  0.50   75834    2130   74769   917945  12.10
2010-2014       76      0.03121  0.03073  0.50   73704    2265   72571   843176  11.44
2010-2014       77      0.03360  0.03305  0.50   71439    2361   70258   770605  10.79
2010-2014       78      0.03773  0.03703  0.50   69078    2558   67799   700347  10.14
2010-2014       79      0.04146  0.04062  0.50   66520    2702   65169   632548   9.51
2010-2014       80      0.05095  0.04969  0.50   63818    3171   62232   567379   8.89
2010-2014       81      0.05560  0.05409  0.50   60647    3280   59006   505147   8.33
2010-2014       82      0.06065  0.05886  0.50   57366    3377   55678   446141   7.78
2010-2014       83      0.07122  0.06877  0.50   53990    3713   52133   390463   7.23
2010-2014       84      0.08167  0.07847  0.50   50276    3945   48304   338330   6.73
2010-2014       85      0.09151  0.08751  0.50   46331    4054   44304   290026   6.26
2010-2014       86      0.10115  0.09628  0.50   42277    4070   40242   245722   5.81
2010-2014       87      0.11352  0.10742  0.50   38207    4104   36154   205480   5.38
2010-2014       88      0.13296  0.12467  0.50   34102    4252   31977   169326   4.97
2010-2014       89      0.14537  0.13552  0.50   29851    4045   27828   137349   4.60
2010-2014       90      0.16964  0.15637  0.50   25805    4035   23788   109521   4.24
2010-2014       91      0.18564  0.16987  0.50   21770    3698   19921    85733   3.94
2010-2014       92      0.20832  0.18867  0.50   18072    3410   16367    65813   3.64
2010-2014       93      0.23259  0.20836  0.50   14662    3055   13135    49445   3.37
2010-2014       94      0.25637  0.22724  0.50   11607    2638   10288    36311   3.13
2010-2014       95      0.28402  0.24870  0.50    8970    2231    7854    26022   2.90
2010-2014       96      0.31263  0.27037  0.50    6739    1822    5828    18168   2.70
2010-2014       97      0.34278  0.29263  0.50    4917    1439    4197    12340   2.51
2010-2014       98      0.37431  0.31530  0.50    3478    1097    2930     8143   2.34
2010-2014       99      0.40701  0.33819  0.50    2381     805    1979     5213   2.19
2010-2014      100      0.44062  0.36107  0.50    1576     569    1292     3234   2.05
2010-2014      101      0.47487  0.38376  0.50    1007     386     814     1943   1.93
2010-2014      102      0.50944  0.40602  0.50     621     252     495     1129   1.82
2010-2014      103      0.54401  0.42768  0.50     369     158     290      635   1.72
2010-2014      104      0.57825  0.44856  0.50     211      95     164      345   1.63
2010-2014      105      0.61184  0.46851  0.50     116      55      89      181   1.56
2010-2014      106      0.64447  0.48741  0.50      62      30      47       92   1.49
2010-2014      107      0.67589  0.50517  0.50      32      16      24       45   1.43
2010-2014      108      0.70587  0.52173  0.50      16       8      12       22   1.38
2010-2014      109      0.73422  0.53706  0.50       8       4       5       10   1.34
2010-2014      110+     0.76081  1.00000  1.31       3       3       5        5   1.31
2015-2016        0      0.00404  0.00402  0.14  100000     402   99655  8078684  80.79
2015-2016        1      0.00025  0.00025  0.50   99598      25   99585  7979030  80.11
2015-2016        2      0.00042  0.00042  0.50   99573      42   99552  7879445  79.13
2015-2016        3      0.00025  0.00025  0.50   99531      24   99519  7779893  78.17
2015-2016        4      0.00032  0.00032  0.50   99507      32   99490  7680374  77.18
2015-2016        5      0.00000  0.00000  0.50   99474       0   99474  7580884  76.21
2015-2016        6      0.00023  0.00023  0.50   99474      23   99463  7481409  75.21
2015-2016        7      0.00015  0.00015  0.50   99451      15   99444  7381946  74.23
2015-2016        8      0.00023  0.00023  0.50   99436      23   99425  7282503  73.24
2015-2016        9      0.00023  0.00023  0.50   99413      23   99402  7183078  72.25
2015-2016       10      0.00000  0.00000  0.50   99391       0   99391  7083676  71.27
2015-2016       11      0.00024  0.00024  0.50   99391      24   99379  6984285  70.27
2015-2016       12      0.00033  0.00033  0.50   99366      33   99350  6884907  69.29
2015-2016       13      0.00025  0.00025  0.50   99333      25   99321  6785557  68.31
2015-2016       14      0.00024  0.00024  0.50   99309      24   99297  6686236  67.33
2015-2016       15      0.00047  0.00047  0.50   99285      47   99261  6586939  66.34
2015-2016       16      0.00054  0.00054  0.50   99238      53   99211  6487678  65.38
2015-2016       17      0.00038  0.00038  0.50   99185      38   99165  6388467  64.41
2015-2016       18      0.00071  0.00071  0.50   99146      70   99111  6289302  63.43
2015-2016       19      0.00079  0.00079  0.50   99076      78   99037  6190190  62.48
2015-2016       20      0.00086  0.00086  0.50   98998      85   98955  6091153  61.53
2015-2016       21      0.00054  0.00054  0.50   98913      54   98886  5992198  60.58
2015-2016       22      0.00093  0.00093  0.50   98859      92   98813  5893312  59.61
2015-2016       23      0.00063  0.00063  0.50   98767      62   98736  5794499  58.67
2015-2016       24      0.00088  0.00088  0.50   98705      87   98661  5695763  57.71
2015-2016       25      0.00040  0.00040  0.50   98618      39   98598  5597101  56.76
2015-2016       26      0.00024  0.00024  0.50   98579      24   98567  5498503  55.78
2015-2016       27      0.00066  0.00066  0.50   98555      65   98522  5399937  54.79
2015-2016       28      0.00025  0.00025  0.50   98490      24   98478  5301414  53.83
2015-2016       29      0.00083  0.00083  0.50   98466      82   98425  5202936  52.84
2015-2016       30      0.00074  0.00074  0.50   98384      73   98348  5104512  51.88
2015-2016       31      0.00090  0.00090  0.50   98311      89   98267  5006164  50.92
2015-2016       32      0.00074  0.00074  0.50   98223      73   98186  4907897  49.97
2015-2016       33      0.00075  0.00075  0.50   98150      74   98113  4809711  49.00
2015-2016       34      0.00109  0.00109  0.50   98076     107   98022  4711598  48.04
2015-2016       35      0.00137  0.00137  0.50   97969     134   97902  4613576  47.09
2015-2016       36      0.00096  0.00096  0.50   97835      94   97788  4515674  46.16
2015-2016       37      0.00105  0.00105  0.50   97741     102   97690  4417887  45.20
2015-2016       38      0.00106  0.00106  0.50   97638     103   97587  4320197  44.25
2015-2016       39      0.00203  0.00203  0.50   97535     198   97436  4222610  43.29
2015-2016       40      0.00128  0.00128  0.50   97337     124   97275  4125174  42.38
2015-2016       41      0.00090  0.00089  0.50   97213      87   97169  4027899  41.43
2015-2016       42      0.00149  0.00149  0.50   97126     145   97054  3930730  40.47
2015-2016       43      0.00143  0.00142  0.50   96981     138   96912  3833676  39.53
2015-2016       44      0.00135  0.00135  0.50   96843     131   96778  3736764  38.59
2015-2016       45      0.00189  0.00189  0.50   96712     183   96621  3639987  37.64
2015-2016       46      0.00179  0.00179  0.50   96529     172   96443  3543366  36.71
2015-2016       47      0.00195  0.00195  0.50   96357     188   96263  3446923  35.77
2015-2016       48      0.00178  0.00178  0.50   96169     171   96083  3350660  34.84
2015-2016       49      0.00335  0.00335  0.50   95998     321   95837  3254576  33.90
2015-2016       50      0.00198  0.00198  0.50   95676     189   95582  3158739  33.01
2015-2016       51      0.00334  0.00333  0.50   95487     318   95328  3063158  32.08
2015-2016       52      0.00293  0.00293  0.50   95169     279   95030  2967829  31.18
2015-2016       53      0.00424  0.00423  0.50   94890     401   94690  2872800  30.27
2015-2016       54      0.00433  0.00432  0.50   94489     408   94285  2778110  29.40
2015-2016       55      0.00376  0.00375  0.50   94081     353   93905  2683825  28.53
2015-2016       56      0.00477  0.00475  0.50   93728     446   93505  2589920  27.63
2015-2016       57      0.00424  0.00423  0.50   93283     395   93085  2496415  26.76
2015-2016       58      0.00575  0.00573  0.50   92888     533   92622  2403330  25.87
2015-2016       59      0.00604  0.00602  0.50   92355     556   92077  2310708  25.02
2015-2016       60      0.00698  0.00696  0.50   91799     639   91480  2218631  24.17
2015-2016       61      0.00657  0.00654  0.50   91160     597   90862  2127151  23.33
2015-2016       62      0.00787  0.00784  0.50   90564     710   90209  2036289  22.48
2015-2016       63      0.00860  0.00856  0.50   89854     769   89469  1946080  21.66
2015-2016       64      0.00815  0.00812  0.50   89085     723   88723  1856611  20.84
2015-2016       65      0.00906  0.00902  0.50   88361     797   87963  1767888  20.01
2015-2016       66      0.01199  0.01192  0.50   87565    1044   87043  1679925  19.18
2015-2016       67      0.01005  0.01000  0.50   86521     865   86088  1592882  18.41
2015-2016       68      0.01254  0.01246  0.50   85656    1068   85122  1506794  17.59
2015-2016       69      0.01352  0.01343  0.50   84588    1136   84020  1421672  16.81
2015-2016       70      0.01538  0.01526  0.50   83452    1274   82815  1337652  16.03
2015-2016       71      0.01560  0.01548  0.50   82178    1272   81542  1254836  15.27
2015-2016       72      0.01845  0.01828  0.50   80906    1479   80167  1173294  14.50
2015-2016       73      0.02108  0.02086  0.50   79428    1657   78599  1093127  13.76
2015-2016       74      0.02678  0.02643  0.50   77771    2055   76743  1014528  13.05
2015-2016       75      0.02616  0.02582  0.50   75715    1955   74738   937785  12.39
2015-2016       76      0.02671  0.02636  0.50   73760    1944   72788   863047  11.70
2015-2016       77      0.03026  0.02981  0.50   71816    2141   70746   790259  11.00
2015-2016       78      0.03586  0.03523  0.50   69675    2454   68448   719513  10.33
2015-2016       79      0.04078  0.03997  0.50   67221    2687   65878   651065   9.69
2015-2016       80      0.04254  0.04166  0.50   64534    2688   63190   585187   9.07
2015-2016       81      0.05434  0.05290  0.50   61846    3272   60210   521997   8.44
2015-2016       82      0.06541  0.06334  0.50   58574    3710   56719   461787   7.88
2015-2016       83      0.07228  0.06976  0.50   54864    3827   52951   405068   7.38
2015-2016       84      0.07757  0.07467  0.50   51037    3811   49132   352117   6.90
2015-2016       85      0.08434  0.08093  0.50   47226    3822   45315   302985   6.42
2015-2016       86      0.10243  0.09744  0.50   43404    4229   41290   257670   5.94
2015-2016       87      0.11265  0.10664  0.50   39175    4178   37086   216380   5.52
2015-2016       88      0.12518  0.11781  0.50   34997    4123   32936   179294   5.12
2015-2016       89      0.13959  0.13048  0.50   30874    4028   28860   146358   4.74
2015-2016       90      0.15793  0.14637  0.50   26846    3929   24881   117498   4.38
2015-2016       91      0.17598  0.16175  0.50   22916    3707   21063    92617   4.04
2015-2016       92      0.20137  0.18295  0.50   19210    3514   17453    71553   3.72
2015-2016       93      0.22437  0.20174  0.50   15695    3166   14112    54101   3.45
2015-2016       94      0.24925  0.22163  0.50   12529    2777   11141    39989   3.19
2015-2016       95      0.27597  0.24251  0.50    9752    2365    8570    28848   2.96
2015-2016       96      0.30449  0.26426  0.50    7387    1952    6411    20278   2.75
2015-2016       97      0.33470  0.28672  0.50    5435    1558    4656    13867   2.55
2015-2016       98      0.36645  0.30970  0.50    3877    1201    3276     9211   2.38
2015-2016       99      0.39952  0.33300  0.50    2676     891    2231     5935   2.22
2015-2016      100      0.43365  0.35638  0.50    1785     636    1467     3705   2.08
2015-2016      101      0.46855  0.37962  0.50    1149     436     931     2238   1.95
2015-2016      102      0.50389  0.40249  0.50     713     287     569     1307   1.83
2015-2016      103      0.53930  0.42477  0.50     426     181     335      738   1.73
2015-2016      104      0.57443  0.44626  0.50     245     109     190      402   1.64
2015-2016      105      0.60892  0.46680  0.50     136      63     104      212   1.56
2015-2016      106      0.64244  0.48625  0.50      72      35      55      108   1.49
2015-2016      107      0.67469  0.50450  0.50      37      19      28       53   1.43
2015-2016      108      0.70543  0.52149  0.50      18      10      14       25   1.38
2015-2016      109      0.73445  0.53718  0.50       9       5       6       12   1.34
2015-2016      110+     0.76162  1.00000  1.31       4       4       5        5   1.31
