TAS, Life tables (period 5x1), Total	Last modified: 02 Jul 2018;  Methods Protocol: v6 (2017)

  Year          Age         mx       qx    ax      lx      dx      Lx       Tx     ex
  1971           0      0.01429  0.01411  0.12  100000    1411   98756  7146180  71.46
  1971         1-4      0.00070  0.00279  2.30   98589     275  393885  7047424  71.48
  1971         5-9      0.00062  0.00310  2.31   98313     305  490747  6653538  67.68
  1971        10-14     0.00053  0.00262  2.82   98008     257  489482  6162791  62.88
  1971        15-19     0.00168  0.00836  2.95   97751     817  487085  5673309  58.04
  1971        20-24     0.00161  0.00802  2.09   96934     777  482412  5186225  53.50
  1971        25-29     0.00123  0.00614  2.51   96157     591  479316  4703812  48.92
  1971        30-34     0.00097  0.00484  2.74   95566     462  476788  4224496  44.20
  1971        35-39     0.00174  0.00864  2.55   95104     822  473509  3747708  39.41
  1971        40-44     0.00236  0.01173  2.76   94282    1106  468937  3274199  34.73
  1971        45-49     0.00482  0.02382  2.72   93176    2220  460820  2805263  30.11
  1971        50-54     0.00806  0.03956  2.65   90956    3598  446312  2344443  25.78
  1971        55-59     0.01163  0.05663  2.72   87358    4947  425523  1898131  21.73
  1971        60-64     0.01866  0.08925  2.56   82411    7355  394140  1472608  17.87
  1971        65-69     0.02900  0.13583  2.67   75056   10195  351505  1078468  14.37
  1971        70-74     0.04904  0.21861  2.52   64861   14180  289133   726963  11.21
  1971        75-79     0.07496  0.31699  2.57   50682   16066  214315   437829   8.64
  1971        80-84     0.11570  0.44699  2.46   34616   15473  133734   223514   6.46
  1971        85-89     0.18153  0.60952  2.31   19143   11668   64276    89780   4.69
  1971        90-94     0.27106  0.75899  2.10    7475    5673   20930    25504   3.41
  1971        95-99     0.38087  0.86785  1.86    1802    1563    4105     4574   2.54
  1971       100-104    0.50118  0.93195  1.63     238     222     443      469   1.97
  1971       105-109    0.61902  0.96459  1.43      16      16      25       26   1.61
  1971       110+       0.70880  1.00000  1.41       1       1       1        1   1.41
  1972           0      0.01648  0.01624  0.11  100000    1624   98562  7174405  71.74
  1972         1-4      0.00121  0.00483  1.71   98376     475  392414  7075844  71.93
  1972         5-9      0.00064  0.00320  2.57   97901     313  488744  6683430  68.27
  1972        10-14     0.00045  0.00223  2.69   97588     218  487436  6194686  63.48
  1972        15-19     0.00143  0.00713  2.69   97370     695  485242  5707250  58.61
  1972        20-24     0.00111  0.00554  2.14   96675     536  481844  5222008  54.02
  1972        25-29     0.00127  0.00633  2.60   96139     608  479236  4740164  49.31
  1972        30-34     0.00131  0.00653  2.41   95531     624  476037  4260929  44.60
  1972        35-39     0.00138  0.00689  3.11   94907     654  473298  3784892  39.88
  1972        40-44     0.00278  0.01379  2.71   94253    1300  468293  3311594  35.13
  1972        45-49     0.00384  0.01904  2.68   92954    1770  460658  2843302  30.59
  1972        50-54     0.00665  0.03277  2.70   91184    2988  449058  2382643  26.13
  1972        55-59     0.01173  0.05709  2.69   88196    5035  429356  1933586  21.92
  1972        60-64     0.01885  0.09033  2.68   83161    7512  398404  1504230  18.09
  1972        65-69     0.02924  0.13635  2.53   75650   10315  352810  1105826  14.62
  1972        70-74     0.04830  0.21612  2.57   65335   14120  292365   753016  11.53
  1972        75-79     0.06851  0.29328  2.55   51215   15020  219253   460651   8.99
  1972        80-84     0.10838  0.42584  2.48   36195   15413  142206   241398   6.67
  1972        85-89     0.17544  0.59744  2.33   20782   12416   70770    99192   4.77
  1972        90-94     0.27070  0.75999  2.12    8366    6358   23487    28423   3.40
  1972        95-99     0.39345  0.87858  1.85    2008    1764    4484     4935   2.46
  1972       100-104    0.53346  0.94466  1.58     244     230     432      452   1.85
  1972       105-109    0.67163  0.97449  1.36      13      13      20       20   1.48
  1972       110+       0.77443  1.00000  1.29       0       0       0        0   1.29
  1973           0      0.01865  0.01834  0.11  100000    1834   98375  7144192  71.44
  1973         1-4      0.00068  0.00273  1.86   98166     268  392087  7045817  71.77
  1973         5-9      0.00057  0.00284  2.10   97897     278  488680  6653730  67.97
  1973        10-14     0.00035  0.00175  2.64   97619     171  487692  6165051  63.15
  1973        15-19     0.00123  0.00611  2.80   97448     595  485932  5677359  58.26
  1973        20-24     0.00141  0.00705  2.51   96853     683  482565  5191426  53.60
  1973        25-29     0.00112  0.00558  2.40   96170     537  479458  4708861  48.96
  1973        30-34     0.00076  0.00382  2.60   95633     365  477292  4229404  44.23
  1973        35-39     0.00217  0.01080  2.74   95268    1029  474013  3752112  39.38
  1973        40-44     0.00278  0.01381  2.68   94240    1302  468177  3278099  34.78
  1973        45-49     0.00459  0.02272  2.66   92938    2111  459756  2809922  30.23
  1973        50-54     0.00746  0.03671  2.92   90827    3335  447215  2350166  25.88
  1973        55-59     0.01360  0.06587  2.62   87492    5763  423769  1902952  21.75
  1973        60-64     0.01755  0.08420  2.61   81729    6882  392209  1479183  18.10
  1973        65-69     0.02929  0.13707  2.67   74847   10260  350322  1086974  14.52
  1973        70-74     0.04755  0.21384  2.65   64588   13812  290479   736652  11.41
  1973        75-79     0.07376  0.31200  2.53   50776   15842  214791   446173   8.79
  1973        80-84     0.11625  0.44726  2.42   34934   15624  134407   231383   6.62
  1973        85-89     0.16946  0.58163  2.30   19310   11231   66276    96976   5.02
  1973        90-94     0.24019  0.71289  2.15    8078    5759   23977    30700   3.80
  1973        95-99     0.32928  0.82285  1.96    2319    1909    5796     6722   2.90
  1973       100-104    0.43407  0.90050  1.75     411     370     852      927   2.25
  1973       105-109    0.54735  0.94703  1.55      41      39      71       74   1.81
  1973       110+       0.64032  1.00000  1.56       2       2       3        3   1.56
  1974           0      0.01851  0.01821  0.11  100000    1821   98382  7109605  71.10
  1974         1-4      0.00096  0.00382  1.70   98179     375  391852  7011223  71.41
  1974         5-9      0.00057  0.00285  2.86   97804     278  488425  6619371  67.68
  1974        10-14     0.00049  0.00245  3.15   97526     239  487187  6130946  62.86
  1974        15-19     0.00160  0.00797  2.70   97287     775  484652  5643759  58.01
  1974        20-24     0.00147  0.00730  1.80   96512     704  480308  5159106  53.46
  1974        25-29     0.00105  0.00523  2.40   95808     501  477736  4678798  48.84
  1974        30-34     0.00113  0.00562  2.31   95307     535  475093  4201062  44.08
  1974        35-39     0.00220  0.01094  2.56   94772    1037  471333  3725970  39.32
  1974        40-44     0.00272  0.01352  2.77   93735    1268  465851  3254637  34.72
  1974        45-49     0.00517  0.02554  2.73   92467    2361  456977  2788786  30.16
  1974        50-54     0.00739  0.03631  2.71   90106    3272  443034  2331808  25.88
  1974        55-59     0.01200  0.05830  2.61   86834    5063  422052  1888774  21.75
  1974        60-64     0.02005  0.09555  2.56   81771    7813  389760  1466722  17.94
  1974        65-69     0.02748  0.12860  2.50   73958    9511  346046  1076962  14.56
  1974        70-74     0.04801  0.21534  2.61   64447   13878  289058   730916  11.34
  1974        75-79     0.07348  0.31297  2.63   50569   15827  215394   441858   8.74
  1974        80-84     0.11089  0.43354  2.48   34742   15062  135828   226464   6.52
  1974        85-89     0.18259  0.61333  2.32   19680   12071   66109    90637   4.61
  1974        90-94     0.28735  0.78218  2.09    7610    5952   20714    24528   3.22
  1974        95-99     0.42273  0.89785  1.80    1658    1488    3520     3814   2.30
  1974       100-104    0.57246  0.95591  1.52     169     162     283      293   1.73
  1974       105-109    0.71129  0.97963  1.30       7       7      10       10   1.40
  1974       110+       0.80821  1.00000  1.24       0       0       0        0   1.24
  1975           0      0.01921  0.01888  0.11  100000    1888   98319  7175506  71.76
  1975         1-4      0.00092  0.00367  1.76   98112     360  391639  7077187  72.13
  1975         5-9      0.00061  0.00306  2.59   97751     299  488037  6685548  68.39
  1975        10-14     0.00050  0.00251  2.93   97452     245  486755  6197511  63.60
  1975        15-19     0.00129  0.00644  2.64   97207     626  484561  5710756  58.75
  1975        20-24     0.00127  0.00633  2.45   96582     612  481348  5226194  54.11
  1975        25-29     0.00101  0.00504  2.43   95970     484  478608  4744847  49.44
  1975        30-34     0.00103  0.00515  2.70   95486     491  476302  4266238  44.68
  1975        35-39     0.00171  0.00851  2.57   94995     809  473009  3789936  39.90
  1975        40-44     0.00224  0.01114  2.72   94186    1049  468542  3316927  35.22
  1975        45-49     0.00543  0.02681  2.54   93137    2497  459553  2848385  30.58
  1975        50-54     0.00676  0.03327  2.52   90640    3015  445723  2388832  26.36
  1975        55-59     0.01286  0.06246  2.70   87625    5473  425551  1943109  22.18
  1975        60-64     0.01742  0.08353  2.55   82152    6862  393937  1517558  18.47
  1975        65-69     0.02797  0.13118  2.64   75290    9877  353118  1123620  14.92
  1975        70-74     0.04649  0.20969  2.67   65413   13716  295060   770502  11.78
  1975        75-79     0.06743  0.28826  2.48   51696   14902  220986   475442   9.20
  1975        80-84     0.10506  0.41514  2.47   36795   15275  145399   254455   6.92
  1975        85-89     0.16393  0.57085  2.34   21520   12284   74939   109057   5.07
  1975        90-94     0.24607  0.72386  2.16    9235    6685   27167    34117   3.69
  1975        95-99     0.35150  0.84496  1.93    2550    2155    6130     6951   2.73
  1975       100-104    0.47389  0.92140  1.68     395     364     769      820   2.07
  1975       105-109    0.60059  0.96124  1.46      31      30      50       51   1.66
  1975       110+       0.70013  1.00000  1.43       1       1       2        2   1.43
  1976           0      0.01186  0.01174  0.12  100000    1174   98972  7219510  72.20
  1976         1-4      0.00093  0.00369  1.70   98826     365  394464  7120537  72.05
  1976         5-9      0.00065  0.00323  2.18   98461     318  491408  6726073  68.31
  1976        10-14     0.00057  0.00282  3.20   98143     277  490216  6234665  63.53
  1976        15-19     0.00141  0.00703  2.66   97866     688  487721  5744450  58.70
  1976        20-24     0.00116  0.00580  2.23   97178     564  484328  5256729  54.09
  1976        25-29     0.00098  0.00487  2.13   96614     471  481717  4772401  49.40
  1976        30-34     0.00113  0.00562  2.56   96143     541  479399  4290684  44.63
  1976        35-39     0.00159  0.00794  2.49   95603     759  476105  3811285  39.87
  1976        40-44     0.00264  0.01310  2.80   94844    1242  471485  3335180  35.16
  1976        45-49     0.00543  0.02677  2.47   93601    2506  461663  2863695  30.59
  1976        50-54     0.00702  0.03449  2.52   91095    3141  447700  2402032  26.37
  1976        55-59     0.01195  0.05811  2.62   87954    5111  427616  1954332  22.22
  1976        60-64     0.01741  0.08374  2.73   82843    6938  398487  1526716  18.43
  1976        65-69     0.02621  0.12323  2.57   75906    9354  356827  1128229  14.86
  1976        70-74     0.04686  0.21083  2.63   66552   14031  299453   771402  11.59
  1976        75-79     0.06747  0.28805  2.46   52520   15128  224209   471949   8.99
  1976        80-84     0.11292  0.43836  2.45   37392   16391  145157   247740   6.63
  1976        85-89     0.17278  0.59026  2.32   21001   12396   71743   102583   4.88
  1976        90-94     0.25560  0.73749  2.13    8605    6346   24828    30841   3.58
  1976        95-99     0.36110  0.85274  1.91    2259    1926    5334     6013   2.66
  1976       100-104    0.48252  0.92493  1.67     333     308     638      679   2.04
  1976       105-109    0.60694  0.96248  1.45      25      24      40       41   1.64
  1976       110+       0.70390  1.00000  1.42       1       1       1        1   1.42
  1977           0      0.01507  0.01488  0.12  100000    1488   98688  7273840  72.74
  1977         1-4      0.00079  0.00317  1.47   98512     312  393258  7175152  72.84
  1977         5-9      0.00042  0.00211  2.56   98200     207  490494  6781893  69.06
  1977        10-14     0.00049  0.00243  2.91   97993     238  489467  6291399  64.20
  1977        15-19     0.00150  0.00747  2.87   97755     730  487219  5801933  59.35
  1977        20-24     0.00121  0.00603  2.22   97025     585  483499  5314714  54.78
  1977        25-29     0.00092  0.00459  3.01   96440     442  481318  4831215  50.10
  1977        30-34     0.00122  0.00609  2.60   95997     585  478582  4349897  45.31
  1977        35-39     0.00138  0.00686  2.76   95413     655  475596  3871315  40.57
  1977        40-44     0.00231  0.01151  2.92   94758    1091  471523  3395719  35.84
  1977        45-49     0.00390  0.01934  2.50   93667    1811  463816  2924195  31.22
  1977        50-54     0.00776  0.03815  2.88   91856    3505  451857  2460380  26.79
  1977        55-59     0.01062  0.05189  2.84   88351    4585  431835  2008522  22.73
  1977        60-64     0.01671  0.08050  2.72   83767    6743  403445  1576687  18.82
  1977        65-69     0.02681  0.12614  2.66   77024    9716  362370  1173242  15.23
  1977        70-74     0.04183  0.19034  2.64   67308   12811  306255   810872  12.05
  1977        75-79     0.07107  0.30159  2.49   54496   16435  231262   504617   9.26
  1977        80-84     0.09328  0.37934  2.54   38061   14438  154787   273355   7.18
  1977        85-89     0.16082  0.56619  2.39   23623   13375   83166   118568   5.02
  1977        90-94     0.26340  0.75227  2.15   10248    7709   29267    35403   3.45
  1977        95-99     0.40010  0.88468  1.85    2539    2246    5613     6135   2.42
  1977       100-104    0.55503  0.95172  1.55     293     279     502      522   1.78
  1977       105-109    0.70083  0.97853  1.32      14      14      20       20   1.42
  1977       110+       0.80245  1.00000  1.25       0       0       0        0   1.25
  1978           0      0.01501  0.01481  0.12  100000    1481   98695  7281485  72.81
  1978         1-4      0.00054  0.00215  2.27   98519     212  393709  7182791  72.91
  1978         5-9      0.00038  0.00188  1.67   98307     185  490920  6789082  69.06
  1978        10-14     0.00044  0.00221  2.95   98122     217  490167  6298162  64.19
  1978        15-19     0.00127  0.00631  2.88   97905     618  488216  5807995  59.32
  1978        20-24     0.00146  0.00727  2.17   97287     707  484433  5319779  54.68
  1978        25-29     0.00106  0.00528  2.52   96580     510  481634  4835346  50.07
  1978        30-34     0.00115  0.00572  2.75   96070     550  479110  4353712  45.32
  1978        35-39     0.00175  0.00873  2.85   95520     833  475807  3874602  40.56
  1978        40-44     0.00239  0.01188  2.90   94687    1125  471072  3398795  35.90
  1978        45-49     0.00453  0.02239  2.36   93561    2095  462278  2927723  31.29
  1978        50-54     0.00770  0.03780  2.63   91467    3458  449129  2465445  26.95
  1978        55-59     0.01127  0.05483  2.55   88009    4825  428207  2016316  22.91
  1978        60-64     0.01517  0.07322  2.65   83184    6091  401581  1588109  19.09
  1978        65-69     0.02766  0.13028  2.77   77093   10044  363070  1186528  15.39
  1978        70-74     0.04111  0.18665  2.54   67049   12515  304411   823457  12.28
  1978        75-79     0.06706  0.28774  2.53   54534   15692  233988   519046   9.52
  1978        80-84     0.09468  0.38281  2.50   38842   14869  157044   285058   7.34
  1978        85-89     0.15099  0.54096  2.38   23973   12968   85891   128014   5.34
  1978        90-94     0.23425  0.70669  2.19   11005    7777   33199    42123   3.83
  1978        95-99     0.34523  0.84058  1.95    3228    2713    7859     8924   2.76
  1978       100-104    0.47507  0.92243  1.68     515     475     999     1065   2.07
  1978       105-109    0.60583  0.96235  1.45      40      38      63       66   1.64
  1978       110+       0.70331  1.00000  1.42       2       2       2        2   1.42
  1979           0      0.01463  0.01444  0.12  100000    1444   98726  7357140  73.57
  1979         1-4      0.00081  0.00322  1.98   98556     317  393583  7258413  73.65
  1979         5-9      0.00040  0.00197  1.64   98239     194  490541  6864830  69.88
  1979        10-14     0.00073  0.00363  2.65   98045     355  489388  6374289  65.01
  1979        15-19     0.00082  0.00409  2.59   97689     400  487482  5884901  60.24
  1979        20-24     0.00143  0.00712  2.40   97289     692  484648  5397419  55.48
  1979        25-29     0.00137  0.00684  2.53   96597     661  481351  4912771  50.86
  1979        30-34     0.00129  0.00644  2.52   95937     618  478147  4431419  46.19
  1979        35-39     0.00121  0.00604  2.60   95318     575  475211  3953272  41.47
  1979        40-44     0.00221  0.01100  2.88   94743    1042  471507  3478062  36.71
  1979        45-49     0.00425  0.02105  2.87   93701    1972  464314  3006555  32.09
  1979        50-54     0.00709  0.03490  2.83   91729    3201  451695  2542241  27.71
  1979        55-59     0.00978  0.04780  2.62   88528    4232  432571  2090546  23.61
  1979        60-64     0.01457  0.07049  2.70   84296    5942  407811  1657975  19.67
  1979        65-69     0.02418  0.11458  2.72   78354    8977  371264  1250164  15.96
  1979        70-74     0.03898  0.17745  2.48   69376   12311  315860   878900  12.67
  1979        75-79     0.05607  0.24606  2.51   57066   14041  250423   563040   9.87
  1979        80-84     0.09772  0.39205  2.48   43024   16868  172607   312617   7.27
  1979        85-89     0.15162  0.54202  2.37   26156   14177   93505   140010   5.35
  1979        90-94     0.23115  0.70105  2.19   11979    8398   36331    46505   3.88
  1979        95-99     0.33563  0.83091  1.96    3581    2976    8866    10173   2.84
  1979       100-104    0.45460  0.91178  1.72     606     552    1215     1308   2.16
  1979       105-109    0.56919  0.95249  1.51      53      51      89       93   1.75
  1979       110+       0.64973  1.00000  1.54       3       3       4        4   1.54
  1980           0      0.01271  0.01257  0.12  100000    1257   98897  7344964  73.45
  1980         1-4      0.00041  0.00163  1.23   98743     161  394526  7246067  73.38
  1980         5-9      0.00040  0.00199  2.35   98582     197  492388  6851542  69.50
  1980        10-14     0.00031  0.00156  3.31   98385     154  491666  6359153  64.64
  1980        15-19     0.00113  0.00566  2.94   98232     556  490011  5867487  59.73
  1980        20-24     0.00108  0.00538  2.40   97676     525  487017  5377476  55.05
  1980        25-29     0.00091  0.00452  2.59   97151     439  484698  4890459  50.34
  1980        30-34     0.00097  0.00483  2.76   96712     467  482512  4405761  45.56
  1980        35-39     0.00149  0.00741  2.74   96245     713  479612  3923249  40.76
  1980        40-44     0.00255  0.01267  2.94   95532    1210  475163  3443636  36.05
  1980        45-49     0.00398  0.01972  2.60   94322    1860  467137  2968473  31.47
  1980        50-54     0.00651  0.03210  2.81   92462    2968  455814  2501336  27.05
  1980        55-59     0.00973  0.04751  2.56   89494    4252  437078  2045521  22.86
  1980        60-64     0.01687  0.08101  2.57   85242    6905  409422  1608443  18.87
  1980        65-69     0.02724  0.12817  2.70   78336   10041  368632  1199021  15.31
  1980        70-74     0.04286  0.19545  2.75   68295   13348  311476   830389  12.16
  1980        75-79     0.06580  0.28246  2.50   54947   15520  235879   518913   9.44
  1980        80-84     0.10340  0.40878  2.44   39427   16117  155874   283034   7.18
  1980        85-89     0.15078  0.53870  2.35   23310   12557   83281   127160   5.46
  1980        90-94     0.21941  0.67985  2.20   10753    7310   33318    43879   4.08
  1980        95-99     0.30880  0.80237  2.01    3443    2762    8945    10561   3.07
  1980       100-104    0.41131  0.88653  1.79     680     603    1466     1616   2.38
  1980       105-109    0.51207  0.93384  1.60      77      72     141      150   1.94
  1980       110+       0.58365  1.00000  1.71       5       5       9        9   1.71
  1981           0      0.01262  0.01248  0.12  100000    1248   98905  7361589  73.62
  1981         1-4      0.00077  0.00309  1.84   98752     305  394348  7262684  73.55
  1981         5-9      0.00028  0.00140  2.02   98447     138  491822  6868336  69.77
  1981        10-14     0.00043  0.00216  2.90   98309     212  491099  6376514  64.86
  1981        15-19     0.00155  0.00772  2.94   98096     758  488924  5885414  60.00
  1981        20-24     0.00163  0.00810  2.55   97339     789  484760  5396490  55.44
  1981        25-29     0.00098  0.00488  2.20   96550     472  481430  4911730  50.87
  1981        30-34     0.00094  0.00468  2.41   96079     450  479228  4430300  46.11
  1981        35-39     0.00133  0.00663  2.89   95629     634  476810  3951072  41.32
  1981        40-44     0.00231  0.01150  2.39   94995    1092  472122  3474262  36.57
  1981        45-49     0.00398  0.01969  2.41   93903    1849  464728  3002140  31.97
  1981        50-54     0.00730  0.03599  3.02   92055    3313  453709  2537411  27.56
  1981        55-59     0.01026  0.05008  2.61   88742    4444  433096  2083702  23.48
  1981        60-64     0.01555  0.07500  2.64   84297    6322  406561  1650606  19.58
  1981        65-69     0.02478  0.11708  2.65   77975    9130  368438  1244045  15.95
  1981        70-74     0.04003  0.18222  2.54   68846   12545  313406   875607  12.72
  1981        75-79     0.06039  0.26367  2.60   56301   14845  245816   562200   9.99
  1981        80-84     0.09195  0.37340  2.48   41456   15480  168346   316385   7.63
  1981        85-89     0.14013  0.51286  2.39   25976   13322   95067   148039   5.70
  1981        90-94     0.21078  0.66564  2.23   12654    8423   39962    52972   4.19
  1981        95-99     0.30624  0.80107  2.02    4231    3389   11068    13009   3.07
  1981       100-104    0.42282  0.89556  1.78     842     754    1783     1942   2.31
  1981       105-109    0.54923  0.94828  1.55      88      83     152      159   1.81
  1981       110+       0.65052  1.00000  1.54       5       5       7        7   1.54
  1982           0      0.00841  0.00835  0.13  100000     835   99276  7412364  74.12
  1982         1-4      0.00079  0.00317  1.43   99165     314  395852  7313088  73.75
  1982         5-9      0.00028  0.00140  3.05   98851     138  493985  6917236  69.98
  1982        10-14     0.00032  0.00162  2.73   98713     160  493200  6423251  65.07
  1982        15-19     0.00073  0.00362  2.36   98553     357  491820  5930051  60.17
  1982        20-24     0.00116  0.00580  2.53   98196     570  489570  5438231  55.38
  1982        25-29     0.00087  0.00432  2.99   97626     422  487280  4948661  50.69
  1982        30-34     0.00126  0.00629  2.09   97204     612  484240  4461381  45.90
  1982        35-39     0.00147  0.00731  2.29   96592     706  481046  3977141  41.17
  1982        40-44     0.00212  0.01056  2.90   95886    1012  477301  3496095  36.46
  1982        45-49     0.00404  0.02004  2.95   94873    1901  470460  3018794  31.82
  1982        50-54     0.00615  0.03029  2.56   92972    2816  457976  2548334  27.41
  1982        55-59     0.01110  0.05410  2.64   90156    4877  439287  2090358  23.19
  1982        60-64     0.01533  0.07378  2.48   85279    6291  410526  1651070  19.36
  1982        65-69     0.02586  0.12201  2.68   78987    9637  372600  1240544  15.71
  1982        70-74     0.04022  0.18436  2.74   69350   12785  317869   867943  12.52
  1982        75-79     0.06396  0.27669  2.56   56565   15651  244704   550074   9.72
  1982        80-84     0.09595  0.38584  2.46   40914   15786  164527   305370   7.46
  1982        85-89     0.14340  0.52104  2.38   25128   13093   91299   140842   5.61
  1982        90-94     0.21518  0.67359  2.22   12035    8107   37675    49543   4.12
  1982        95-99     0.31272  0.80806  2.01    3928    3174   10151    11868   3.02
  1982       100-104    0.42916  0.89875  1.77     754     678    1579     1717   2.28
  1982       105-109    0.54854  0.94721  1.54      76      72     132      138   1.81
  1982       110+       0.63628  1.00000  1.57       4       4       6        6   1.57
  1983           0      0.01137  0.01126  0.12  100000    1126   99014  7486116  74.86
  1983         1-4      0.00079  0.00317  1.93   98874     313  394849  7387102  74.71
  1983         5-9      0.00023  0.00117  1.48   98561     116  492401  6992253  70.94
  1983        10-14     0.00045  0.00223  2.93   98446     219  491775  6499853  66.02
  1983        15-19     0.00059  0.00293  2.84   98226     288  490508  6008078  61.17
  1983        20-24     0.00092  0.00460  2.40   97938     450  488520  5517570  56.34
  1983        25-29     0.00084  0.00421  2.10   97488     410  486250  5029050  51.59
  1983        30-34     0.00075  0.00373  2.52   97078     362  484488  4542800  46.80
  1983        35-39     0.00122  0.00607  2.72   96716     587  482238  4058312  41.96
  1983        40-44     0.00198  0.00986  2.83   96128     947  478583  3576074  37.20
  1983        45-49     0.00355  0.01760  2.73   95181    1675  472101  3097492  32.54
  1983        50-54     0.00664  0.03269  2.63   93506    3057  460279  2625391  28.08
  1983        55-59     0.00942  0.04611  2.77   90449    4171  442952  2165112  23.94
  1983        60-64     0.01561  0.07527  2.65   86278    6494  416105  1722159  19.96
  1983        65-69     0.02399  0.11356  2.66   79784    9060  377690  1306055  16.37
  1983        70-74     0.03404  0.15693  2.52   70724   11099  326094   928365  13.13
  1983        75-79     0.05623  0.24619  2.48   59625   14679  261073   602271  10.10
  1983        80-84     0.09211  0.37411  2.49   44946   16815  182556   341198   7.59
  1983        85-89     0.14201  0.51777  2.39   28131   14565  102569   158642   5.64
  1983        90-94     0.21413  0.67167  2.23   13566    9112   42551    56073   4.13
  1983        95-99     0.31073  0.80593  2.01    4454    3590   11552    13522   3.04
  1983       100-104    0.42829  0.89876  1.77     864     777    1814     1970   2.28
  1983       105-109    0.55617  0.95042  1.54      88      83     150      156   1.78
  1983       110+       0.66003  1.00000  1.52       4       4       7        7   1.52
  1984           0      0.01170  0.01158  0.12  100000    1158   98986  7403757  74.04
  1984         1-4      0.00067  0.00269  1.71   98842     266  394760  7304771  73.90
  1984         5-9      0.00035  0.00175  2.49   98576     172  492448  6910011  70.10
  1984        10-14     0.00056  0.00279  2.72   98404     274  491394  6417563  65.22
  1984        15-19     0.00074  0.00370  3.29   98129     363  490024  5926169  60.39
  1984        20-24     0.00098  0.00488  2.40   97766     478  487591  5436145  55.60
  1984        25-29     0.00085  0.00426  2.52   97289     415  485413  4948554  50.86
  1984        30-34     0.00121  0.00606  2.68   96874     587  483006  4463140  46.07
  1984        35-39     0.00151  0.00754  2.99   96287     726  479974  3980135  41.34
  1984        40-44     0.00231  0.01150  2.37   95561    1099  474908  3500160  36.63
  1984        45-49     0.00343  0.01703  2.61   94462    1609  468469  3025252  32.03
  1984        50-54     0.00604  0.02979  2.62   92853    2766  457682  2556783  27.54
  1984        55-59     0.01080  0.05270  2.68   90086    4747  439430  2099100  23.30
  1984        60-64     0.01603  0.07738  2.75   85339    6604  411862  1659670  19.45
  1984        65-69     0.02716  0.12770  2.67   78735   10054  370216  1247808  15.85
  1984        70-74     0.03737  0.17186  2.67   68681   11803  315861   877592  12.78
  1984        75-79     0.05974  0.26183  2.64   56878   14892  249300   561731   9.88
  1984        80-84     0.09472  0.38257  2.49   41985   16063  169583   312432   7.44
  1984        85-89     0.14645  0.52902  2.38   25923   13714   93641   142849   5.51
  1984        90-94     0.22094  0.68358  2.21   12209    8346   37774    49208   4.03
  1984        95-99     0.31996  0.81558  1.99    3863    3151    9847    11434   2.96
  1984       100-104    0.43913  0.90469  1.75     712     645    1468     1587   2.23
  1984       105-109    0.56694  0.95328  1.52      68      65     114      119   1.75
  1984       110+       0.66955  1.00000  1.49       3       3       5        5   1.49
  1985           0      0.01308  0.01293  0.12  100000    1293   98864  7401922  74.02
  1985         1-4      0.00070  0.00279  1.45   98707     275  394127  7303057  73.99
  1985         5-9      0.00047  0.00234  2.76   98432     231  491642  6908930  70.19
  1985        10-14     0.00063  0.00316  2.43   98201     310  490210  6417288  65.35
  1985        15-19     0.00118  0.00590  2.92   97891     577  488254  5927078  60.55
  1985        20-24     0.00108  0.00540  2.43   97314     526  485217  5438824  55.89
  1985        25-29     0.00124  0.00620  2.55   96788     600  482469  4953607  51.18
  1985        30-34     0.00108  0.00540  2.48   96188     519  479634  4471138  46.48
  1985        35-39     0.00138  0.00689  2.69   95669     659  476824  3991504  41.72
  1985        40-44     0.00203  0.01013  2.75   95010     962  472884  3514680  36.99
  1985        45-49     0.00291  0.01447  2.72   94047    1361  467128  3041796  32.34
  1985        50-54     0.00641  0.03153  2.56   92687    2923  456309  2574668  27.78
  1985        55-59     0.00989  0.04833  2.67   89764    4338  438718  2118359  23.60
  1985        60-64     0.01363  0.06609  2.70   85426    5646  414171  1679641  19.66
  1985        65-69     0.02286  0.10837  2.62   79780    8646  378294  1265470  15.86
  1985        70-74     0.03736  0.17109  2.54   71134   12170  325784   887177  12.47
  1985        75-79     0.05681  0.25013  2.61   58963   14748  259600   561393   9.52
  1985        80-84     0.10786  0.42340  2.46   44215   18721  173572   301793   6.83
  1985        85-89     0.16606  0.57542  2.33   25494   14670   88344   128221   5.03
  1985        90-94     0.24712  0.72521  2.15   10824    7850   31765    39877   3.68
  1985        95-99     0.35133  0.84468  1.93    2974    2512    7151     8112   2.73
  1985       100-104    0.47278  0.92087  1.69     462     425     900      961   2.08
  1985       105-109    0.59928  0.96098  1.47      37      35      59       61   1.66
  1985       110+       0.69939  1.00000  1.43       1       1       2        2   1.43
  1986           0      0.01135  0.01124  0.13  100000    1124   99018  7531939  75.32
  1986         1-4      0.00056  0.00224  1.37   98876     221  394924  7432921  75.17
  1986         5-9      0.00037  0.00187  2.38   98655     184  492793  7037997  71.34
  1986        10-14     0.00036  0.00178  2.29   98471     176  491878  6545204  66.47
  1986        15-19     0.00086  0.00428  3.43   98295     420  490815  6053326  61.58
  1986        20-24     0.00110  0.00546  2.66   97875     535  488123  5562511  56.83
  1986        25-29     0.00075  0.00374  2.42   97340     364  485762  5074388  52.13
  1986        30-34     0.00089  0.00444  2.44   96976     430  483779  4588625  47.32
  1986        35-39     0.00099  0.00491  2.55   96546     474  481569  4104846  42.52
  1986        40-44     0.00207  0.01031  2.75   96072     991  478129  3623277  37.71
  1986        45-49     0.00266  0.01322  2.80   95081    1257  472636  3145147  33.08
  1986        50-54     0.00565  0.02788  2.69   93824    2616  463090  2672511  28.48
  1986        55-59     0.00846  0.04146  2.62   91208    3782  447026  2209421  24.22
  1986        60-64     0.01370  0.06651  2.80   87427    5815  424343  1762395  20.16
  1986        65-69     0.02114  0.10087  2.73   81612    8232  389350  1338051  16.40
  1986        70-74     0.03769  0.17324  2.67   73380   12712  337265   948701  12.93
  1986        75-79     0.05677  0.24900  2.53   60667   15106  266094   611436  10.08
  1986        80-84     0.09132  0.37164  2.50   45561   16932  185425   345342   7.58
  1986        85-89     0.14264  0.51977  2.39   28629   14880  104317   159917   5.59
  1986        90-94     0.21900  0.68091  2.22   13748    9361   42746    55600   4.04
  1986        95-99     0.32302  0.81950  1.99    4387    3595   11130    12854   2.93
  1986       100-104    0.44954  0.91072  1.73     792     721    1604     1724   2.18
  1986       105-109    0.58437  0.95797  1.49      71      68     116      120   1.70
  1986       110+       0.69109  1.00000  1.45       3       3       4        4   1.45
  1987           0      0.00993  0.00984  0.13  100000     984   99142  7509077  75.09
  1987         1-4      0.00046  0.00183  1.56   99016     182  395620  7409935  74.84
  1987         5-9      0.00020  0.00099  2.09   98834      98  493884  7014315  70.97
  1987        10-14     0.00022  0.00111  3.07   98736     109  493469  6520430  66.04
  1987        15-19     0.00078  0.00390  3.21   98626     385  492442  6026962  61.11
  1987        20-24     0.00091  0.00455  2.27   98242     447  489990  5534520  56.34
  1987        25-29     0.00110  0.00551  2.72   97795     538  487744  5044530  51.58
  1987        30-34     0.00102  0.00510  2.53   97256     496  485058  4556785  46.85
  1987        35-39     0.00152  0.00759  2.52   96760     735  481976  4071728  42.08
  1987        40-44     0.00199  0.00991  3.01   96025     951  478229  3589751  37.38
  1987        45-49     0.00339  0.01682  2.60   95074    1600  471526  3111522  32.73
  1987        50-54     0.00584  0.02885  2.81   93474    2696  461458  2639996  28.24
  1987        55-59     0.00943  0.04616  2.68   90778    4191  444163  2178538  24.00
  1987        60-64     0.01322  0.06414  2.69   86587    5554  420115  1734375  20.03
  1987        65-69     0.02126  0.10111  2.59   81033    8193  385448  1314260  16.22
  1987        70-74     0.03812  0.17498  2.66   72840   12746  334341   928812  12.75
  1987        75-79     0.05709  0.25174  2.65   60095   15128  264976   594472   9.89
  1987        80-84     0.09617  0.38736  2.49   44966   17418  181120   329496   7.33
  1987        85-89     0.15037  0.53894  2.37   27548   14847   98739   148375   5.39
  1987        90-94     0.22896  0.69744  2.20   12701    8858   38691    49636   3.91
  1987        95-99     0.33388  0.82975  1.97    3843    3189    9550    10946   2.85
  1987       100-104    0.45980  0.91554  1.71     654     599    1303     1395   2.13
  1987       105-109    0.59307  0.95992  1.48      55      53      89       93   1.68
  1987       110+       0.69855  1.00000  1.43       2       2       3        3   1.43
  1988           0      0.00954  0.00947  0.13  100000     947   99176  7560939  75.61
  1988         1-4      0.00039  0.00157  1.12   99053     156  395764  7461763  75.33
  1988         5-9      0.00042  0.00208  1.45   98897     206  493755  7065999  71.45
  1988        10-14     0.00040  0.00201  2.41   98691     198  492943  6572244  66.59
  1988        15-19     0.00086  0.00428  2.85   98493     422  491558  6079301  61.72
  1988        20-24     0.00117  0.00581  2.29   98072     570  488814  5587743  56.98
  1988        25-29     0.00105  0.00526  2.65   97501     513  486299  5098929  52.30
  1988        30-34     0.00103  0.00513  2.26   96989     497  483582  4612630  47.56
  1988        35-39     0.00148  0.00736  2.63   96491     710  480777  4129048  42.79
  1988        40-44     0.00169  0.00841  3.01   95781     806  477302  3648272  38.09
  1988        45-49     0.00227  0.01127  2.56   94975    1070  472264  3170970  33.39
  1988        50-54     0.00528  0.02608  2.71   93905    2449  463928  2698705  28.74
  1988        55-59     0.00872  0.04268  2.54   91456    3903  447693  2234777  24.44
  1988        60-64     0.01271  0.06179  2.72   87553    5410  425454  1787084  20.41
  1988        65-69     0.02172  0.10322  2.60   82144    8479  390401  1361630  16.58
  1988        70-74     0.03536  0.16323  2.65   73665   12024  340014   971229  13.18
  1988        75-79     0.05273  0.23344  2.54   61641   14389  272870   631215  10.24
  1988        80-84     0.08692  0.35799  2.54   47251   16916  194606   358345   7.58
  1988        85-89     0.14587  0.52940  2.41   30336   16060  110099   163738   5.40
  1988        90-94     0.23738  0.71352  2.21   14276   10186   42911    53640   3.76
  1988        95-99     0.36482  0.85928  1.92    4090    3514    9633    10729   2.62
  1988       100-104    0.51789  0.94071  1.62     576     541    1045     1096   1.90
  1988       105-109    0.67152  0.97494  1.36      34      33      50       51   1.48
  1988       110+       0.78409  1.00000  1.28       1       1       1        1   1.28
  1989           0      0.01038  0.01028  0.13  100000    1028   99103  7551167  75.51
  1989         1-4      0.00039  0.00157  1.30   98972     156  395466  7452064  75.29
  1989         5-9      0.00028  0.00138  2.42   98816     136  493729  7056598  71.41
  1989        10-14     0.00040  0.00201  2.43   98680     198  492890  6562870  66.51
  1989        15-19     0.00075  0.00375  3.14   98482     369  491722  6069979  61.64
  1989        20-24     0.00094  0.00469  2.29   98112     461  489314  5578257  56.86
  1989        25-29     0.00092  0.00461  2.60   97652     450  487179  5088943  52.11
  1989        30-34     0.00087  0.00435  2.68   97202     423  485028  4601764  47.34
  1989        35-39     0.00099  0.00493  2.47   96779     477  482690  4116737  42.54
  1989        40-44     0.00205  0.01020  2.73   96302     983  479279  3634047  37.74
  1989        45-49     0.00301  0.01498  2.99   95319    1428  473732  3154767  33.10
  1989        50-54     0.00514  0.02542  2.85   93891    2387  464312  2681035  28.55
  1989        55-59     0.00850  0.04170  2.79   91504    3815  449081  2216724  24.23
  1989        60-64     0.01324  0.06426  2.72   87689    5635  425622  1767643  20.16
  1989        65-69     0.02234  0.10608  2.62   82053    8704  389565  1342020  16.36
  1989        70-74     0.03627  0.16775  2.76   73349   12304  339230   952455  12.99
  1989        75-79     0.05630  0.24822  2.62   61045   15153  269157   613225  10.05
  1989        80-84     0.09028  0.36890  2.52   45892   16930  187526   344068   7.50
  1989        85-89     0.14760  0.53303  2.39   28963   15438  104589   156542   5.40
  1989        90-94     0.23251  0.70437  2.20   13525    9527   40973    51953   3.84
  1989        95-99     0.34727  0.84310  1.95    3998    3371    9707    10979   2.75
  1989       100-104    0.48483  0.92740  1.67     627     582    1200     1272   2.03
  1989       105-109    0.62738  0.96735  1.43      46      44      70       72   1.59
  1989       110+       0.73702  1.00000  1.36       1       1       2        2   1.36
  1990           0      0.00889  0.00882  0.13  100000     882   99234  7575154  75.75
  1990         1-4      0.00081  0.00325  1.67   99118     322  395721  7475920  75.42
  1990         5-9      0.00041  0.00203  1.77   98796     201  493332  7080199  71.66
  1990        10-14     0.00031  0.00157  3.50   98595     154  492746  6586867  66.81
  1990        15-19     0.00083  0.00414  2.84   98441     407  491327  6094121  61.91
  1990        20-24     0.00085  0.00422  1.83   98034     414  488858  5602795  57.15
  1990        25-29     0.00094  0.00467  2.77   97620     456  487082  5113937  52.39
  1990        30-34     0.00121  0.00605  2.19   97163     588  484163  4626855  47.62
  1990        35-39     0.00111  0.00554  2.26   96575     535  481408  4142693  42.90
  1990        40-44     0.00148  0.00739  2.56   96040     709  478470  3661285  38.12
  1990        45-49     0.00272  0.01354  2.96   95331    1291  474018  3182814  33.39
  1990        50-54     0.00476  0.02353  2.49   94040    2213  464650  2708796  28.80
  1990        55-59     0.00820  0.04023  2.68   91827    3694  450581  2244146  24.44
  1990        60-64     0.01373  0.06650  2.63   88133    5861  426783  1793565  20.35
  1990        65-69     0.02092  0.09971  2.66   82272    8203  392141  1366782  16.61
  1990        70-74     0.03440  0.15927  2.67   74069   11797  342895   974641  13.16
  1990        75-79     0.05553  0.24489  2.59   62272   15250  274598   631747  10.14
  1990        80-84     0.08566  0.35410  2.55   47022   16651  194382   357149   7.60
  1990        85-89     0.14689  0.53223  2.41   30372   16165  110051   162767   5.36
  1990        90-94     0.24084  0.71917  2.20   14207   10217   42424    52716   3.71
  1990        95-99     0.37156  0.86489  1.91    3990    3451    9287    10293   2.58
  1990       100-104    0.52908  0.94466  1.60     539     509     962     1006   1.87
  1990       105-109    0.68627  0.97708  1.34      30      29      42       43   1.45
  1990       110+       0.79948  1.00000  1.25       1       1       1        1   1.25
  1991           0      0.00879  0.00873  0.13  100000     873   99242  7623047  76.23
  1991         1-4      0.00028  0.00112  2.25   99127     111  396315  7523805  75.90
  1991         5-9      0.00030  0.00149  2.04   99016     148  494642  7127490  71.98
  1991        10-14     0.00037  0.00183  2.75   98868     181  493933  6632848  67.09
  1991        15-19     0.00083  0.00415  2.88   98687     410  492566  6138915  62.21
  1991        20-24     0.00114  0.00568  2.67   98277     559  490085  5646349  57.45
  1991        25-29     0.00109  0.00546  2.51   97719     534  487266  5156264  52.77
  1991        30-34     0.00105  0.00522  2.43   97185     507  484622  4668999  48.04
  1991        35-39     0.00088  0.00438  2.97   96678     424  482532  4184376  43.28
  1991        40-44     0.00170  0.00848  2.75   96255     816  479438  3701844  38.46
  1991        45-49     0.00245  0.01216  2.69   95438    1160  474512  3222406  33.76
  1991        50-54     0.00421  0.02084  2.66   94278    1965  466801  2747894  29.15
  1991        55-59     0.00731  0.03592  2.66   92313    3316  453795  2281093  24.71
  1991        60-64     0.01309  0.06358  2.76   88997    5659  432303  1827297  20.53
  1991        65-69     0.02017  0.09644  2.72   83338    8037  398387  1394995  16.74
  1991        70-74     0.03544  0.16363  2.66   75301   12321  347657   996607  13.23
  1991        75-79     0.05030  0.22451  2.61   62980   14140  281088   648950  10.30
  1991        80-84     0.09020  0.36873  2.53   48841   18009  199649   367862   7.53
  1991        85-89     0.14696  0.53110  2.39   30832   16375  111423   168213   5.46
  1991        90-94     0.22728  0.69491  2.20   14457   10046   44201    56790   3.93
  1991        95-99     0.33292  0.82898  1.97    4411    3656   10983    12589   2.85
  1991       100-104    0.46043  0.91611  1.71     754     691    1501     1606   2.13
  1991       105-109    0.59759  0.96120  1.47      63      61     102      105   1.66
  1991       110+       0.70731  1.00000  1.41       2       2       3        3   1.41
  1992           0      0.00670  0.00666  0.14  100000     666   99424  7655360  76.55
  1992         1-4      0.00032  0.00126  1.28   99334     126  396994  7555935  76.07
  1992         5-9      0.00025  0.00124  2.69   99209     123  495758  7158941  72.16
  1992        10-14     0.00034  0.00169  3.36   99085     167  495152  6663184  67.25
  1992        15-19     0.00063  0.00313  3.22   98918     310  494040  6168032  62.35
  1992        20-24     0.00132  0.00660  2.61   98609     651  491488  5673991  57.54
  1992        25-29     0.00106  0.00530  2.02   97958     519  488240  5182503  52.91
  1992        30-34     0.00107  0.00535  2.47   97439     521  485875  4694263  48.18
  1992        35-39     0.00093  0.00462  2.91   96918     448  483652  4208388  43.42
  1992        40-44     0.00147  0.00732  2.72   96470     706  480739  3724736  38.61
  1992        45-49     0.00233  0.01158  2.67   95764    1109  476237  3243997  33.87
  1992        50-54     0.00462  0.02286  2.69   94655    2164  468271  2767760  29.24
  1992        55-59     0.00660  0.03252  2.73   92490    3007  455621  2299489  24.86
  1992        60-64     0.01260  0.06116  2.61   89483    5473  434346  1843868  20.61
  1992        65-69     0.02001  0.09545  2.59   84010    8019  400724  1409522  16.78
  1992        70-74     0.02850  0.13292  2.48   75991   10101  354457  1008798  13.28
  1992        75-79     0.05720  0.25164  2.61   65890   16581  289854   654341   9.93
  1992        80-84     0.09599  0.38665  2.49   49310   19065  198621   364487   7.39
  1992        85-89     0.14782  0.53226  2.37   30244   16098  108899   165867   5.48
  1992        90-94     0.22133  0.68403  2.21   14147    9677   43720    56968   4.03
  1992        95-99     0.31936  0.81495  2.00    4470    3643   11406    13248   2.96
  1992       100-104    0.43903  0.90482  1.75     827     748    1705     1842   2.23
  1992       105-109    0.56927  0.95408  1.52      79      75     132      137   1.74
  1992       110+       0.67471  1.00000  1.48       4       4       5        5   1.48
  1993           0      0.00583  0.00580  0.14  100000     580   99499  7697541  76.98
  1993         1-4      0.00029  0.00115  1.12   99420     114  397350  7598042  76.42
  1993         5-9      0.00047  0.00234  2.59   99306     233  495968  7200691  72.51
  1993        10-14     0.00025  0.00124  1.76   99073     123  494967  6704724  67.67
  1993        15-19     0.00073  0.00362  3.07   98950     359  494059  6209756  62.76
  1993        20-24     0.00085  0.00425  2.61   98592     419  491957  5715697  57.97
  1993        25-29     0.00094  0.00471  2.66   98172     462  489778  5223740  53.21
  1993        30-34     0.00127  0.00631  2.47   97710     617  486986  4733962  48.45
  1993        35-39     0.00128  0.00640  2.33   97093     621  483810  4246976  43.74
  1993        40-44     0.00184  0.00916  2.89   96472     884  480492  3763166  39.01
  1993        45-49     0.00252  0.01255  2.73   95588    1199  475216  3282675  34.34
  1993        50-54     0.00404  0.02001  2.89   94389    1889  467958  2807458  29.74
  1993        55-59     0.00749  0.03680  2.66   92500    3404  454525  2339500  25.29
  1993        60-64     0.01154  0.05627  2.79   89096    5014  434386  1884975  21.16
  1993        65-69     0.02024  0.09665  2.67   84083    8127  401483  1450590  17.25
  1993        70-74     0.03077  0.14322  2.59   75956   10879  353571  1049106  13.81
  1993        75-79     0.04744  0.21328  2.63   65077   13879  292539   695535  10.69
  1993        80-84     0.08222  0.34204  2.54   51198   17512  212993   402997   7.87
  1993        85-89     0.13709  0.50670  2.43   33686   17069  124507   190004   5.64
  1993        90-94     0.22315  0.69021  2.24   16617   11469   51397    65497   3.94
  1993        95-99     0.34699  0.84477  1.96    5148    4349   12533    14100   2.74
  1993       100-104    0.50174  0.93545  1.65     799     748    1490     1567   1.96
  1993       105-109    0.66203  0.97380  1.38      52      50      76       78   1.50
  1993       110+       0.78092  1.00000  1.28       1       1       2        2   1.28
  1994           0      0.00742  0.00737  0.13  100000     737   99361  7635556  76.36
  1994         1-4      0.00050  0.00200  2.12   99263     199  396678  7536194  75.92
  1994         5-9      0.00028  0.00141  1.80   99064     140  494872  7139516  72.07
  1994        10-14     0.00017  0.00083  3.52   98924      82  494498  6644644  67.17
  1994        15-19     0.00097  0.00485  2.80   98842     479  493153  6150146  62.22
  1994        20-24     0.00125  0.00622  2.38   98363     612  490209  5656993  57.51
  1994        25-29     0.00085  0.00426  2.69   97751     417  487792  5166784  52.86
  1994        30-34     0.00082  0.00410  1.94   97334     399  485451  4678992  48.07
  1994        35-39     0.00116  0.00581  2.69   96935     563  483376  4193541  43.26
  1994        40-44     0.00150  0.00746  2.39   96373     719  479984  3710165  38.50
  1994        45-49     0.00325  0.01613  2.68   95653    1543  474679  3230181  33.77
  1994        50-54     0.00377  0.01870  2.66   94110    1760  466430  2755502  29.28
  1994        55-59     0.00770  0.03782  2.70   92350    3493  453701  2289072  24.79
  1994        60-64     0.01271  0.06186  2.83   88857    5497  432357  1835370  20.66
  1994        65-69     0.02002  0.09573  2.71   83361    7980  398528  1403013  16.83
  1994        70-74     0.03238  0.15044  2.65   75381   11340  350253  1004485  13.33
  1994        75-79     0.05512  0.24283  2.55   64041   15551  282136   654232  10.22
  1994        80-84     0.08637  0.35601  2.53   48490   17263  199864   372096   7.67
  1994        85-89     0.14257  0.52063  2.41   31227   16258  114028   172232   5.52
  1994        90-94     0.22812  0.69782  2.22   14969   10446   45790    58204   3.89
  1994        95-99     0.34692  0.84363  1.96    4523    3816   11000    12414   2.74
  1994       100-104    0.49196  0.93092  1.66     707     658    1338     1414   2.00
  1994       105-109    0.64256  0.97037  1.40      49      47      74       76   1.55
  1994       110+       0.75704  1.00000  1.32       1       1       2        2   1.32
  1995           0      0.00560  0.00558  0.14  100000     558   99518  7734987  77.35
  1995         1-4      0.00025  0.00101  1.07   99442     101  397474  7635469  76.78
  1995         5-9      0.00020  0.00099  1.36   99342      98  496351  7237994  72.86
  1995        10-14     0.00041  0.00205  1.84   99243     204  495573  6741644  67.93
  1995        15-19     0.00055  0.00273  3.68   99040     271  494842  6246070  63.07
  1995        20-24     0.00096  0.00479  2.44   98769     473  492636  5751228  58.23
  1995        25-29     0.00091  0.00453  2.21   98296     445  490240  5258592  53.50
  1995        30-34     0.00081  0.00402  2.56   97851     393  488294  4768353  48.73
  1995        35-39     0.00094  0.00468  2.93   97458     456  486344  4280058  43.92
  1995        40-44     0.00160  0.00794  2.34   97001     770  482960  3793715  39.11
  1995        45-49     0.00269  0.01337  2.70   96231    1286  478200  3310755  34.40
  1995        50-54     0.00378  0.01871  2.66   94945    1777  470574  2832555  29.83
  1995        55-59     0.00668  0.03285  2.56   93168    3061  458359  2361981  25.35
  1995        60-64     0.01095  0.05343  2.71   90108    4814  439521  1903622  21.13
  1995        65-69     0.02098  0.10003  2.68   85293    8532  406660  1464100  17.17
  1995        70-74     0.02993  0.13966  2.60   76761   10720  358131  1057440  13.78
  1995        75-79     0.04861  0.21734  2.57   66041   14353  295278   699309  10.59
  1995        80-84     0.08299  0.34488  2.55   51688   17826  214810   404031   7.82
  1995        85-89     0.13994  0.51410  2.42   33862   17408  124402   189222   5.59
  1995        90-94     0.22489  0.69224  2.22   16454   11390   50647    64819   3.94
  1995        95-99     0.33972  0.83654  1.97    5064    4236   12469    14172   2.80
  1995       100-104    0.47739  0.92435  1.69     828     765    1603     1703   2.06
  1995       105-109    0.62070  0.96613  1.44      63      60      97      100   1.60
  1995       110+       0.73163  1.00000  1.37       2       2       3        3   1.37
  1996           0      0.00447  0.00446  0.14  100000     446   99617  7728934  77.29
  1996         1-4      0.00047  0.00189  1.65   99554     189  397774  7629318  76.63
  1996         5-9      0.00017  0.00085  2.00   99366      84  496577  7231544  72.78
  1996        10-14     0.00022  0.00111  1.75   99282     110  496052  6734966  67.84
  1996        15-19     0.00070  0.00347  3.21   99172     344  495244  6238915  62.91
  1996        20-24     0.00078  0.00387  2.36   98828     383  493125  5743671  58.12
  1996        25-29     0.00072  0.00361  2.32   98445     356  491269  5250546  53.34
  1996        30-34     0.00121  0.00601  2.17   98089     589  488777  4759277  48.52
  1996        35-39     0.00101  0.00504  3.05   97500     491  486538  4270500  43.80
  1996        40-44     0.00156  0.00775  2.72   97008     752  483326  3783961  39.01
  1996        45-49     0.00269  0.01336  2.76   96256    1286  478406  3300635  34.29
  1996        50-54     0.00439  0.02173  2.82   94971    2063  470356  2822229  29.72
  1996        55-59     0.00701  0.03456  2.86   92907    3210  457668  2351873  25.31
  1996        60-64     0.01127  0.05483  2.53   89697    4918  436318  1894205  21.12
  1996        65-69     0.01927  0.09205  2.57   84779    7804  404957  1457887  17.20
  1996        70-74     0.03272  0.15187  2.64   76975   11690  357276  1052930  13.68
  1996        75-79     0.04860  0.21861  2.70   65285   14272  293668   695655  10.66
  1996        80-84     0.08012  0.33524  2.57   51013   17101  213452   401987   7.88
  1996        85-89     0.13879  0.51181  2.44   33911   17356  125055   188535   5.56
  1996        90-94     0.23082  0.70354  2.23   16555   11647   50460    63479   3.83
  1996        95-99     0.36000  0.85584  1.94    4908    4200   11668    13019   2.65
  1996       100-104    0.51617  0.94039  1.62     708     665    1289     1351   1.91
  1996       105-109    0.67334  0.97531  1.36      42      41      61       62   1.48
  1996       110+       0.78811  1.00000  1.27       1       1       1        1   1.27
  1997           0      0.00643  0.00640  0.14  100000     640   99447  7757386  77.57
  1997         1-4      0.00067  0.00268  1.69   99360     267  396827  7657939  77.07
  1997         5-9      0.00029  0.00144  2.39   99094     142  495096  7261112  73.28
  1997        10-14     0.00037  0.00183  2.41   98951     181  494288  6766016  68.38
  1997        15-19     0.00089  0.00442  2.50   98771     437  492763  6271728  63.50
  1997        20-24     0.00078  0.00389  2.53   98334     383  490722  5778965  58.77
  1997        25-29     0.00086  0.00428  2.31   97951     419  488627  5288243  53.99
  1997        30-34     0.00058  0.00289  3.55   97532     282  487250  4799616  49.21
  1997        35-39     0.00101  0.00503  2.55   97250     489  485051  4312366  44.34
  1997        40-44     0.00104  0.00520  2.66   96761     503  482626  3827315  39.55
  1997        45-49     0.00197  0.00981  2.77   96258     944  479182  3344690  34.75
  1997        50-54     0.00382  0.01892  2.43   95314    1803  471927  2865508  30.06
  1997        55-59     0.00734  0.03605  2.62   93511    3371  459545  2393581  25.60
  1997        60-64     0.01124  0.05474  2.62   90139    4934  438973  1934035  21.46
  1997        65-69     0.01683  0.08085  2.56   85205    6889  409252  1495062  17.55
  1997        70-74     0.02997  0.14011  2.68   78317   10973  366127  1085810  13.86
  1997        75-79     0.04890  0.21881  2.60   67344   14736  301363   719683  10.69
  1997        80-84     0.07958  0.33335  2.57   52608   17537  220355   418320   7.95
  1997        85-89     0.13670  0.50607  2.44   35072   17749  129840   197965   5.64
  1997        90-94     0.22435  0.69212  2.23   17323   11990   53442    68125   3.93
  1997        95-99     0.34556  0.84273  1.96    5333    4495   13007    14683   2.75
  1997       100-104    0.49222  0.93109  1.66     839     781    1587     1676   2.00
  1997       105-109    0.64327  0.97048  1.40      58      56      87       89   1.55
  1997       110+       0.75751  1.00000  1.32       2       2       2        2   1.32
  1998           0      0.00554  0.00551  0.14  100000     551   99524  7853854  78.54
  1998         1-4      0.00060  0.00241  2.28   99449     240  397383  7754330  77.97
  1998         5-9      0.00018  0.00088  1.00   99209      87  495696  7356947  74.16
  1998        10-14     0.00028  0.00141  3.19   99122     140  495355  6861251  69.22
  1998        15-19     0.00068  0.00339  2.35   98982     335  494020  6365896  64.31
  1998        20-24     0.00074  0.00371  2.23   98647     366  492219  5871876  59.52
  1998        25-29     0.00083  0.00416  2.69   98281     409  490460  5379657  54.74
  1998        30-34     0.00103  0.00515  2.35   97872     504  488027  4889197  49.95
  1998        35-39     0.00107  0.00533  3.19   97368     519  485903  4401170  45.20
  1998        40-44     0.00121  0.00602  2.74   96849     583  482928  3915267  40.43
  1998        45-49     0.00180  0.00896  2.70   96266     862  479350  3432339  35.65
  1998        50-54     0.00438  0.02169  2.66   95404    2069  472168  2952988  30.95
  1998        55-59     0.00590  0.02913  2.92   93335    2719  461007  2480820  26.58
  1998        60-64     0.00933  0.04564  2.68   90616    4136  443472  2019813  22.29
  1998        65-69     0.01560  0.07529  2.67   86480    6511  417241  1576340  18.23
  1998        70-74     0.02674  0.12558  2.58   79969   10043  375570  1159099  14.49
  1998        75-79     0.04475  0.20222  2.62   69926   14140  316013   783529  11.21
  1998        80-84     0.07180  0.30601  2.59   55786   17071  237776   467516   8.38
  1998        85-89     0.12591  0.47731  2.47   38715   18479  146760   229739   5.93
  1998        90-94     0.21166  0.67067  2.27   20236   13571   64119    82980   4.10
  1998        95-99     0.33420  0.83323  1.99    6664    5553   16615    18860   2.83
  1998       100-104    0.48639  0.92941  1.68    1111    1033    2124     2245   2.02
  1998       105-109    0.64506  0.97107  1.40      78      76     118      121   1.54
  1998       110+       0.76459  1.00000  1.31       2       2       3        3   1.31
  1999           0      0.00746  0.00741  0.13  100000     741   99358  7807386  78.07
  1999         1-4      0.00052  0.00209  1.64   99259     207  396547  7708028  77.66
  1999         5-9      0.00035  0.00174  2.15   99052     172  494769  7311481  73.81
  1999        10-14     0.00046  0.00229  3.23   98880     226  493998  6816712  68.94
  1999        15-19     0.00077  0.00386  2.80   98653     381  492426  6322714  64.09
  1999        20-24     0.00086  0.00430  2.46   98272     423  490284  5830288  59.33
  1999        25-29     0.00079  0.00396  3.03   97849     387  488483  5340004  54.57
  1999        30-34     0.00095  0.00474  2.84   97462     462  486310  4851522  49.78
  1999        35-39     0.00133  0.00661  2.31   97000     641  483276  4365212  45.00
  1999        40-44     0.00145  0.00722  2.68   96359     695  480180  3881936  40.29
  1999        45-49     0.00279  0.01383  2.40   95663    1323  474876  3401756  35.56
  1999        50-54     0.00360  0.01787  2.72   94340    1686  467860  2926880  31.02
  1999        55-59     0.00476  0.02357  2.91   92655    2184  458704  2459020  26.54
  1999        60-64     0.00940  0.04605  2.82   90471    4166  443272  2000316  22.11
  1999        65-69     0.01727  0.08304  2.70   86304    7166  415032  1557045  18.04
  1999        70-74     0.02547  0.12054  2.79   79138    9540  374598  1142013  14.43
  1999        75-79     0.04660  0.20886  2.52   69598   14536  311962   767415  11.03
  1999        80-84     0.07619  0.32119  2.56   55062   17685  232125   455453   8.27
  1999        85-89     0.12696  0.47933  2.45   37377   17916  141118   223328   5.98
  1999        90-94     0.20510  0.65741  2.27   19461   12794   62378    82210   4.22
  1999        95-99     0.31608  0.81415  2.02    6667    5428   17173    19832   2.97
  1999       100-104    0.45605  0.91538  1.73    1239    1134    2487     2659   2.15
  1999       105-109    0.60740  0.96390  1.46     105     101     166      172   1.64
  1999       110+       0.72628  1.00000  1.38       4       4       5        5   1.38
  2000           0      0.00544  0.00541  0.14  100000     541   99533  7883524  78.84
  2000         1-4      0.00016  0.00063  1.23   99459      63  397661  7783991  78.26
  2000         5-9      0.00024  0.00119  1.24   99396     118  496536  7386330  74.31
  2000        10-14     0.00020  0.00101  2.93   99278     101  496180  6889795  69.40
  2000        15-19     0.00089  0.00446  2.97   99177     442  494988  6393615  64.47
  2000        20-24     0.00085  0.00422  2.31   98735     417  492554  5898627  59.74
  2000        25-29     0.00057  0.00285  2.75   98318     280  490961  5406073  54.99
  2000        30-34     0.00101  0.00505  2.90   98038     495  489148  4915112  50.13
  2000        35-39     0.00127  0.00635  2.61   97543     620  486234  4425963  45.37
  2000        40-44     0.00163  0.00810  2.68   96923     785  482795  3939730  40.65
  2000        45-49     0.00225  0.01118  2.70   96138    1075  478213  3456934  35.96
  2000        50-54     0.00332  0.01649  2.84   95063    1568  471938  2978722  31.33
  2000        55-59     0.00530  0.02618  2.62   93496    2448  461662  2506783  26.81
  2000        60-64     0.00877  0.04302  2.79   91048    3917  446567  2045121  22.46
  2000        65-69     0.01610  0.07765  2.73   87130    6765  420297  1598554  18.35
  2000        70-74     0.02673  0.12553  2.58   80365   10089  377435  1178257  14.66
  2000        75-79     0.04405  0.19918  2.60   70276   13998  317784   800823  11.40
  2000        80-84     0.07263  0.30846  2.56   56279   17360  239015   483039   8.58
  2000        85-89     0.11923  0.45739  2.46   38919   17801  149297   244023   6.27
  2000        90-94     0.19036  0.62842  2.30   21118   13271   69714    94727   4.49
  2000        95-99     0.29180  0.78664  2.07    7847    6173   21154    25013   3.19
  2000       100-104    0.42215  0.89703  1.79    1674    1502    3558     3859   2.30
  2000       105-109    0.56794  0.95465  1.52     172     165     290      301   1.75
  2000       110+       0.68628  1.00000  1.46       8       8      11       11   1.46
  2001           0      0.00667  0.00663  0.14  100000     663   99427  7866751  78.67
  2001         1-4      0.00012  0.00048  1.84   99337      47  397247  7767324  78.19
  2001         5-9      0.00033  0.00165  2.65   99290     164  496066  7370077  74.23
  2001        10-14     0.00018  0.00088  4.00   99126      87  495545  6874011  69.35
  2001        15-19     0.00077  0.00382  2.42   99040     379  494222  6378466  64.40
  2001        20-24     0.00043  0.00212  2.65   98661     209  492812  5884244  59.64
  2001        25-29     0.00069  0.00346  1.57   98451     341  491088  5391432  54.76
  2001        30-34     0.00141  0.00703  2.67   98111     690  488947  4900344  49.95
  2001        35-39     0.00084  0.00421  2.13   97421     410  485925  4411397  45.28
  2001        40-44     0.00156  0.00776  2.58   97011     753  483231  3925472  40.46
  2001        45-49     0.00243  0.01209  2.69   96257    1164  478600  3442241  35.76
  2001        50-54     0.00365  0.01807  2.56   95094    1718  471284  2963641  31.17
  2001        55-59     0.00633  0.03125  2.91   93376    2918  460774  2492357  26.69
  2001        60-64     0.00878  0.04297  2.52   90458    3887  442665  2031583  22.46
  2001        65-69     0.01470  0.07117  2.79   86571    6161  419221  1588918  18.35
  2001        70-74     0.02680  0.12630  2.72   80410   10156  378921  1169697  14.55
  2001        75-79     0.04141  0.18874  2.66   70254   13259  320190   790776  11.26
  2001        80-84     0.07675  0.32306  2.55   56995   18413  239898   470586   8.26
  2001        85-89     0.12682  0.47887  2.44   38582   18475  145683   230688   5.98
  2001        90-94     0.20465  0.65665  2.27   20106   13203   64513    85005   4.23
  2001        95-99     0.31663  0.81499  2.02    6903    5626   17769    20492   2.97
  2001       100-104    0.45916  0.91712  1.73    1277    1171    2551     2723   2.13
  2001       105-109    0.61347  0.96526  1.45     106     102     167      172   1.62
  2001       110+       0.73409  1.00000  1.36       4       4       5        5   1.36
  2002           0      0.00642  0.00638  0.14  100000     638   99449  7850145  78.50
  2002         1-4      0.00041  0.00162  1.38   99362     161  397025  7750696  78.00
  2002         5-9      0.00040  0.00199  2.23   99201     197  495456  7353671  74.13
  2002        10-14     0.00038  0.00190  2.42   99004     188  494533  6858214  69.27
  2002        15-19     0.00060  0.00300  3.68   98816     297  493685  6363681  64.40
  2002        20-24     0.00081  0.00405  3.09   98519     399  491831  5869996  59.58
  2002        25-29     0.00087  0.00436  2.62   98120     428  489579  5378166  54.81
  2002        30-34     0.00099  0.00494  2.78   97692     483  487386  4888586  50.04
  2002        35-39     0.00133  0.00665  2.71   97209     646  484564  4401200  45.28
  2002        40-44     0.00149  0.00742  2.65   96563     717  481129  3916636  40.56
  2002        45-49     0.00214  0.01065  2.74   95846    1021  476921  3435507  35.84
  2002        50-54     0.00340  0.01688  2.93   94825    1601  470813  2958585  31.20
  2002        55-59     0.00597  0.02947  2.76   93224    2747  459979  2487772  26.69
  2002        60-64     0.00915  0.04480  2.70   90477    4053  443074  2027793  22.41
  2002        65-69     0.01472  0.07122  2.72   86424    6155  418074  1584719  18.34
  2002        70-74     0.02615  0.12335  2.71   80269    9901  378673  1166645  14.53
  2002        75-79     0.04560  0.20596  2.65   70368   14493  317821   787972  11.20
  2002        80-84     0.06956  0.29837  2.62   55875   16671  239670   470151   8.41
  2002        85-89     0.12747  0.48212  2.47   39204   18901  148279   230480   5.88
  2002        90-94     0.21617  0.67846  2.26   20303   13774   63719    82202   4.05
  2002        95-99     0.33503  0.83271  1.98    6528    5436   16225    18482   2.83
  2002       100-104    0.47505  0.92350  1.69    1092    1009    2123     2257   2.07
  2002       105-109    0.62039  0.96620  1.44      84      81     130      134   1.60
  2002       110+       0.73378  1.00000  1.36       3       3       4        4   1.36
  2003           0      0.00699  0.00695  0.13  100000     695   99399  7895451  78.95
  2003         1-4      0.00016  0.00064  2.48   99305      64  397125  7796052  78.51
  2003         5-9      0.00043  0.00214  2.55   99242     213  495690  7398927  74.55
  2003        10-14     0.00018  0.00088  1.50   99029      87  494842  6903238  69.71
  2003        15-19     0.00038  0.00191  3.27   98942     189  494385  6408396  64.77
  2003        20-24     0.00056  0.00281  2.05   98753     278  492946  5914011  59.89
  2003        25-29     0.00104  0.00518  2.50   98475     510  491103  5421066  55.05
  2003        30-34     0.00122  0.00606  2.90   97965     594  488582  4929963  50.32
  2003        35-39     0.00105  0.00524  2.59   97371     510  485627  4441381  45.61
  2003        40-44     0.00158  0.00789  2.96   96861     764  482750  3955754  40.84
  2003        45-49     0.00222  0.01102  2.83   96097    1059  478192  3473004  36.14
  2003        50-54     0.00288  0.01431  2.75   95038    1360  472125  2994812  31.51
  2003        55-59     0.00530  0.02622  2.80   93678    2456  462993  2522687  26.93
  2003        60-64     0.00910  0.04461  2.78   91222    4070  447063  2059694  22.58
  2003        65-69     0.01428  0.06915  2.70   87152    6027  421904  1612631  18.50
  2003        70-74     0.02718  0.12776  2.66   81125   10364  381349  1190727  14.68
  2003        75-79     0.04165  0.18906  2.56   70761   13378  321171   809378  11.44
  2003        80-84     0.06961  0.29821  2.60   57383   17112  245831   488207   8.51
  2003        85-89     0.12321  0.46983  2.47   40271   18920  153566   242376   6.02
  2003        90-94     0.20777  0.66357  2.28   21350   14167   68189    88810   4.16
  2003        95-99     0.32868  0.82794  2.00    7183    5947   18094    20622   2.87
  2003       100-104    0.47989  0.92678  1.69    1236    1145    2387     2528   2.05
  2003       105-109    0.63919  0.97013  1.41      90      88     137      141   1.56
  2003       110+       0.76012  1.00000  1.32       3       3       4        4   1.32
  2004           0      0.00359  0.00358  0.14  100000     358   99693  7961033  79.61
  2004         1-4      0.00033  0.00131  2.47   99642     131  398368  7861341  78.90
  2004         5-9      0.00006  0.00031  1.50   99511      31  497446  7462973  75.00
  2004        10-14     0.00049  0.00245  2.96   99480     244  496902  6965527  70.02
  2004        15-19     0.00051  0.00253  2.98   99236     251  495671  6468625  65.18
  2004        20-24     0.00086  0.00428  2.45   98985     423  493846  5972954  60.34
  2004        25-29     0.00078  0.00388  1.88   98561     383  491612  5479108  55.59
  2004        30-34     0.00133  0.00664  2.08   98179     652  488987  4987497  50.80
  2004        35-39     0.00108  0.00537  2.49   97526     523  486317  4498509  46.13
  2004        40-44     0.00138  0.00687  2.84   97003     666  483573  4012192  41.36
  2004        45-49     0.00222  0.01107  2.76   96337    1066  479292  3528619  36.63
  2004        50-54     0.00317  0.01575  2.92   95271    1500  473237  3049327  32.01
  2004        55-59     0.00457  0.02262  2.61   93771    2121  463794  2576090  27.47
  2004        60-64     0.00808  0.03968  2.69   91650    3637  449862  2112296  23.05
  2004        65-69     0.01278  0.06225  2.91   88013    5479  428591  1662435  18.89
  2004        70-74     0.02401  0.11363  2.65   82534    9378  390617  1233844  14.95
  2004        75-79     0.04386  0.19861  2.63   73155   14529  331278   843227  11.53
  2004        80-84     0.06569  0.28393  2.61   58626   16646  253386   511948   8.73
  2004        85-89     0.11806  0.45544  2.49   41980   19120  161945   258562   6.16
  2004        90-94     0.20271  0.65468  2.30   22861   14966   73833    96617   4.23
  2004        95-99     0.32624  0.82623  2.01    7894    6523   19993    22784   2.89
  2004       100-104    0.48249  0.92830  1.69    1372    1273    2639     2791   2.03
  2004       105-109    0.64685  0.97158  1.40      98      96     148      151   1.54
  2004       110+       0.77025  1.00000  1.30       3       3       4        4   1.30
  2005           0      0.00357  0.00356  0.14  100000     356   99694  7995840  79.96
  2005         1-4      0.00025  0.00101  1.99   99644     100  398373  7896146  79.24
  2005         5-9      0.00022  0.00111  1.06   99543     110  497282  7497773  75.32
  2005        10-14     0.00020  0.00102  1.50   99433     101  496810  7000491  70.40
  2005        15-19     0.00027  0.00136  3.19   99332     135  496415  6503681  65.47
  2005        20-24     0.00104  0.00517  2.28   99197     513  494589  6007266  60.56
  2005        25-29     0.00048  0.00239  2.05   98684     236  492725  5512677  55.86
  2005        30-34     0.00080  0.00399  2.85   98448     393  491398  5019952  50.99
  2005        35-39     0.00143  0.00710  2.46   98055     696  488511  4528553  46.18
  2005        40-44     0.00150  0.00746  2.77   97359     726  485176  4040043  41.50
  2005        45-49     0.00248  0.01234  2.86   96633    1193  480617  3554867  36.79
  2005        50-54     0.00335  0.01660  2.65   95440    1584  473475  3074249  32.21
  2005        55-59     0.00490  0.02424  2.65   93856    2275  463939  2600774  27.71
  2005        60-64     0.00850  0.04168  2.74   91581    3817  449294  2136835  23.33
  2005        65-69     0.01373  0.06637  2.52   87764    5825  424351  1687540  19.23
  2005        70-74     0.02221  0.10552  2.63   81939    8646  389212  1263189  15.42
  2005        75-79     0.03804  0.17462  2.66   73292   12798  336469   873977  11.92
  2005        80-84     0.06514  0.28159  2.60   60494   17034  261523   537508   8.89
  2005        85-89     0.11342  0.44154  2.49   43460   19189  169181   275985   6.35
  2005        90-94     0.19235  0.63426  2.32   24270   15394   80030   106804   4.40
  2005        95-99     0.30982  0.80921  2.05    8877    7183   23184    26775   3.02
  2005       100-104    0.46156  0.91911  1.73    1694    1557    3372     3590   2.12
  2005       105-109    0.62498  0.96780  1.43     137     133     212      218   1.59
  2005       110+       0.75040  1.00000  1.33       4       4       6        6   1.33
  2006           0      0.00384  0.00382  0.14  100000     382   99672  7989554  79.90
  2006         1-4      0.00037  0.00149  1.97   99618     148  398169  7889882  79.20
  2006         5-9      0.00013  0.00064  1.46   99469      64  497120  7491713  75.32
  2006        10-14     0.00020  0.00102  4.07   99405     102  496933  6994593  70.36
  2006        15-19     0.00110  0.00550  3.00   99304     546  495424  6497660  65.43
  2006        20-24     0.00106  0.00527  2.26   98758     520  492363  6002236  60.78
  2006        25-29     0.00080  0.00398  1.93   98237     391  489986  5509873  56.09
  2006        30-34     0.00122  0.00608  2.37   97846     595  487669  5019886  51.30
  2006        35-39     0.00112  0.00560  2.18   97251     545  484716  4532218  46.60
  2006        40-44     0.00120  0.00600  2.65   96706     580  482166  4047501  41.85
  2006        45-49     0.00226  0.01126  2.51   96126    1082  477938  3565335  37.09
  2006        50-54     0.00334  0.01660  2.71   95044    1577  471614  3087398  32.48
  2006        55-59     0.00519  0.02567  2.75   93467    2400  461942  2615784  27.99
  2006        60-64     0.00667  0.03286  2.74   91067    2993  448560  2153842  23.65
  2006        65-69     0.01329  0.06455  2.79   88075    5685  427787  1705282  19.36
  2006        70-74     0.02020  0.09653  2.71   82390    7953  393696  1277495  15.51
  2006        75-79     0.03745  0.17191  2.62   74436   12797  341740   883798  11.87
  2006        80-84     0.06407  0.27793  2.62   61640   17131  267401   542058   8.79
  2006        85-89     0.11667  0.45170  2.50   44509   20104  172322   274657   6.17
  2006        90-94     0.20404  0.65784  2.30   24404   16054   78679   102335   4.19
  2006        95-99     0.33307  0.83344  2.00    8350    6959   20895    23655   2.83
  2006       100-104    0.49520  0.93360  1.66    1391    1298    2622     2761   1.99
  2006       105-109    0.66226  0.97402  1.38      92      90     136      139   1.50
  2006       110+       0.78475  1.00000  1.27       2       2       3        3   1.27
  2007           0      0.00421  0.00419  0.14  100000     419   99640  7954877  79.55
  2007         1-4      0.00050  0.00198  2.54   99581     197  398034  7855237  78.88
  2007         5-9      0.00047  0.00235  3.39   99383     233  496542  7457203  75.03
  2007        10-14     0.00009  0.00043  3.50   99150      43  495687  6960661  70.20
  2007        15-19     0.00074  0.00371  3.12   99107     367  494847  6464975  65.23
  2007        20-24     0.00096  0.00481  2.67   98740     475  492594  5970128  60.46
  2007        25-29     0.00114  0.00568  2.12   98265     559  489715  5477534  55.74
  2007        30-34     0.00097  0.00484  2.64   97707     472  487420  4987819  51.05
  2007        35-39     0.00141  0.00703  2.61   97234     684  484540  4500399  46.28
  2007        40-44     0.00115  0.00573  2.67   96550     553  481464  4015859  41.59
  2007        45-49     0.00219  0.01091  2.67   95998    1047  477548  3534395  36.82
  2007        50-54     0.00339  0.01682  2.74   94950    1597  471143  3056847  32.19
  2007        55-59     0.00529  0.02612  2.69   93353    2439  461142  2585704  27.70
  2007        60-64     0.00832  0.04084  2.81   90915    3713  446445  2124562  23.37
  2007        65-69     0.01314  0.06376  2.66   87202    5560  423018  1678117  19.24
  2007        70-74     0.02071  0.09870  2.64   81642    8058  389195  1255099  15.37
  2007        75-79     0.03767  0.17268  2.59   73584   12706  337337   865905  11.77
  2007        80-84     0.06668  0.28741  2.60   60877   17497  262389   528568   8.68
  2007        85-89     0.11843  0.45650  2.49   43380   19803  167216   266179   6.14
  2007        90-94     0.20425  0.65787  2.30   23577   15511   75939    98963   4.20
  2007        95-99     0.33045  0.83052  2.01    8066    6699   20273    23024   2.85
  2007       100-104    0.48825  0.93055  1.67    1367    1272    2606     2751   2.01
  2007       105-109    0.65097  0.97212  1.39      95      92     142      145   1.53
  2007       110+       0.77135  1.00000  1.30       3       3       3        3   1.30
  2008           0      0.00391  0.00390  0.14  100000     390   99665  8016993  80.17
  2008         1-4      0.00019  0.00076  0.50   99610      75  398178  7917327  79.48
  2008         5-9      0.00028  0.00139  4.04   99535     138  497543  7519149  75.54
  2008        10-14     0.00027  0.00133  2.67   99397     132  496676  7021606  70.64
  2008        15-19     0.00059  0.00293  2.96   99264     291  495728  6524930  65.73
  2008        20-24     0.00063  0.00316  3.11   98973     313  494277  6029202  60.92
  2008        25-29     0.00090  0.00451  2.57   98661     445  492223  5534925  56.10
  2008        30-34     0.00075  0.00374  2.09   98215     367  490008  5042702  51.34
  2008        35-39     0.00101  0.00504  2.36   97848     493  487939  4552694  46.53
  2008        40-44     0.00098  0.00489  2.87   97355     476  485762  4064756  41.75
  2008        45-49     0.00215  0.01071  2.47   96879    1037  481772  3578994  36.94
  2008        50-54     0.00336  0.01667  2.60   95842    1598  475380  3097221  32.32
  2008        55-59     0.00423  0.02097  2.71   94244    1976  466700  2621842  27.82
  2008        60-64     0.00807  0.03958  2.55   92268    3652  452390  2155142  23.36
  2008        65-69     0.01207  0.05873  2.73   88616    5204  431281  1702752  19.21
  2008        70-74     0.02211  0.10502  2.63   83412    8760  396288  1271471  15.24
  2008        75-79     0.03539  0.16371  2.71   74652   12221  345329   875183  11.72
  2008        80-84     0.06951  0.29793  2.60   62431   18600  267583   529854   8.49
  2008        85-89     0.12417  0.47266  2.48   43831   20717  166849   262271   5.98
  2008        90-94     0.21008  0.66779  2.27   23114   15435   73473    95422   4.13
  2008        95-99     0.33070  0.82950  2.00    7679    6369   19260    21949   2.86
  2008       100-104    0.47808  0.92553  1.69    1309    1212    2535     2688   2.05
  2008       105-109    0.63125  0.96847  1.42      98      94     150      154   1.58
  2008       110+       0.74790  1.00000  1.34       3       3       4        4   1.34
  2009           0      0.00368  0.00367  0.14  100000     367   99685  8002335  80.02
  2009         1-4      0.00046  0.00184  1.85   99633     184  398137  7902650  79.32
  2009         5-9      0.00048  0.00239  3.14   99449     238  496804  7504513  75.46
  2009        10-14     0.00012  0.00059  3.98   99211      58  495998  7007709  70.63
  2009        15-19     0.00062  0.00308  3.03   99153     305  495165  6511711  65.67
  2009        20-24     0.00078  0.00389  2.84   98848     385  493410  6016546  60.87
  2009        25-29     0.00101  0.00506  2.67   98463     498  491152  5523136  56.09
  2009        30-34     0.00099  0.00493  2.55   97965     483  488639  5031984  51.37
  2009        35-39     0.00108  0.00537  2.72   97482     524  486216  4543344  46.61
  2009        40-44     0.00163  0.00812  2.47   96958     788  482796  4057128  41.84
  2009        45-49     0.00279  0.01384  2.48   96171    1331  477500  3574332  37.17
  2009        50-54     0.00282  0.01399  2.35   94840    1326  470689  3096832  32.65
  2009        55-59     0.00486  0.02401  2.71   93513    2245  462434  2626143  28.08
  2009        60-64     0.00784  0.03848  2.61   91268    3512  447952  2163709  23.71
  2009        65-69     0.01249  0.06070  2.73   87757    5327  426666  1715757  19.55
  2009        70-74     0.02063  0.09849  2.72   82430    8119  393625  1289091  15.64
  2009        75-79     0.03581  0.16517  2.65   74311   12274  342703   895466  12.05
  2009        80-84     0.06129  0.26763  2.63   62037   16603  270896   552764   8.91
  2009        85-89     0.11435  0.44531  2.52   45434   20232  176931   281868   6.20
  2009        90-94     0.20489  0.66026  2.31   25202   16640   81213   104937   4.16
  2009        95-99     0.34122  0.84198  1.99    8562    7209   21127    23724   2.77
  2009       100-104    0.51323  0.94071  1.63    1353    1273    2480     2596   1.92
  2009       105-109    0.68710  0.97764  1.34      80      78     114      116   1.45
  2009       110+       0.81013  1.00000  1.23       2       2       2        2   1.23
  2010           0      0.00414  0.00412  0.14  100000     412   99646  8021511  80.22
  2010         1-4      0.00043  0.00170  1.13   99588     169  397865  7921865  79.55
  2010         5-9      0.00029  0.00145  3.15   99418     144  496825  7524000  75.68
  2010        10-14     0.00048  0.00240  3.10   99274     239  495919  7027175  70.79
  2010        15-19     0.00077  0.00383  2.98   99036     379  494412  6531256  65.95
  2010        20-24     0.00062  0.00310  2.92   98657     306  492648  6036843  61.19
  2010        25-29     0.00059  0.00296  2.47   98351     291  491017  5544195  56.37
  2010        30-34     0.00091  0.00455  2.58   98060     446  489219  5053178  51.53
  2010        35-39     0.00121  0.00602  2.51   97614     587  486607  4563959  46.76
  2010        40-44     0.00120  0.00601  2.95   97026     583  483936  4077352  42.02
  2010        45-49     0.00232  0.01155  2.60   96443    1114  479542  3593417  37.26
  2010        50-54     0.00328  0.01625  2.52   95329    1549  472806  3113875  32.66
  2010        55-59     0.00474  0.02342  2.56   93781    2196  463555  2641069  28.16
  2010        60-64     0.00702  0.03454  2.71   91585    3163  450678  2177514  23.78
  2010        65-69     0.01247  0.06061  2.68   88422    5359  429651  1726836  19.53
  2010        70-74     0.01955  0.09351  2.67   83062    7767  397230  1297185  15.62
  2010        75-79     0.03569  0.16457  2.63   75295   12391  347163   899955  11.95
  2010        80-84     0.06416  0.27828  2.62   62903   17505  272827   552792   8.79
  2010        85-89     0.11677  0.45199  2.50   45399   20520  175723   279965   6.17
  2010        90-94     0.20418  0.65812  2.30   24879   16373   80191   104242   4.19
  2010        95-99     0.33370  0.83415  2.00    8506    7095   21261    24051   2.83
  2010       100-104    0.49711  0.93444  1.66    1411    1318    2652     2790   1.98
  2010       105-109    0.66558  0.97456  1.37      92      90     135      138   1.50
  2010       110+       0.78869  1.00000  1.27       2       2       3        3   1.27
  2011           0      0.00483  0.00481  0.14  100000     481   99586  8070951  80.71
  2011         1-4      0.00023  0.00093  2.00   99519      93  397891  7971365  80.10
  2011         5-9      0.00003  0.00016  0.50   99426      15  497063  7573474  76.17
  2011        10-14     0.00025  0.00123  2.46   99411     123  496743  7076412  71.18
  2011        15-19     0.00060  0.00298  2.41   99288     295  495677  6579669  66.27
  2011        20-24     0.00071  0.00356  2.56   98993     352  494107  6083991  61.46
  2011        25-29     0.00082  0.00409  2.36   98641     404  492137  5589885  56.67
  2011        30-34     0.00094  0.00466  2.08   98237     458  489846  5097748  51.89
  2011        35-39     0.00086  0.00429  2.81   97779     420  487976  4607902  47.13
  2011        40-44     0.00144  0.00715  2.60   97359     696  485121  4119927  42.32
  2011        45-49     0.00193  0.00961  2.86   96663     929  481330  3634805  37.60
  2011        50-54     0.00236  0.01176  2.64   95734    1125  476010  3153475  32.94
  2011        55-59     0.00474  0.02342  2.56   94608    2215  467633  2677465  28.30
  2011        60-64     0.00739  0.03628  2.59   92393    3352  453891  2209832  23.92
  2011        65-69     0.01224  0.05947  2.64   89040    5295  432687  1755941  19.72
  2011        70-74     0.01945  0.09303  2.65   83745    7791  400454  1323254  15.80
  2011        75-79     0.03330  0.15416  2.60   75954   11709  351659   922800  12.15
  2011        80-84     0.06264  0.27273  2.63   64245   17522  279705   571140   8.89
  2011        85-89     0.11536  0.44790  2.50   46723   20927  181402   291435   6.24
  2011        90-94     0.20042  0.65043  2.30   25796   16779   83718   110033   4.27
  2011        95-99     0.32238  0.82204  2.02    9018    7413   22993    26315   2.92
  2011       100-104    0.47381  0.92418  1.70    1605    1483    3130     3322   2.07
  2011       105-109    0.63253  0.96893  1.42     122     118     186      191   1.57
  2011       110+       0.75329  1.00000  1.33       4       4       5        5   1.33
  2012           0      0.00357  0.00356  0.14  100000     356   99695  8069675  80.70
  2012         1-4      0.00028  0.00112  1.35   99644     111  398281  7969980  79.98
  2012         5-9      0.00006  0.00032  2.50   99533      32  497584  7571700  76.07
  2012        10-14     0.00034  0.00169  3.30   99501     168  497219  7074115  71.10
  2012        15-19     0.00045  0.00223  2.22   99333     222  496050  6576896  66.21
  2012        20-24     0.00034  0.00171  2.61   99112     170  495152  6080847  61.35
  2012        25-29     0.00043  0.00215  3.13   98942     213  494311  5585695  56.45
  2012        30-34     0.00072  0.00361  2.52   98729     357  492758  5091384  51.57
  2012        35-39     0.00117  0.00581  2.65   98372     572  490517  4598625  46.75
  2012        40-44     0.00163  0.00812  2.74   97800     794  487208  4108108  42.01
  2012        45-49     0.00219  0.01088  2.79   97006    1056  482692  3620900  37.33
  2012        50-54     0.00310  0.01536  2.49   95950    1474  476051  3138208  32.71
  2012        55-59     0.00458  0.02267  2.57   94476    2141  467183  2662157  28.18
  2012        60-64     0.00702  0.03451  2.68   92335    3187  454273  2194974  23.77
  2012        65-69     0.01226  0.05958  2.62   89148    5312  433078  1740701  19.53
  2012        70-74     0.01924  0.09219  2.73   83836    7729  401638  1307623  15.60
  2012        75-79     0.03482  0.16014  2.50   76107   12188  350075   905985  11.90
  2012        80-84     0.06445  0.27965  2.64   63919   17875  277336   555910   8.70
  2012        85-89     0.12064  0.46336  2.50   46044   21335  176847   278575   6.05
  2012        90-94     0.21020  0.66871  2.28   24709   16523   78609   101727   4.12
  2012        95-99     0.33516  0.83410  1.99    8186    6828   20372    23118   2.82
  2012       100-104    0.48589  0.92892  1.68    1358    1262    2596     2746   2.02
  2012       105-109    0.64102  0.97026  1.41      97      94     146      150   1.55
  2012       110+       0.75856  1.00000  1.32       3       3       4        4   1.32
  2013           0      0.00365  0.00364  0.14  100000     364   99687  8054670  80.55
  2013         1-4      0.00032  0.00129  1.25   99636     129  398188  7954983  79.84
  2013         5-9      0.00040  0.00200  1.50   99507     199  496840  7556795  75.94
  2013        10-14     0.00019  0.00094  3.31   99308      93  496383  7059955  71.09
  2013        15-19     0.00045  0.00227  2.55   99215     225  495523  6563572  66.16
  2013        20-24     0.00057  0.00284  3.30   98990     281  494471  6068048  61.30
  2013        25-29     0.00079  0.00396  2.54   98709     391  492583  5573578  56.46
  2013        30-34     0.00093  0.00462  3.03   98318     454  490698  5080995  51.68
  2013        35-39     0.00100  0.00499  2.35   97864     488  488028  4590297  46.90
  2013        40-44     0.00190  0.00945  2.28   97376     920  484377  4102269  42.13
  2013        45-49     0.00198  0.00984  2.42   96456     949  479830  3617892  37.51
  2013        50-54     0.00348  0.01723  2.44   95507    1646  473312  3138062  32.86
  2013        55-59     0.00526  0.02599  2.69   93861    2439  463658  2664750  28.39
  2013        60-64     0.00725  0.03564  2.58   91422    3259  449209  2201092  24.08
  2013        65-69     0.01113  0.05423  2.61   88163    4781  429402  1751884  19.87
  2013        70-74     0.01910  0.09136  2.62   83382    7618  398753  1322481  15.86
  2013        75-79     0.03435  0.15933  2.73   75765   12072  351402   923729  12.19
  2013        80-84     0.06069  0.26543  2.64   63693   16906  278564   572327   8.99
  2013        85-89     0.11332  0.44210  2.52   46787   20685  182534   293763   6.28
  2013        90-94     0.19984  0.64986  2.31   26102   16963   84881   111229   4.26
  2013        95-99     0.32646  0.82689  2.02    9140    7557   23150    26347   2.88
  2013       100-104    0.48578  0.92981  1.68    1582    1471    3028     3198   2.02
  2013       105-109    0.65195  0.97244  1.39     111     108     166      170   1.53
  2013       110+       0.77558  1.00000  1.29       3       3       4        4   1.29
  2014           0      0.00528  0.00526  0.14  100000     526   99547  8059418  80.59
  2014         1-4      0.00028  0.00114  1.90   99474     113  397660  7959871  80.02
  2014         5-9      0.00043  0.00216  3.22   99361     215  496425  7562211  76.11
  2014        10-14     0.00025  0.00126  3.85   99147     125  495590  7065786  71.27
  2014        15-19     0.00049  0.00245  2.56   99022     243  494517  6570196  66.35
  2014        20-24     0.00049  0.00247  1.97   98779     244  493155  6075679  61.51
  2014        25-29     0.00059  0.00296  2.39   98535     291  491915  5582524  56.66
  2014        30-34     0.00115  0.00571  2.48   98244     561  489805  5090610  51.82
  2014        35-39     0.00121  0.00602  3.22   97682     588  487362  4600804  47.10
  2014        40-44     0.00118  0.00586  2.83   97094     569  484237  4113442  42.37
  2014        45-49     0.00220  0.01096  2.80   96525    1058  480292  3629205  37.60
  2014        50-54     0.00345  0.01709  2.68   95467    1632  473553  3148912  32.98
  2014        55-59     0.00540  0.02666  2.78   93836    2502  463632  2675360  28.51
  2014        60-64     0.00698  0.03434  2.66   91334    3136  449322  2211728  24.22
  2014        65-69     0.01182  0.05744  2.54   88198    5066  428545  1762406  19.98
  2014        70-74     0.01792  0.08599  2.67   83132    7149  398984  1333861  16.05
  2014        75-79     0.03337  0.15460  2.63   75983   11747  352062   934877  12.30
  2014        80-84     0.06070  0.26539  2.63   64236   17048  280847   582815   9.07
  2014        85-89     0.11147  0.43630  2.51   47188   20588  184693   301968   6.40
  2014        90-94     0.19242  0.63442  2.32   26600   16876   87703   117275   4.41
  2014        95-99     0.30753  0.80594  2.05    9724    7837   25485    29572   3.04
  2014       100-104    0.45134  0.91346  1.74    1887    1724    3819     4087   2.17
  2014       105-109    0.60620  0.96382  1.46     163     157     260      268   1.64
  2014       110+       0.72788  1.00000  1.37       6       6       8        8   1.37
  2015           0      0.00356  0.00355  0.14  100000     355   99695  8075774  80.76
  2015         1-4      0.00029  0.00115  2.18   99645     114  398371  7976079  80.05
  2015         5-9      0.00012  0.00061  1.75   99531      61  497454  7577708  76.13
  2015        10-14     0.00026  0.00130  3.61   99469     130  497167  7080254  71.18
  2015        15-19     0.00069  0.00343  2.64   99340     340  495896  6583087  66.27
  2015        20-24     0.00088  0.00439  2.87   98999     435  494073  6087191  61.49
  2015        25-29     0.00049  0.00247  3.30   98565     244  492411  5593117  56.75
  2015        30-34     0.00090  0.00448  2.51   98321     440  490510  5100707  51.88
  2015        35-39     0.00126  0.00628  2.56   97881     614  487906  4610196  47.10
  2015        40-44     0.00111  0.00555  2.95   97266     540  485226  4122290  42.38
  2015        45-49     0.00188  0.00937  2.65   96726     906  481497  3637064  37.60
  2015        50-54     0.00329  0.01633  2.84   95820    1565  475726  3155567  32.93
  2015        55-59     0.00501  0.02476  2.71   94255    2334  465921  2679841  28.43
  2015        60-64     0.00722  0.03548  2.48   91921    3261  451384  2213920  24.08
  2015        65-69     0.01139  0.05550  2.71   88660    4921  432054  1762536  19.88
  2015        70-74     0.01918  0.09181  2.68   83740    7688  400893  1330482  15.89
  2015        75-79     0.03266  0.15205  2.73   76052   11564  354006   929590  12.22
  2015        80-84     0.06145  0.26831  2.64   64488   17303  281571   575584   8.93
  2015        85-89     0.11463  0.44595  2.51   47185   21042  183573   294013   6.23
  2015        90-94     0.20205  0.65413  2.31   26143   17101   84636   110440   4.22
  2015        95-99     0.33025  0.83072  2.01    9042    7512   22745    25804   2.85
  2015       100-104    0.49171  0.93229  1.67    1531    1427    2902     3059   2.00
  2015       105-109    0.65938  0.97363  1.38     104     101     153      157   1.51
  2015       110+       0.78301  1.00000  1.28       3       3       3        3   1.28
  2016           0      0.00450  0.00448  0.14  100000     448   99614  8081811  80.82
  2016         1-4      0.00033  0.00133  1.87   99552     133  397924  7982196  80.18
  2016         5-9      0.00021  0.00106  3.78   99419     105  496966  7584273  76.29
  2016        10-14     0.00016  0.00081  1.91   99314      81  496318  7087306  71.36
  2016        15-19     0.00047  0.00234  2.98   99233     232  495694  6590989  66.42
  2016        20-24     0.00066  0.00329  2.07   99000     326  494047  6095295  61.57
  2016        25-29     0.00046  0.00228  2.38   98674     225  492784  5601248  56.77
  2016        30-34     0.00080  0.00397  2.76   98450     391  491375  5108464  51.89
  2016        35-39     0.00133  0.00663  2.87   98059     650  488908  4617089  47.08
  2016        40-44     0.00147  0.00732  2.33   97409     713  485143  4128181  42.38
  2016        45-49     0.00242  0.01202  2.86   96696    1162  480994  3643038  37.68
  2016        50-54     0.00343  0.01701  2.81   95534    1625  474109  3162044  33.10
  2016        55-59     0.00480  0.02376  2.73   93909    2231  464472  2687935  28.62
  2016        60-64     0.00803  0.03942  2.71   91678    3614  450102  2223462  24.25
  2016        65-69     0.01142  0.05557  2.57   88064    4894  428438  1773360  20.14
  2016        70-74     0.01953  0.09364  2.82   83170    7788  398839  1344922  16.17
  2016        75-79     0.03078  0.14342  2.62   75382   10811  351196   946083  12.55
  2016        80-84     0.05916  0.25947  2.63   64571   16754  283187   594887   9.21
  2016        85-89     0.10797  0.42576  2.52   47817   20358  188545   311700   6.52
  2016        90-94     0.18737  0.62451  2.33   27458   17148   91522   123155   4.49
  2016        95-99     0.30377  0.80251  2.06   10310    8274   27238    31633   3.07
  2016       100-104    0.45275  0.91474  1.74    2036    1863    4114     4395   2.16
  2016       105-109    0.61376  0.96558  1.45     174     168     273      281   1.62
  2016       110+       0.73866  1.00000  1.35       6       6       8        8   1.35
