TAS, Deaths (period 1x5), 	Last modified: 23 May 2023;  Methods Protocol: v6 (2017)

  Year          Age             Female            Male           Total
1971-1974        0               217.00          299.00          516.00
1971-1974        1                20.00           11.00           31.00
1971-1974        2                11.00           24.00           35.00
1971-1974        3                 7.00           16.00           23.00
1971-1974        4                12.00           12.00           24.00
1971-1974        5                16.00            5.00           21.00
1971-1974        6                12.00            6.00           18.00
1971-1974        7                 8.00            8.00           16.00
1971-1974        8                 9.00           11.00           20.00
1971-1974        9                 8.00           11.00           19.00
1971-1974       10                 9.00            2.00           11.00
1971-1974       11                 1.00           11.00           12.00
1971-1974       12                 6.00           13.00           19.00
1971-1974       13                 5.00            6.00           11.00
1971-1974       14                12.00           12.00           24.00
1971-1974       15                13.00           16.00           29.00
1971-1974       16                12.00           26.00           38.00
1971-1974       17                13.00           39.00           52.00
1971-1974       18                 7.00           49.00           56.00
1971-1974       19                 7.00           38.00           45.00
1971-1974       20                10.00           37.00           47.00
1971-1974       21                 6.00           42.00           48.00
1971-1974       22                 8.00           30.00           38.00
1971-1974       23                11.00           18.00           29.00
1971-1974       24                 9.00           12.00           21.00
1971-1974       25                10.00           23.00           33.00
1971-1974       26                 5.00           23.00           28.00
1971-1974       27                13.00           14.00           27.00
1971-1974       28                 9.00           13.00           22.00
1971-1974       29                10.00           18.00           28.00
1971-1974       30                 5.00           13.00           18.00
1971-1974       31                 6.00           16.00           22.00
1971-1974       32                 8.00           16.00           24.00
1971-1974       33                10.00           15.00           25.00
1971-1974       34                 9.00            5.00           14.00
1971-1974       35                12.00           18.00           30.00
1971-1974       36                12.00           16.00           28.00
1971-1974       37                10.00           23.00           33.00
1971-1974       38                15.00           18.00           33.00
1971-1974       39                15.00           27.00           42.00
1971-1974       40                 9.00           22.00           31.00
1971-1974       41                11.00           37.00           48.00
1971-1974       42                 6.00           41.00           47.00
1971-1974       43                22.00           26.00           48.00
1971-1974       44                29.00           33.00           62.00
1971-1974       45                24.00           49.00           73.00
1971-1974       46                23.00           56.00           79.00
1971-1974       47                27.00           39.00           66.00
1971-1974       48                32.00           54.00           86.00
1971-1974       49                44.00           72.00          116.00
1971-1974       50                40.00           58.00           98.00
1971-1974       51                40.00           79.00          119.00
1971-1974       52                34.00           91.00          125.00
1971-1974       53                46.00           89.00          135.00
1971-1974       54                47.00          101.00          148.00
1971-1974       55                57.00          116.00          173.00
1971-1974       56                53.00           97.00          150.00
1971-1974       57                61.00          116.00          177.00
1971-1974       58                66.00          135.00          201.00
1971-1974       59                70.00          155.00          225.00
1971-1974       60                80.00          157.00          237.00
1971-1974       61                78.00          155.00          233.00
1971-1974       62                87.00          164.00          251.00
1971-1974       63                86.00          171.00          257.00
1971-1974       64                85.00          166.00          251.00
1971-1974       65               104.00          197.00          301.00
1971-1974       66                80.00          176.00          256.00
1971-1974       67                98.00          175.00          273.00
1971-1974       68               116.00          198.00          314.00
1971-1974       69               101.00          188.00          289.00
1971-1974       70               136.00          194.00          330.00
1971-1974       71               146.00          194.00          340.00
1971-1974       72               148.00          213.00          361.00
1971-1974       73               155.00          205.00          360.00
1971-1974       74               161.00          194.00          355.00
1971-1974       75               154.00          169.00          323.00
1971-1974       76               168.00          181.00          349.00
1971-1974       77               177.00          168.00          345.00
1971-1974       78               202.00          165.00          367.00
1971-1974       79               189.00          174.00          363.00
1971-1974       80               205.00          150.00          355.00
1971-1974       81               174.00          145.00          319.00
1971-1974       82               215.00          163.00          378.00
1971-1974       83               178.00          145.00          323.00
1971-1974       84               190.00          120.00          310.00
1971-1974       85               176.00          135.00          311.00
1971-1974       86               186.00          101.00          287.00
1971-1974       87               169.00           93.00          262.00
1971-1974       88               115.00           77.00          192.00
1971-1974       89               104.00           54.00          158.00
1971-1974       90                90.00           69.00          159.00
1971-1974       91                69.00           43.00          112.00
1971-1974       92                56.00           21.00           77.00
1971-1974       93                44.00           24.00           68.00
1971-1974       94                41.00           12.00           53.00
1971-1974       95                21.00           11.00           32.00
1971-1974       96                22.00           10.00           32.00
1971-1974       97                18.00            8.00           26.00
1971-1974       98                11.00           10.00           21.00
1971-1974       99                 7.00            0.00            7.00
1971-1974      100                 8.29            3.30           11.59
1971-1974      101                 4.74            1.70            6.44
1971-1974      102                 2.92            0.00            2.92
1971-1974      103                 1.21            0.00            1.21
1971-1974      104                 0.82            0.00            0.82
1971-1974      105                 0.00            0.00            0.00
1971-1974      106                 0.00            0.00            0.00
1971-1974      107                 0.00            0.00            0.00
1971-1974      108                 0.00            0.00            0.00
1971-1974      109                 0.00            0.00            0.00
1971-1974      110+                0.00            0.00            0.00
1975-1979        0               222.10          291.06          513.16
1975-1979        1                16.00           22.01           38.01
1975-1979        2                11.00           11.01           22.01
1975-1979        3                14.01           17.00           31.01
1975-1979        4                11.00           12.00           23.00
1975-1979        5                 9.01           17.00           26.01
1975-1979        6                 9.00           14.01           23.01
1975-1979        7                 8.00            9.00           17.00
1975-1979        8                 7.00           11.00           18.00
1975-1979        9                 3.00           10.01           13.01
1975-1979       10                 2.00           10.00           12.00
1975-1979       11                 6.00           12.00           18.00
1975-1979       12                11.00           11.00           22.00
1975-1979       13                13.00           10.00           23.00
1975-1979       14                19.01           14.01           33.02
1975-1979       15                12.00           15.01           27.01
1975-1979       16                10.01           35.01           45.02
1975-1979       17                15.00           60.01           75.01
1975-1979       18                 7.00           50.00           57.00
1975-1979       19                 9.01           37.01           46.02
1975-1979       20                10.00           52.01           62.01
1975-1979       21                14.01           30.00           44.01
1975-1979       22                10.01           38.01           48.02
1975-1979       23                 9.01           28.01           37.02
1975-1979       24                 3.00           35.00           38.00
1975-1979       25                10.01           25.01           35.02
1975-1979       26                15.01           20.00           35.01
1975-1979       27                 9.01           24.00           33.01
1975-1979       28                17.02           22.00           39.02
1975-1979       29                13.01           21.01           34.02
1975-1979       30                 6.00           17.01           23.01
1975-1979       31                14.00           28.01           42.01
1975-1979       32                10.01           26.01           36.02
1975-1979       33                16.00           26.01           42.01
1975-1979       34                11.01           16.00           27.01
1975-1979       35                 7.01           22.01           29.02
1975-1979       36                17.01           19.00           36.01
1975-1979       37                15.01           26.01           41.02
1975-1979       38                12.00           31.01           43.01
1975-1979       39                12.00           24.01           36.01
1975-1979       40                20.02           20.01           40.03
1975-1979       41                14.01           27.00           41.01
1975-1979       42                14.01           23.00           37.01
1975-1979       43                25.01           41.01           66.02
1975-1979       44                15.00           51.01           66.01
1975-1979       45                39.01           55.01           94.02
1975-1979       46                41.01           54.01           95.02
1975-1979       47                26.01           81.01          107.02
1975-1979       48                33.01           66.01           99.02
1975-1979       49                36.01           74.02          110.03
1975-1979       50                61.03           74.01          135.04
1975-1979       51                40.01          103.02          143.03
1975-1979       52                54.02          103.02          157.04
1975-1979       53                62.02           92.02          154.04
1975-1979       54                82.04          124.04          206.08
1975-1979       55                82.04          132.02          214.06
1975-1979       56                78.03          118.02          196.05
1975-1979       57                82.05          136.03          218.08
1975-1979       58                86.04          146.03          232.07
1975-1979       59                85.02          176.04          261.06
1975-1979       60                76.04          161.04          237.08
1975-1979       61                97.03          170.03          267.06
1975-1979       62                94.03          177.05          271.08
1975-1979       63               117.04          205.04          322.08
1975-1979       64               100.04          231.06          331.10
1975-1979       65               110.03          239.05          349.08
1975-1979       66               102.04          245.06          347.10
1975-1979       67               133.06          260.05          393.11
1975-1979       68               131.07          254.07          385.14
1975-1979       69               182.09          256.06          438.15
1975-1979       70               162.05          312.07          474.12
1975-1979       71               161.07          240.04          401.11
1975-1979       72               164.07          258.06          422.13
1975-1979       73               184.08          251.06          435.14
1975-1979       74               204.07          269.06          473.13
1975-1979       75               204.09          268.06          472.15
1975-1979       76               201.09          262.07          463.16
1975-1979       77               208.11          237.04          445.15
1975-1979       78               218.09          221.06          439.15
1975-1979       79               196.10          205.05          401.15
1975-1979       80               202.07          195.03          397.10
1975-1979       81               254.10          169.04          423.14
1975-1979       82               254.10          163.04          417.14
1975-1979       83               231.11          172.03          403.14
1975-1979       84               218.09          135.03          353.12
1975-1979       85               232.08          134.03          366.11
1975-1979       86               232.08          129.02          361.10
1975-1979       87               190.06          106.02          296.08
1975-1979       88               182.07          112.03          294.10
1975-1979       89               129.06           89.02          218.08
1975-1979       90               149.05           66.02          215.07
1975-1979       91               110.06           69.01          179.07
1975-1979       92                82.04           39.01          121.05
1975-1979       93                62.02           30.00           92.02
1975-1979       94                63.03           23.00           86.03
1975-1979       95                41.01           14.00           55.01
1975-1979       96                31.02           10.00           41.02
1975-1979       97                23.01            5.00           28.01
1975-1979       98                10.00            4.00           14.00
1975-1979       99                13.01           11.00           24.01
1975-1979      100                 8.32            6.36           14.68
1975-1979      101                 4.28            1.41            5.69
1975-1979      102                 2.09            0.22            2.31
1975-1979      103                 0.30            0.00            0.30
1975-1979      104                 0.00            0.00            0.00
1975-1979      105                 0.00            0.00            0.00
1975-1979      106                 0.00            0.00            0.00
1975-1979      107                 0.00            0.00            0.00
1975-1979      108                 0.00            0.00            0.00
1975-1979      109                 0.00            0.00            0.00
1975-1979      110+                0.00            0.00            0.00
1980-1984        0               158.09          241.05          399.14
1980-1984        1                25.01           15.00           40.01
1980-1984        2                 5.00           11.01           16.01
1980-1984        3                13.01           10.00           23.01
1980-1984        4                 5.00           11.00           16.00
1980-1984        5                 3.00           13.01           16.01
1980-1984        6                 2.00            6.00            8.00
1980-1984        7                 3.00            6.00            9.00
1980-1984        8                 4.00            7.00           11.00
1980-1984        9                 7.01            4.00           11.01
1980-1984       10                 2.00            8.01           10.01
1980-1984       11                 6.01            5.00           11.01
1980-1984       12                11.00           12.00           23.00
1980-1984       13                 8.01            5.00           13.01
1980-1984       14                11.00           14.00           25.00
1980-1984       15                10.00           16.01           26.01
1980-1984       16                13.00           16.01           29.01
1980-1984       17                11.00           17.00           28.00
1980-1984       18                10.00           31.01           41.01
1980-1984       19                 9.00           48.01           57.01
1980-1984       20                10.01           39.01           49.02
1980-1984       21                12.00           29.01           41.01
1980-1984       22                11.00           33.01           44.01
1980-1984       23                15.00           24.01           39.01
1980-1984       24                14.01           30.01           44.02
1980-1984       25                11.01           14.00           25.01
1980-1984       26                12.01           31.01           43.02
1980-1984       27                10.01           22.00           32.01
1980-1984       28                12.01           15.00           27.01
1980-1984       29                 7.01           22.01           29.02
1980-1984       30                14.00           24.00           38.00
1980-1984       31                13.01           18.00           31.01
1980-1984       32                 9.01           20.01           29.02
1980-1984       33                15.01           30.00           45.01
1980-1984       34                14.01           14.01           28.02
1980-1984       35                19.01           15.00           34.01
1980-1984       36                12.00           24.00           36.00
1980-1984       37                21.01           27.00           48.01
1980-1984       38                15.00           26.01           41.01
1980-1984       39                12.02           33.01           45.03
1980-1984       40                15.02           30.01           45.03
1980-1984       41                17.01           27.01           44.02
1980-1984       42                22.01           45.01           67.02
1980-1984       43                19.01           39.01           58.02
1980-1984       44                10.00           44.00           54.00
1980-1984       45                22.01           48.01           70.02
1980-1984       46                25.02           48.02           73.04
1980-1984       47                35.00           38.01           73.01
1980-1984       48                41.03           44.01           85.04
1980-1984       49                33.00           57.01           90.01
1980-1984       50                34.02           76.01          110.03
1980-1984       51                40.02           78.02          118.04
1980-1984       52                30.00           76.01          106.01
1980-1984       53                55.03          118.04          173.07
1980-1984       54                61.04          114.03          175.07
1980-1984       55                69.04          109.01          178.05
1980-1984       56                68.03          133.04          201.07
1980-1984       57                65.04          145.03          210.07
1980-1984       58                69.03          157.03          226.06
1980-1984       59                90.04          162.03          252.07
1980-1984       60               104.04          184.03          288.07
1980-1984       61                93.03          175.03          268.06
1980-1984       62               101.07          192.04          293.11
1980-1984       63               106.04          198.05          304.09
1980-1984       64               126.11          196.04          322.15
1980-1984       65               116.08          231.05          347.13
1980-1984       66               137.07          224.05          361.12
1980-1984       67               155.09          265.07          420.16
1980-1984       68               166.10          297.06          463.16
1980-1984       69               178.09          294.05          472.14
1980-1984       70               150.07          279.05          429.12
1980-1984       71               156.07          303.07          459.14
1980-1984       72               165.08          325.08          490.16
1980-1984       73               193.10          322.07          515.17
1980-1984       74               192.09          307.06          499.15
1980-1984       75               213.11          274.05          487.16
1980-1984       76               214.10          289.05          503.15
1980-1984       77               215.11          288.06          503.17
1980-1984       78               226.14          262.06          488.20
1980-1984       79               236.13          240.05          476.18
1980-1984       80               246.13          244.04          490.17
1980-1984       81               248.11          221.06          469.17
1980-1984       82               231.13          199.04          430.17
1980-1984       83               261.18          166.03          427.21
1980-1984       84               232.14          156.02          388.16
1980-1984       85               223.10          129.02          352.12
1980-1984       86               221.11          126.03          347.14
1980-1984       87               225.10          107.02          332.12
1980-1984       88               219.13          100.02          319.15
1980-1984       89               166.07           78.02          244.09
1980-1984       90               138.08           85.02          223.10
1980-1984       91               147.10           62.01          209.11
1980-1984       92               112.07           47.00          159.07
1980-1984       93                91.04           35.01          126.05
1980-1984       94                59.04           20.00           79.04
1980-1984       95                48.04           23.00           71.04
1980-1984       96                39.02           15.01           54.03
1980-1984       97                36.02           17.00           53.02
1980-1984       98                23.02            6.01           29.03
1980-1984       99                 9.00           15.01           24.01
1980-1984      100                12.22            4.98           17.20
1980-1984      101                 7.71            1.28            8.99
1980-1984      102                 4.40            0.74            5.14
1980-1984      103                 1.66            0.00            1.66
1980-1984      104                 0.00            0.00            0.00
1980-1984      105                 0.00            0.00            0.00
1980-1984      106                 0.00            0.00            0.00
1980-1984      107                 0.00            0.00            0.00
1980-1984      108                 0.00            0.00            0.00
1980-1984      109                 0.00            0.00            0.00
1980-1984      110+                0.00            0.00            0.00
1985-1989        0               152.00          225.00          377.00
1985-1989        1                13.00           23.00           36.00
1985-1989        2                 6.00            9.00           15.00
1985-1989        3                 5.00            7.00           12.00
1985-1989        4                 6.00            2.00            8.00
1985-1989        5                 8.00            9.00           17.00
1985-1989        6                 3.00           10.00           13.00
1985-1989        7                 8.00            4.00           12.00
1985-1989        8                 4.00            5.00            9.00
1985-1989        9                 1.00            9.00           10.00
1985-1989       10                 0.00           11.00           11.00
1985-1989       11                 6.00           11.00           17.00
1985-1989       12                 7.00           10.00           17.00
1985-1989       13                 6.00           10.00           16.00
1985-1989       14                 3.00            9.00           12.00
1985-1989       15                 1.00           13.00           14.00
1985-1989       16                 8.00           18.00           26.00
1985-1989       17                 4.00           25.00           29.00
1985-1989       18                14.00           37.00           51.00
1985-1989       19                10.00           38.00           48.00
1985-1989       20                16.00           21.00           37.00
1985-1989       21                13.00           24.00           37.00
1985-1989       22                13.00           28.00           41.00
1985-1989       23                10.00           28.00           38.00
1985-1989       24                 9.00           19.00           28.00
1985-1989       25                14.00           31.00           45.00
1985-1989       26                 8.00           19.00           27.00
1985-1989       27                 6.00           22.00           28.00
1985-1989       28                12.00           28.00           40.00
1985-1989       29                13.00           35.00           48.00
1985-1989       30                13.00           26.00           39.00
1985-1989       31                 9.00           20.00           29.00
1985-1989       32                19.00           18.00           37.00
1985-1989       33                20.00           18.00           38.00
1985-1989       34                10.00           20.00           30.00
1985-1989       35                15.00           25.00           40.00
1985-1989       36                 8.00           25.00           33.00
1985-1989       37                16.00           37.00           53.00
1985-1989       38                22.00           25.00           47.00
1985-1989       39                26.00           15.00           41.00
1985-1989       40                26.00           21.00           47.00
1985-1989       41                21.00           18.00           39.00
1985-1989       42                24.00           39.00           63.00
1985-1989       43                26.00           40.00           66.00
1985-1989       44                28.00           41.00           69.00
1985-1989       45                19.00           29.00           48.00
1985-1989       46                22.00           41.00           63.00
1985-1989       47                33.00           45.00           78.00
1985-1989       48                22.00           47.00           69.00
1985-1989       49                27.00           51.00           78.00
1985-1989       50                36.00           68.00          104.00
1985-1989       51                33.00           58.00           91.00
1985-1989       52                49.00           68.00          117.00
1985-1989       53                49.00           78.00          127.00
1985-1989       54                51.00           90.00          141.00
1985-1989       55                53.00           91.00          144.00
1985-1989       56                63.00          109.00          172.00
1985-1989       57                56.00          128.00          184.00
1985-1989       58                71.00          128.00          199.00
1985-1989       59                57.00          160.00          217.00
1985-1989       60                75.00          128.00          203.00
1985-1989       61                69.00          159.00          228.00
1985-1989       62                92.00          192.00          284.00
1985-1989       63               103.00          189.00          292.00
1985-1989       64               115.00          217.00          332.00
1985-1989       65               138.00          198.00          336.00
1985-1989       66               168.00          209.00          377.00
1985-1989       67               146.00          242.00          388.00
1985-1989       68               140.00          233.00          373.00
1985-1989       69               160.00          244.00          404.00
1985-1989       70               157.00          249.00          406.00
1985-1989       71               176.00          303.00          479.00
1985-1989       72               242.00          357.00          599.00
1985-1989       73               244.00          279.00          523.00
1985-1989       74               230.00          351.00          581.00
1985-1989       75               239.00          322.00          561.00
1985-1989       76               244.00          282.00          526.00
1985-1989       77               249.00          315.00          564.00
1985-1989       78               280.00          271.00          551.00
1985-1989       79               270.00          297.00          567.00
1985-1989       80               305.00          284.00          589.00
1985-1989       81               263.00          262.00          525.00
1985-1989       82               273.00          213.00          486.00
1985-1989       83               284.00          213.00          497.00
1985-1989       84               264.00          203.00          467.00
1985-1989       85               291.00          182.00          473.00
1985-1989       86               294.00          152.00          446.00
1985-1989       87               252.00          178.00          430.00
1985-1989       88               222.00          117.00          339.00
1985-1989       89               199.00           81.00          280.00
1985-1989       90               184.00           81.00          265.00
1985-1989       91               174.00           61.00          235.00
1985-1989       92               130.00           54.00          184.00
1985-1989       93               135.00           49.00          184.00
1985-1989       94                94.00           23.00          117.00
1985-1989       95                84.00           21.00          105.00
1985-1989       96                63.00           16.00           79.00
1985-1989       97                42.00           20.00           62.00
1985-1989       98                35.00           13.00           48.00
1985-1989       99                31.00            8.00           39.00
1985-1989      100                15.75            7.79           23.54
1985-1989      101                10.30            4.92           15.22
1985-1989      102                 6.42            2.30            8.72
1985-1989      103                 4.06            0.00            4.06
1985-1989      104                 1.44            0.00            1.44
1985-1989      105                 0.75            0.00            0.75
1985-1989      106                 0.28            0.00            0.28
1985-1989      107                 0.00            0.00            0.00
1985-1989      108                 0.00            0.00            0.00
1985-1989      109                 0.00            0.00            0.00
1985-1989      110+                0.00            0.00            0.00
1990-1994        0               111.02          151.00          262.02
1990-1994        1                11.01            7.00           18.01
1990-1994        2                11.00           11.00           22.00
1990-1994        3                 8.00            4.00           12.00
1990-1994        4                 5.00            5.00           10.00
1990-1994        5                10.01            6.00           16.01
1990-1994        6                 8.00           10.00           18.00
1990-1994        7                 3.00            5.00            8.00
1990-1994        8                 2.00            7.00            9.00
1990-1994        9                 1.00           10.00           11.00
1990-1994       10                 5.00            3.00            8.00
1990-1994       11                 4.00            1.00            5.00
1990-1994       12                 7.00            7.00           14.00
1990-1994       13                 0.00            4.00            4.00
1990-1994       14                 7.01           13.00           20.01
1990-1994       15                10.00            9.00           19.00
1990-1994       16                 5.00           13.00           18.00
1990-1994       17                 6.00           21.00           27.00
1990-1994       18                10.01           25.00           35.01
1990-1994       19                19.00           23.00           42.00
1990-1994       20                14.01           29.00           43.01
1990-1994       21                 5.00           36.00           41.00
1990-1994       22                 3.01           28.00           31.01
1990-1994       23                 8.00           31.00           39.00
1990-1994       24                12.01           24.00           36.01
1990-1994       25                 6.00           19.00           25.00
1990-1994       26                10.00           34.00           44.00
1990-1994       27                12.01           18.00           30.01
1990-1994       28                 8.00           21.00           29.00
1990-1994       29                15.00           23.00           38.00
1990-1994       30                17.00           35.00           52.00
1990-1994       31                15.00           27.00           42.00
1990-1994       32                10.01           32.00           42.01
1990-1994       33                 6.01           22.00           28.01
1990-1994       34                 7.00           34.00           41.00
1990-1994       35                 7.00           23.00           30.00
1990-1994       36                 7.00           28.00           35.00
1990-1994       37                15.00           36.00           51.00
1990-1994       38                13.01           31.00           44.01
1990-1994       39                14.00           19.00           33.00
1990-1994       40                22.00           31.00           53.00
1990-1994       41                23.01           16.00           39.01
1990-1994       42                19.01           31.00           50.01
1990-1994       43                27.00           48.00           75.00
1990-1994       44                25.01           31.00           56.01
1990-1994       45                26.00           40.00           66.00
1990-1994       46                24.01           50.00           74.01
1990-1994       47                29.01           45.00           74.01
1990-1994       48                31.01           52.00           83.01
1990-1994       49                37.00           51.00           88.00
1990-1994       50                31.01           48.00           79.01
1990-1994       51                34.01           61.00           95.01
1990-1994       52                42.01           76.00          118.01
1990-1994       53                38.02           70.00          108.02
1990-1994       54                35.01           69.00          104.01
1990-1994       55                60.01           90.00          150.01
1990-1994       56                48.02           83.00          131.02
1990-1994       57                47.01           74.00          121.01
1990-1994       58                54.01          110.00          164.01
1990-1994       59                75.01          115.00          190.01
1990-1994       60                52.02          130.00          182.02
1990-1994       61                85.02          153.00          238.02
1990-1994       62                95.02          153.00          248.02
1990-1994       63               105.02          175.00          280.02
1990-1994       64               114.02          202.00          316.02
1990-1994       65               104.03          206.00          310.03
1990-1994       66               143.04          225.00          368.04
1990-1994       67               115.03          243.00          358.03
1990-1994       68               157.03          272.00          429.03
1990-1994       69               169.03          267.00          436.03
1990-1994       70               196.05          284.00          480.05
1990-1994       71               156.03          304.00          460.03
1990-1994       72               215.05          273.00          488.05
1990-1994       73               217.04          288.00          505.04
1990-1994       74               218.04          309.00          527.04
1990-1994       75               243.06          333.00          576.06
1990-1994       76               234.06          311.00          545.06
1990-1994       77               250.06          355.00          605.06
1990-1994       78               286.07          338.00          624.07
1990-1994       79               314.08          336.00          650.08
1990-1994       80               314.09          321.00          635.09
1990-1994       81               337.09          335.00          672.09
1990-1994       82               307.08          285.00          592.08
1990-1994       83               305.07          285.00          590.07
1990-1994       84               295.08          263.00          558.08
1990-1994       85               290.07          273.00          563.07
1990-1994       86               261.06          203.00          464.06
1990-1994       87               274.07          183.00          457.07
1990-1994       88               255.05          136.00          391.05
1990-1994       89               233.04          129.00          362.04
1990-1994       90               190.04          102.00          292.04
1990-1994       91               185.04           98.00          283.04
1990-1994       92               165.03           68.00          233.03
1990-1994       93               132.03           47.00          179.03
1990-1994       94               107.02           37.00          144.02
1990-1994       95                87.02           36.00          123.02
1990-1994       96                82.02           22.00          104.02
1990-1994       97                54.02            8.00           62.02
1990-1994       98                35.01           16.00           51.01
1990-1994       99                35.01            8.00           43.01
1990-1994      100                18.56            5.66           24.22
1990-1994      101                12.85            2.92           15.77
1990-1994      102                 8.35            1.41            9.76
1990-1994      103                 5.53            0.00            5.53
1990-1994      104                 3.21            0.00            3.21
1990-1994      105                 0.93            0.00            0.93
1990-1994      106                 0.62            0.00            0.62
1990-1994      107                 0.00            0.00            0.00
1990-1994      108                 0.00            0.00            0.00
1990-1994      109                 0.00            0.00            0.00
1990-1994      110+                0.00            0.00            0.00
1995-1999        0                63.00          123.05          186.05
1995-1999        1                 8.00            9.01           17.01
1995-1999        2                 9.00           17.01           26.01
1995-1999        3                 8.00            5.00           13.00
1995-1999        4                 1.00           10.01           11.01
1995-1999        5                 9.00            7.01           16.01
1995-1999        6                 4.00            4.00            8.00
1995-1999        7                 6.00            0.00            6.00
1995-1999        8                 4.00            3.00            7.00
1995-1999        9                 2.00            2.00            4.00
1995-1999       10                 6.00            6.00           12.00
1995-1999       11                 6.00           10.01           16.01
1995-1999       12                 7.00            3.00           10.00
1995-1999       13                 3.00            3.00            6.00
1995-1999       14                 5.00           13.01           18.01
1995-1999       15                12.00           12.00           24.00
1995-1999       16                 2.00           11.01           13.01
1995-1999       17                 5.00           14.01           19.01
1995-1999       18                 5.00           27.00           32.00
1995-1999       19                11.00           21.01           32.01
1995-1999       20                12.00           13.01           25.01
1995-1999       21                15.00           22.00           37.00
1995-1999       22                 6.00           10.00           16.00
1995-1999       23                 2.00           22.00           24.00
1995-1999       24                12.00           14.01           26.01
1995-1999       25                 8.00           21.02           29.02
1995-1999       26                 9.00           13.00           22.00
1995-1999       27                12.00           21.01           33.01
1995-1999       28                 4.00           15.00           19.00
1995-1999       29                 6.00           25.01           31.01
1995-1999       30                11.00           15.00           26.00
1995-1999       31                10.00           16.00           26.00
1995-1999       32                 6.00           29.01           35.01
1995-1999       33                14.00           18.01           32.01
1995-1999       34                 7.00           27.02           34.02
1995-1999       35                13.00           18.01           31.01
1995-1999       36                 9.00           23.01           32.01
1995-1999       37                11.00           22.00           33.00
1995-1999       38                24.00           30.02           54.02
1995-1999       39                23.00           26.02           49.02
1995-1999       40                14.00           31.01           45.01
1995-1999       41                20.00           27.01           47.01
1995-1999       42                18.00           23.02           41.02
1995-1999       43                31.00           29.01           60.01
1995-1999       44                23.00           27.01           50.01
1995-1999       45                24.00           38.02           62.02
1995-1999       46                25.00           44.02           69.02
1995-1999       47                51.00           44.01           95.01
1995-1999       48                37.00           54.01           91.01
1995-1999       49                34.00           45.02           79.02
1995-1999       50                51.00           51.01          102.01
1995-1999       51                38.00           73.02          111.02
1995-1999       52                46.00           72.04          118.04
1995-1999       53                49.00           73.03          122.03
1995-1999       54                47.00           68.03          115.03
1995-1999       55                42.00           80.03          122.03
1995-1999       56                57.00           77.03          134.03
1995-1999       57                50.00           75.03          125.03
1995-1999       58                63.00           95.04          158.04
1995-1999       59                73.00          115.04          188.04
1995-1999       60                79.00          103.04          182.04
1995-1999       61                69.00          123.05          192.05
1995-1999       62                77.00          118.04          195.04
1995-1999       63                83.00          143.06          226.06
1995-1999       64                96.00          141.05          237.05
1995-1999       65                98.00          206.06          304.06
1995-1999       66               112.00          174.07          286.07
1995-1999       67                95.00          221.11          316.11
1995-1999       68               157.00          222.07          379.07
1995-1999       69               149.00          234.09          383.09
1995-1999       70               158.00          232.08          390.08
1995-1999       71               158.00          298.10          456.10
1995-1999       72               201.00          284.08          485.08
1995-1999       73               226.00          309.12          535.12
1995-1999       74               215.00          321.14          536.14
1995-1999       75               250.00          342.16          592.16
1995-1999       76               248.00          327.14          575.14
1995-1999       77               264.00          319.14          583.14
1995-1999       78               279.00          311.14          590.14
1995-1999       79               304.00          319.13          623.13
1995-1999       80               286.00          296.12          582.12
1995-1999       81               331.00          366.14          697.14
1995-1999       82               316.00          323.14          639.14
1995-1999       83               349.00          292.13          641.13
1995-1999       84               339.00          286.12          625.12
1995-1999       85               367.00          293.11          660.11
1995-1999       86               343.00          233.11          576.11
1995-1999       87               332.00          216.09          548.09
1995-1999       88               302.00          184.07          486.07
1995-1999       89               266.00          170.08          436.08
1995-1999       90               252.00          133.05          385.05
1995-1999       91               224.00          120.05          344.05
1995-1999       92               211.00           85.04          296.04
1995-1999       93               153.00           64.02          217.02
1995-1999       94               127.00           38.01          165.01
1995-1999       95                95.00           46.02          141.02
1995-1999       96                80.00           20.00          100.00
1995-1999       97                53.00           19.01           72.01
1995-1999       98                48.00           11.00           59.00
1995-1999       99                20.00           15.01           35.01
1995-1999      100                23.69            6.20           29.89
1995-1999      101                15.82            3.08           18.90
1995-1999      102                 9.88            1.73           11.61
1995-1999      103                 5.67            0.00            5.67
1995-1999      104                 2.96            0.00            2.96
1995-1999      105                 1.23            0.00            1.23
1995-1999      106                 0.78            0.00            0.78
1995-1999      107                 0.00            0.00            0.00
1995-1999      108                 0.00            0.00            0.00
1995-1999      109                 0.00            0.00            0.00
1995-1999      110+                0.00            0.00            0.00
2000-2004        0                74.07           97.04          171.11
2000-2004        1                 4.01            3.00            7.01
2000-2004        2                 6.00            5.00           11.00
2000-2004        3                 0.00            4.00            4.00
2000-2004        4                 1.00            6.00            7.00
2000-2004        5                 6.01            6.00           12.01
2000-2004        6                 0.00            6.01            6.01
2000-2004        7                 8.01           10.00           18.01
2000-2004        8                 6.00            0.00            6.00
2000-2004        9                 0.00            6.01            6.01
2000-2004       10                 1.00            3.00            4.00
2000-2004       11                 5.00            7.00           12.00
2000-2004       12                 6.00            4.00           10.00
2000-2004       13                 4.01            9.00           13.01
2000-2004       14                 5.00            5.00           10.00
2000-2004       15                 3.00            7.00           10.00
2000-2004       16                 5.00           10.01           15.01
2000-2004       17                 9.01           11.01           20.02
2000-2004       18                11.00           25.01           36.01
2000-2004       19                 7.01           18.01           25.02
2000-2004       20                 8.00           15.00           23.00
2000-2004       21                 7.00           12.00           19.00
2000-2004       22                 2.00           15.01           17.01
2000-2004       23                 6.01           20.01           26.02
2000-2004       24                 4.01           13.00           17.01
2000-2004       25                 5.01           16.01           21.02
2000-2004       26                 8.01           19.01           27.02
2000-2004       27                 8.00           15.00           23.00
2000-2004       28                11.00           16.01           27.01
2000-2004       29                 3.00            8.01           11.01
2000-2004       30                14.01           12.00           26.01
2000-2004       31                12.00           29.00           41.00
2000-2004       32                14.02           28.01           42.03
2000-2004       33                 9.01           26.01           35.02
2000-2004       34                14.02           31.01           45.03
2000-2004       35                 9.01           26.02           35.03
2000-2004       36                13.00           21.01           34.01
2000-2004       37                19.02           16.00           35.02
2000-2004       38                20.02           24.01           44.03
2000-2004       39                16.00           22.01           38.01
2000-2004       40                15.02           22.01           37.03
2000-2004       41                16.02           37.01           53.03
2000-2004       42                23.00           45.03           68.03
2000-2004       43                18.03           34.01           52.04
2000-2004       44                23.03           48.01           71.04
2000-2004       45                23.02           32.01           55.03
2000-2004       46                30.03           48.02           78.05
2000-2004       47                47.04           41.02           88.06
2000-2004       48                21.00           44.01           65.01
2000-2004       49                43.02           62.04          105.06
2000-2004       50                36.03           49.03           85.06
2000-2004       51                37.03           49.02           86.05
2000-2004       52                53.05           56.02          109.07
2000-2004       53                52.04           57.02          109.06
2000-2004       54                55.03           96.04          151.07
2000-2004       55                46.03           87.03          133.06
2000-2004       56                45.03           92.05          137.08
2000-2004       57                56.04           97.03          153.07
2000-2004       58                72.07          104.03          176.10
2000-2004       59                72.07          106.07          178.14
2000-2004       60                64.06          110.05          174.11
2000-2004       61                66.05          118.04          184.09
2000-2004       62                82.07          114.05          196.12
2000-2004       63                84.07          145.06          229.13
2000-2004       64                79.05          146.06          225.11
2000-2004       65                92.07          133.05          225.12
2000-2004       66                80.05          138.07          218.12
2000-2004       67               107.08          181.07          288.15
2000-2004       68               120.09          186.07          306.16
2000-2004       69               127.08          208.09          335.17
2000-2004       70               133.09          238.07          371.16
2000-2004       71               148.12          230.10          378.22
2000-2004       72               176.15          282.11          458.26
2000-2004       73               176.14          318.15          494.29
2000-2004       74               197.15          306.11          503.26
2000-2004       75               214.15          307.12          521.27
2000-2004       76               258.19          332.11          590.30
2000-2004       77               271.21          359.15          630.36
2000-2004       78               290.22          354.12          644.34
2000-2004       79               332.23          323.13          655.36
2000-2004       80               297.21          333.13          630.34
2000-2004       81               323.26          345.14          668.40
2000-2004       82               347.23          306.14          653.37
2000-2004       83               347.26          332.15          679.41
2000-2004       84               358.25          286.11          644.36
2000-2004       85               377.27          309.13          686.40
2000-2004       86               340.27          267.11          607.38
2000-2004       87               421.33          250.10          671.43
2000-2004       88               372.27          247.10          619.37
2000-2004       89               375.25          187.08          562.33
2000-2004       90               302.26          189.07          491.33
2000-2004       91               277.19          149.06          426.25
2000-2004       92               249.18          100.03          349.21
2000-2004       93               183.14           83.02          266.16
2000-2004       94               173.10           63.02          236.12
2000-2004       95               145.11           57.00          202.11
2000-2004       96               123.09           40.02          163.11
2000-2004       97                71.06           16.00           87.06
2000-2004       98                57.03           17.01           74.04
2000-2004       99                36.03           10.01           46.04
2000-2004      100                34.31            9.56           43.87
2000-2004      101                22.33            5.24           27.57
2000-2004      102                14.45            2.88           17.33
2000-2004      103                 9.08            0.33            9.41
2000-2004      104                 5.36            0.00            5.36
2000-2004      105                 2.23            0.00            2.23
2000-2004      106                 0.29            0.00            0.29
2000-2004      107                 0.00            0.00            0.00
2000-2004      108                 0.00            0.00            0.00
2000-2004      109                 0.00            0.00            0.00
2000-2004      110+                0.00            0.00            0.00
2005-2009        0                49.03           76.06          125.09
2005-2009        1                 4.00           12.00           16.00
2005-2009        2                 4.00            2.00            6.00
2005-2009        3                 7.01            3.00           10.01
2005-2009        4                 3.00            9.01           12.01
2005-2009        5                 8.02            3.00           11.02
2005-2009        6                 4.02            0.00            4.02
2005-2009        7                 0.00            5.01            5.01
2005-2009        8                 2.00            8.01           10.01
2005-2009        9                12.00            8.00           20.00
2005-2009       10                 2.01            3.00            5.01
2005-2009       11                 0.00            3.01            3.01
2005-2009       12                 1.00            4.00            5.00
2005-2009       13                 1.00            5.00            6.00
2005-2009       14                11.00            0.00           11.00
2005-2009       15                 0.00           12.01           12.01
2005-2009       16                 4.00           14.01           18.01
2005-2009       17                 8.01           10.00           18.01
2005-2009       18                14.01           14.01           28.02
2005-2009       19                15.00           21.02           36.02
2005-2009       20                14.02           11.01           25.03
2005-2009       21                 4.00           26.04           30.04
2005-2009       22                13.00           20.02           33.02
2005-2009       23                 5.01           13.00           18.01
2005-2009       24                11.01           23.02           34.03
2005-2009       25                13.00           18.01           31.01
2005-2009       26                 4.00           13.00           17.00
2005-2009       27                14.00           26.02           40.02
2005-2009       28                 4.00           14.01           18.01
2005-2009       29                 7.00           10.02           17.02
2005-2009       30                 7.01           13.00           20.01
2005-2009       31                18.02           22.02           40.04
2005-2009       32                 8.00           13.01           21.01
2005-2009       33                12.01           12.01           24.02
2005-2009       34                11.01           22.03           33.04
2005-2009       35                10.02           27.03           37.05
2005-2009       36                15.01           30.02           45.03
2005-2009       37                15.03           31.02           46.05
2005-2009       38                12.02           21.00           33.02
2005-2009       39                15.01           27.02           42.03
2005-2009       40                12.01           18.02           30.03
2005-2009       41                17.01           28.02           45.03
2005-2009       42                20.03           27.04           47.07
2005-2009       43                23.02           27.02           50.04
2005-2009       44                14.02           37.04           51.06
2005-2009       45                32.01           40.03           72.04
2005-2009       46                28.02           58.03           86.05
2005-2009       47                28.03           60.06           88.09
2005-2009       48                46.06           69.06          115.12
2005-2009       49                33.04           47.05           80.09
2005-2009       50                40.02           54.04           94.06
2005-2009       51                51.06           67.05          118.11
2005-2009       52                41.03           78.07          119.10
2005-2009       53                57.08           62.04          119.12
2005-2009       54                41.04           81.05          122.09
2005-2009       55                57.05           91.07          148.12
2005-2009       56                63.07           77.07          140.14
2005-2009       57                58.06           79.06          137.12
2005-2009       58                73.05          108.10          181.15
2005-2009       59                82.05          126.10          208.15
2005-2009       60                85.08          128.09          213.17
2005-2009       61                86.06          124.11          210.17
2005-2009       62                94.08          121.11          215.19
2005-2009       63                85.13          154.13          239.26
2005-2009       64               105.07          148.11          253.18
2005-2009       65               112.12          142.13          254.25
2005-2009       66               108.09          157.13          265.22
2005-2009       67               102.08          173.15          275.23
2005-2009       68               127.10          206.15          333.25
2005-2009       69               106.07          200.16          306.23
2005-2009       70               143.11          186.15          329.26
2005-2009       71               151.17          198.16          349.33
2005-2009       72               127.10          233.20          360.30
2005-2009       73               158.14          245.18          403.32
2005-2009       74               153.16          256.21          409.37
2005-2009       75               185.17          276.23          461.40
2005-2009       76               198.21          280.23          478.44
2005-2009       77               242.24          316.26          558.50
2005-2009       78               260.23          316.24          576.47
2005-2009       79               276.27          320.27          596.54
2005-2009       80               306.25          349.26          655.51
2005-2009       81               314.26          334.26          648.52
2005-2009       82               381.38          395.35          776.73
2005-2009       83               363.35          376.30          739.65
2005-2009       84               429.37          352.26          781.63
2005-2009       85               419.39          341.30          760.69
2005-2009       86               438.27          282.17          720.44
2005-2009       87               446.39          261.19          707.58
2005-2009       88               404.37          238.17          642.54
2005-2009       89               358.33          234.20          592.53
2005-2009       90               376.35          193.13          569.48
2005-2009       91               377.33          183.14          560.47
2005-2009       92               331.28          135.09          466.37
2005-2009       93               277.22          114.09          391.31
2005-2009       94               243.18          104.08          347.26
2005-2009       95               179.13           67.06          246.19
2005-2009       96               179.13           47.04          226.17
2005-2009       97               115.10           32.03          147.13
2005-2009       98                92.09           25.01          117.10
2005-2009       99                73.04           13.00           86.04
2005-2009      100                41.63           11.11           52.74
2005-2009      101                26.63            6.27           32.90
2005-2009      102                16.29            3.97           20.26
2005-2009      103                 9.63            0.66           10.29
2005-2009      104                 5.51            0.00            5.51
2005-2009      105                 2.13            0.00            2.13
2005-2009      106                 0.28            0.00            0.28
2005-2009      107                 0.00            0.00            0.00
2005-2009      108                 0.00            0.00            0.00
2005-2009      109                 0.00            0.00            0.00
2005-2009      110+                0.00            0.00            0.00
2010-2014        0                52.02           79.02          131.04
2010-2014        1                 3.00           11.02           14.02
2010-2014        2                 9.01            6.01           15.02
2010-2014        3                 2.00            5.00            7.00
2010-2014        4                 1.00            2.00            3.00
2010-2014        5                 3.01            3.00            6.01
2010-2014        6                 0.00            6.00            6.00
2010-2014        7                 6.00            8.00           14.00
2010-2014        8                 4.00            3.00            7.00
2010-2014        9                 3.00            3.00            6.00
2010-2014       10                 3.00            6.00            9.00
2010-2014       11                 2.00            0.00            2.00
2010-2014       12                 0.00            2.00            2.00
2010-2014       13                 7.00           10.01           17.01
2010-2014       14                 7.01           12.00           19.01
2010-2014       15                 8.00            6.00           14.00
2010-2014       16                13.00            8.00           21.00
2010-2014       17                 8.00            6.00           14.00
2010-2014       18                 6.01           23.00           29.01
2010-2014       19                 6.00            8.00           14.00
2010-2014       20                 6.00            7.00           13.00
2010-2014       21                 7.00           14.00           21.00
2010-2014       22                 6.00            7.00           13.00
2010-2014       23                 7.01           13.00           20.01
2010-2014       24                 7.01           14.01           21.02
2010-2014       25                 6.00           12.00           18.00
2010-2014       26                10.01           14.00           24.01
2010-2014       27                 6.01           10.00           16.01
2010-2014       28                 9.00            9.00           18.00
2010-2014       29                 6.00           16.00           22.00
2010-2014       30                10.00           14.00           24.00
2010-2014       31                18.00           12.00           30.00
2010-2014       32                11.01           15.01           26.02
2010-2014       33                10.00           19.00           29.00
2010-2014       34                10.00           16.00           26.00
2010-2014       35                 6.01           17.00           23.01
2010-2014       36                11.00           15.00           26.00
2010-2014       37                12.01           28.00           40.01
2010-2014       38                 9.00           27.01           36.01
2010-2014       39                12.00           28.01           40.01
2010-2014       40                21.01           22.00           43.01
2010-2014       41                25.02           27.01           52.03
2010-2014       42                15.00           27.02           42.02
2010-2014       43                13.00           42.01           55.01
2010-2014       44                19.01           42.02           61.03
2010-2014       45                26.01           33.02           59.03
2010-2014       46                23.02           43.02           66.04
2010-2014       47                27.01           43.01           70.02
2010-2014       48                32.00           50.02           82.02
2010-2014       49                36.01           58.02           94.03
2010-2014       50                44.02           66.02          110.04
2010-2014       51                62.02           54.03          116.05
2010-2014       52                47.02           74.02          121.04
2010-2014       53                52.01           63.04          115.05
2010-2014       54                49.01           77.02          126.03
2010-2014       55                75.03           89.03          164.06
2010-2014       56                66.02           88.04          154.06
2010-2014       57                59.02          111.04          170.06
2010-2014       58                68.03          122.04          190.07
2010-2014       59                81.04          117.04          198.08
2010-2014       60                71.02          125.04          196.06
2010-2014       61                86.03          135.05          221.08
2010-2014       62               108.05          151.05          259.10
2010-2014       63                86.03          157.05          243.08
2010-2014       64                99.03          166.05          265.08
2010-2014       65               134.05          194.07          328.12
2010-2014       66               131.06          207.09          338.15
2010-2014       67               140.04          191.06          331.10
2010-2014       68               139.05          205.09          344.14
2010-2014       69               145.05          196.08          341.13
2010-2014       70               155.06          234.07          389.13
2010-2014       71               148.05          192.07          340.12
2010-2014       72               162.05          241.08          403.13
2010-2014       73               161.06          238.10          399.16
2010-2014       74               182.07          264.09          446.16
2010-2014       75               199.07          295.12          494.19
2010-2014       76               226.09          282.11          508.20
2010-2014       77               233.08          282.11          515.19
2010-2014       78               243.09          302.09          545.18
2010-2014       79               243.09          325.11          568.20
2010-2014       80               329.10          339.11          668.21
2010-2014       81               319.11          367.14          686.25
2010-2014       82               354.12          344.11          698.23
2010-2014       83               365.13          399.15          764.28
2010-2014       84               426.17          378.13          804.30
2010-2014       85               393.15          423.17          816.32
2010-2014       86               436.16          371.14          807.30
2010-2014       87               424.15          383.15          807.30
2010-2014       88               491.19          330.11          821.30
2010-2014       89               468.16          290.10          758.26
2010-2014       90               452.17          272.11          724.28
2010-2014       91               388.13          240.10          628.23
2010-2014       92               358.14          187.08          545.22
2010-2014       93               327.11          140.05          467.16
2010-2014       94               278.10          113.04          391.14
2010-2014       95               234.07          114.05          348.12
2010-2014       96               189.09           52.02          241.11
2010-2014       97               141.05           59.02          200.07
2010-2014       98               107.05           22.01          129.06
2010-2014       99                60.02           22.00           82.02
2010-2014      100                52.81           16.32           69.13
2010-2014      101                34.82           10.04           44.86
2010-2014      102                21.65            5.87           27.52
2010-2014      103                12.97            2.39           15.36
2010-2014      104                 7.48            0.41            7.89
2010-2014      105                 3.61            0.00            3.61
2010-2014      106                 0.70            0.00            0.70
2010-2014      107                 0.00            0.00            0.00
2010-2014      108                 0.00            0.00            0.00
2010-2014      109                 0.00            0.00            0.00
2010-2014      110+                0.00            0.00            0.00
2015-2019        0                48.00           59.00          107.00
2015-2019        1                 3.00            0.00            3.00
2015-2019        2                 4.00            8.00           12.00
2015-2019        3                 7.00            9.00           16.00
2015-2019        4                 0.00            4.00            4.00
2015-2019        5                 0.00            0.00            0.00
2015-2019        6                 3.00            7.00           10.00
2015-2019        7                 0.00            2.00            2.00
2015-2019        8                 4.00            3.00            7.00
2015-2019        9                 3.00            2.00            5.00
2015-2019       10                 1.00            0.00            1.00
2015-2019       11                 3.01            3.00            6.01
2015-2019       12                 2.01            5.00            7.01
2015-2019       13                 8.00            1.00            9.00
2015-2019       14                11.00            0.00           11.00
2015-2019       15                 7.00            7.00           14.00
2015-2019       16                 6.00            6.00           12.00
2015-2019       17                 6.00           10.00           16.00
2015-2019       18                 3.00           16.00           19.00
2015-2019       19                 6.00           12.00           18.00
2015-2019       20                12.00           15.00           27.00
2015-2019       21                 3.00           17.00           20.00
2015-2019       22                14.01           14.00           28.01
2015-2019       23                 1.00           17.00           18.00
2015-2019       24                 5.00           19.00           24.00
2015-2019       25                 7.00           13.00           20.00
2015-2019       26                 1.00           10.00           11.00
2015-2019       27                 8.00           14.00           22.00
2015-2019       28                 6.00            5.00           11.00
2015-2019       29                 7.00           14.00           21.00
2015-2019       30                 7.00           16.00           23.00
2015-2019       31                10.01           12.00           22.01
2015-2019       32                14.00           15.00           29.00
2015-2019       33                 9.00           15.00           24.00
2015-2019       34                12.00           15.00           27.00
2015-2019       35                12.00           24.00           36.00
2015-2019       36                15.00           13.00           28.00
2015-2019       37                 8.00           17.00           25.00
2015-2019       38                12.01           12.00           24.01
2015-2019       39                22.01           27.00           49.01
2015-2019       40                14.00           21.00           35.00
2015-2019       41                 9.00           23.00           32.00
2015-2019       42                18.00           30.00           48.00
2015-2019       43                10.00           28.00           38.00
2015-2019       44                22.00           37.00           59.00
2015-2019       45                20.01           31.00           51.01
2015-2019       46                19.00           50.00           69.00
2015-2019       47                38.00           42.00           80.00
2015-2019       48                26.00           55.00           81.00
2015-2019       49                43.01           46.00           89.01
2015-2019       50                33.00           48.00           81.00
2015-2019       51                48.00           56.00          104.00
2015-2019       52                46.00           74.00          120.00
2015-2019       53                63.00           73.00          136.00
2015-2019       54                52.01          101.00          153.01
2015-2019       55                62.01           95.00          157.01
2015-2019       56                76.01           99.00          175.01
2015-2019       57                63.01          100.00          163.01
2015-2019       58                81.00          129.00          210.00
2015-2019       59                81.01          119.00          200.01
2015-2019       60                97.01          145.00          242.01
2015-2019       61               105.01          134.00          239.01
2015-2019       62                95.01          140.00          235.01
2015-2019       63               118.01          164.00          282.01
2015-2019       64               102.01          178.00          280.01
2015-2019       65               118.01          193.00          311.01
2015-2019       66               129.01          210.00          339.01
2015-2019       67               143.02          186.00          329.02
2015-2019       68               162.02          234.00          396.02
2015-2019       69               164.02          239.00          403.02
2015-2019       70               173.01          263.00          436.01
2015-2019       71               153.01          266.00          419.01
2015-2019       72               170.02          294.00          464.02
2015-2019       73               195.02          277.00          472.02
2015-2019       74               211.02          298.00          509.02
2015-2019       75               203.02          324.00          527.02
2015-2019       76               234.01          315.00          549.01
2015-2019       77               226.02          299.00          525.02
2015-2019       78               264.02          317.00          581.02
2015-2019       79               265.02          332.00          597.02
2015-2019       80               288.03          312.00          600.03
2015-2019       81               302.03          357.00          659.03
2015-2019       82               315.03          384.00          699.03
2015-2019       83               381.03          362.00          743.03
2015-2019       84               329.04          366.00          695.04
2015-2019       85               404.04          398.00          802.04
2015-2019       86               424.04          404.00          828.04
2015-2019       87               427.04          420.00          847.04
2015-2019       88               440.04          375.00          815.04
2015-2019       89               434.03          339.00          773.03
2015-2019       90               427.04          290.00          717.04
2015-2019       91               455.04          264.00          719.04
2015-2019       92               408.03          234.00          642.03
2015-2019       93               388.04          215.00          603.04
2015-2019       94               315.03          144.00          459.03
2015-2019       95               275.03          119.00          394.03
2015-2019       96               222.02           81.00          303.02
2015-2019       97               162.01           78.00          240.01
2015-2019       98               111.00           36.00          147.00
2015-2019       99                89.01           22.00          111.01
2015-2019      100                65.37           18.21           83.58
2015-2019      101                43.27           10.86           54.13
2015-2019      102                27.76            6.08           33.84
2015-2019      103                16.58            2.59           19.17
2015-2019      104                 9.38            0.26            9.64
2015-2019      105                 5.24            0.00            5.24
2015-2019      106                 2.11            0.00            2.11
2015-2019      107                 0.27            0.00            0.27
2015-2019      108                 0.00            0.00            0.00
2015-2019      109                 0.00            0.00            0.00
2015-2019      110+                0.00            0.00            0.00
