TAS, Life tables (period 5x5), Females	Last modified: 02 Jul 2018;  Methods Protocol: v6 (2017)

  Year          Age         mx       qx    ax      lx      dx      Lx       Tx     ex
1971-1974        0      0.01441  0.01423  0.12  100000    1423   98747  7493192  74.93
1971-1974      1-4      0.00080  0.00319  1.72   98577     315  393588  7394446  75.01
1971-1974      5-9      0.00069  0.00345  2.12   98262     339  490333  7000857  71.25
1971-1974     10-14     0.00040  0.00200  2.80   97923     195  489183  6510524  66.49
1971-1974     15-19     0.00069  0.00346  2.23   97727     338  487698  6021341  61.61
1971-1974     20-24     0.00068  0.00342  2.59   97389     333  486142  5533642  56.82
1971-1974     25-29     0.00082  0.00408  2.69   97056     396  484366  5047500  52.01
1971-1974     30-34     0.00080  0.00398  2.85   96660     385  482474  4563134  47.21
1971-1974     35-39     0.00148  0.00735  2.68   96275     708  479734  4080660  42.39
1971-1974     40-44     0.00178  0.00885  3.14   95567     846  476264  3600926  37.68
1971-1974     45-49     0.00336  0.01667  2.80   94721    1579  470133  3124662  32.99
1971-1974     50-54     0.00487  0.02408  2.66   93142    2243  460463  2654529  28.50
1971-1974     55-59     0.00808  0.03963  2.63   90900    3603  445958  2194067  24.14
1971-1974     60-64     0.01256  0.06099  2.61   87297    5324  423740  1748108  20.02
1971-1974     65-69     0.01931  0.09230  2.63   81973    7566  391905  1324368  16.16
1971-1974     70-74     0.03685  0.16935  2.61   74407   12601  341965   932463  12.53
1971-1974     75-79     0.05971  0.26144  2.62   61806   16158  270606   590498   9.55
1971-1974     80-84     0.09700  0.39029  2.50   45648   17816  183667   319892   7.01
1971-1974     85-89     0.17043  0.58505  2.32   27832   16283   95539   136225   4.89
1971-1974     90-94     0.25885  0.74417  2.14   11549    8594   33202    40686   3.52
1971-1974     95-99     0.38051  0.86952  1.88    2955    2569    6752     7484   2.53
1971-1974    100-104    0.51928  0.93994  1.61     386     362     698      733   1.90
1971-1974    105-109    0.65635  0.97208  1.38      23      23      34       35   1.52
1971-1974    110+       0.75867  1.00000  1.32       1       1       1        1   1.32
1975-1979        0      0.01341  0.01325  0.12  100000    1325   98836  7615379  76.15
1975-1979      1-4      0.00074  0.00296  1.84   98675     292  394067  7516544  76.17
1975-1979      5-9      0.00037  0.00184  2.11   98383     181  491390  7122476  72.40
1975-1979     10-14     0.00052  0.00261  3.28   98202     257  490567  6631086  67.53
1975-1979     15-19     0.00054  0.00267  2.37   97945     262  489037  6140520  62.69
1975-1979     20-24     0.00053  0.00264  2.12   97683     258  487671  5651483  57.86
1975-1979     25-29     0.00079  0.00393  2.63   97425     382  486219  5163812  53.00
1975-1979     30-34     0.00081  0.00402  2.79   97042     390  484350  4677593  48.20
1975-1979     35-39     0.00107  0.00532  2.62   96652     514  482036  4193243  43.38
1975-1979     40-44     0.00168  0.00839  2.55   96138     806  478712  3711207  38.60
1975-1979     45-49     0.00336  0.01665  2.40   95332    1587  472525  3232495  33.91
1975-1979     50-54     0.00553  0.02728  2.69   93744    2557  462807  2759970  29.44
1975-1979     55-59     0.00814  0.03990  2.58   91187    3638  447130  2297163  25.19
1975-1979     60-64     0.01075  0.05242  2.65   87549    4589  426964  1850032  21.13
1975-1979     65-69     0.01761  0.08478  2.83   82960    7034  399509  1423068  17.15
1975-1979     70-74     0.03112  0.14514  2.69   75926   11020  354151  1023559  13.48
1975-1979     75-79     0.05048  0.22474  2.56   64906   14587  288964   669408  10.31
1975-1979     80-84     0.08659  0.35701  2.54   50319   17964  207465   380444   7.56
1975-1979     85-89     0.14986  0.53776  2.38   32355   17399  116106   172979   5.35
1975-1979     90-94     0.23514  0.70903  2.20   14956   10604   45096    56873   3.80
1975-1979     95-99     0.35304  0.84820  1.94    4352    3691   10455    11777   2.71
1975-1979    100-104    0.49167  0.93007  1.66     661     614    1250     1322   2.00
1975-1979    105-109    0.63269  0.96822  1.42      46      45      71       73   1.57
1975-1979    110+       0.74000  1.00000  1.35       1       1       2        2   1.35
1980-1984        0      0.00915  0.00908  0.13  100000     908   99210  7753321  77.53
1980-1984      1-4      0.00071  0.00284  1.47   99092     281  395656  7654111  77.24
1980-1984      5-9      0.00021  0.00107  2.96   98811     106  493838  7258455  73.46
1980-1984     10-14     0.00039  0.00195  3.03   98705     193  493145  6764617  68.53
1980-1984     15-19     0.00056  0.00282  2.40   98512     278  491839  6271471  63.66
1980-1984     20-24     0.00066  0.00330  2.70   98235     324  490428  5779633  58.84
1980-1984     25-29     0.00060  0.00298  2.37   97910     292  488786  5289205  54.02
1980-1984     30-34     0.00079  0.00395  2.54   97619     385  487148  4800419  49.18
1980-1984     35-39     0.00109  0.00544  2.45   97234     529  484823  4313270  44.36
1980-1984     40-44     0.00142  0.00705  2.45   96705     682  481788  3828447  39.59
1980-1984     45-49     0.00308  0.01527  2.77   96023    1467  476849  3346659  34.85
1980-1984     50-54     0.00432  0.02137  2.79   94557    2021  468317  2869810  30.35
1980-1984     55-59     0.00698  0.03431  2.60   92536    3175  455048  2401493  25.95
1980-1984     60-64     0.01093  0.05327  2.65   89361    4761  435638  1946446  21.78
1980-1984     65-69     0.01782  0.08560  2.71   84600    7242  406454  1510808  17.86
1980-1984     70-74     0.02504  0.11844  2.71   77359    9162  365849  1104354  14.28
1980-1984     75-79     0.04707  0.21162  2.62   68197   14432  306635   738505  10.83
1980-1984     80-84     0.08085  0.33749  2.55   53764   18145  224431   431870   8.03
1980-1984     85-89     0.13609  0.50512  2.45   35619   17992  132207   207440   5.82
1980-1984     90-94     0.20476  0.65539  2.25   17627   11553   56421    75233   4.27
1980-1984     95-99     0.30328  0.79835  2.03    6074    4850   15990    18812   3.10
1980-1984    100-104    0.42323  0.89615  1.78    1225    1098    2594     2822   2.30
1980-1984    105-109    0.55332  0.94972  1.54     127     121     218      228   1.79
1980-1984    110+       0.65842  1.00000  1.52       6       6      10       10   1.52
1985-1989        0      0.00897  0.00890  0.13  100000     890   99227  7806720  78.07
1985-1989      1-4      0.00043  0.00172  1.62   99110     171  396036  7707494  77.77
1985-1989      5-9      0.00028  0.00138  1.98   98940     137  494285  7311458  73.90
1985-1989     10-14     0.00025  0.00125  2.75   98803     123  493737  6817173  69.00
1985-1989     15-19     0.00040  0.00197  3.18   98680     195  493044  6323437  64.08
1985-1989     20-24     0.00070  0.00350  2.21   98485     345  491462  5830392  59.20
1985-1989     25-29     0.00057  0.00285  2.53   98140     280  490010  5338930  54.40
1985-1989     30-34     0.00080  0.00400  2.60   97860     392  488360  4848921  49.55
1985-1989     35-39     0.00104  0.00519  2.92   97469     506  486292  4360560  44.74
1985-1989     40-44     0.00174  0.00867  2.68   96963     841  482862  3874268  39.96
1985-1989     45-49     0.00212  0.01056  2.67   96122    1015  478251  3391407  35.28
1985-1989     50-54     0.00429  0.02125  2.74   95107    2021  470978  2913156  30.63
1985-1989     55-59     0.00598  0.02948  2.53   93086    2744  458656  2442178  26.24
1985-1989     60-64     0.00889  0.04358  2.73   90342    3937  442774  1983522  21.96
1985-1989     65-69     0.01632  0.07850  2.58   86405    6783  415609  1540748  17.83
1985-1989     70-74     0.02708  0.12750  2.71   79622   10152  374818  1125139  14.13
1985-1989     75-79     0.04420  0.20025  2.66   69470   13912  314744   750320  10.80
1985-1989     80-84     0.08011  0.33422  2.52   55558   18569  231783   435577   7.84
1985-1989     85-89     0.14488  0.52399  2.36   36989   19382  133775   203793   5.51
1985-1989     90-94     0.22231  0.68785  2.23   17607   12111   54479    70018   3.98
1985-1989     95-99     0.33590  0.83290  1.97    5496    4578   13628    15539   2.83
1985-1989    100-104    0.47173  0.92173  1.70     918     846    1794     1911   2.08
1985-1989    105-109    0.61282  0.96445  1.45      72      69     113      117   1.62
1985-1989    110+       0.72198  1.00000  1.39       3       3       4        4   1.39
1990-1994        0      0.00656  0.00653  0.14  100000     653   99436  7940204  79.40
1990-1994      1-4      0.00051  0.00203  1.69   99347     201  396925  7840769  78.92
1990-1994      5-9      0.00027  0.00135  1.49   99146     134  495259  7443844  75.08
1990-1994     10-14     0.00026  0.00131  2.53   99012     130  494739  6948585  70.18
1990-1994     15-19     0.00058  0.00288  2.94   98882     285  493824  6453846  65.27
1990-1994     20-24     0.00049  0.00243  2.52   98597     239  492391  5960022  60.45
1990-1994     25-29     0.00059  0.00294  2.76   98358     289  491142  5467631  55.59
1990-1994     30-34     0.00057  0.00286  1.97   98069     281  489493  4976489  50.74
1990-1994     35-39     0.00062  0.00310  2.88   97788     303  488299  4486996  45.88
1990-1994     40-44     0.00137  0.00684  2.61   97485     667  485834  3998698  41.02
1990-1994     45-49     0.00207  0.01030  2.81   96818     997  481903  3512864  36.28
1990-1994     50-54     0.00310  0.01539  2.61   95821    1475  475586  3030961  31.63
1990-1994     55-59     0.00560  0.02763  2.66   94346    2606  465632  2555375  27.09
1990-1994     60-64     0.00906  0.04444  2.80   91740    4077  449740  2089743  22.78
1990-1994     65-69     0.01412  0.06839  2.70   87663    5995  424527  1640003  18.71
1990-1994     70-74     0.02375  0.11251  2.66   81668    9188  386855  1215476  14.88
1990-1994     75-79     0.04033  0.18435  2.67   72480   13361  331326   828621  11.43
1990-1994     80-84     0.07154  0.30425  2.54   59118   17987  251411   497295   8.41
1990-1994     85-89     0.12524  0.47697  2.50   41131   19618  156649   245884   5.98
1990-1994     90-94     0.20826  0.66736  2.31   21513   14357   68938    89235   4.15
1990-1994     95-99     0.33377  0.83229  1.99    7156    5956   17845    20297   2.84
1990-1994    100-104    0.48051  0.92642  1.68    1200    1112    2314     2453   2.04
1990-1994    105-109    0.63198  0.96851  1.42      88      86     135      139   1.57
1990-1994    110+       0.74679  1.00000  1.34       3       3       4        4   1.34
1995-1999        0      0.00409  0.00407  0.14  100000     407   99650  8035243  80.35
1995-1999      1-4      0.00040  0.00161  1.56   99593     161  397979  7935593  79.68
1995-1999      5-9      0.00029  0.00147  1.93   99432     146  496713  7537614  75.81
1995-1999     10-14     0.00031  0.00154  2.30   99286     153  496018  7040901  70.92
1995-1999     15-19     0.00042  0.00212  2.61   99133     210  495163  6544884  66.02
1995-1999     20-24     0.00061  0.00307  2.19   98923     303  493761  6049721  61.16
1995-1999     25-29     0.00048  0.00238  2.26   98619     234  492454  5555960  56.34
1995-1999     30-34     0.00056  0.00280  2.37   98385     276  491197  5063507  51.47
1995-1999     35-39     0.00084  0.00421  2.94   98109     413  489692  4572310  46.60
1995-1999     40-44     0.00119  0.00594  2.80   97696     580  487200  4082617  41.79
1995-1999     45-49     0.00207  0.01030  2.70   97115    1000  483280  3595418  37.02
1995-1999     50-54     0.00328  0.01626  2.62   96115    1563  476851  3112137  32.38
1995-1999     55-59     0.00499  0.02468  2.78   94552    2334  467588  2635287  27.87
1995-1999     60-64     0.00808  0.03965  2.65   92218    3656  452501  2167699  23.51
1995-1999     65-69     0.01291  0.06270  2.73   88562    5553  430205  1715198  19.37
1995-1999     70-74     0.02153  0.10253  2.68   83009    8511  395266  1284993  15.48
1995-1999     75-79     0.03712  0.17085  2.67   74498   12728  342862   889727  11.94
1995-1999     80-84     0.06267  0.27268  2.62   61770   16843  268761   546865   8.85
1995-1999     85-89     0.11685  0.45032  2.45   44927   20232  173143   278104   6.19
1995-1999     90-94     0.20154  0.65220  2.30   24695   16106   79915   104961   4.25
1995-1999     95-99     0.32271  0.82234  2.02    8589    7063   21887    25046   2.92
1995-1999    100-104    0.47376  0.92407  1.70    1526    1410    2976     3159   2.07
1995-1999    105-109    0.63114  0.96860  1.42     116     112     178      183   1.58
1995-1999    110+       0.75025  1.00000  1.33       4       4       5        5   1.33
2000-2004        0      0.00520  0.00517  0.14  100000     517   99554  8138007  81.38
2000-2004      1-4      0.00019  0.00074  1.30   99483      74  397733  8038452  80.80
2000-2004      5-9      0.00025  0.00125  2.18   99409     124  496696  7640720  76.86
2000-2004     10-14     0.00025  0.00125  2.83   99285     124  496157  7144024  71.95
2000-2004     15-19     0.00042  0.00210  2.92   99161     209  495371  6647867  67.04
2000-2004     20-24     0.00037  0.00186  2.24   98952     184  494254  6152496  62.18
2000-2004     25-29     0.00050  0.00249  2.43   98769     246  493211  5658242  57.29
2000-2004     30-34     0.00077  0.00386  2.43   98523     381  491637  5165031  52.42
2000-2004     35-39     0.00090  0.00448  2.73   98142     439  489716  4673394  47.62
2000-2004     40-44     0.00102  0.00508  2.69   97703     496  487371  4183678  42.82
2000-2004     45-49     0.00187  0.00933  2.71   97207     907  483959  3696308  38.03
2000-2004     50-54     0.00282  0.01403  2.74   96300    1351  478449  3212349  33.36
2000-2004     55-59     0.00414  0.02051  2.86   94949    1948  470584  2733900  28.79
2000-2004     60-64     0.00655  0.03226  2.68   93001    3000  458037  2263316  24.34
2000-2004     65-69     0.01096  0.05349  2.75   90001    4814  439195  1805279  20.06
2000-2004     70-74     0.01895  0.09074  2.68   85187    7730  407998  1366084  16.04
2000-2004     75-79     0.03495  0.16171  2.69   77457   12526  358337   958086  12.37
2000-2004     80-84     0.05760  0.25380  2.66   64931   16480  286092   599748   9.24
2000-2004     85-89     0.11066  0.43624  2.57   48452   21137  191000   313656   6.47
2000-2004     90-94     0.18648  0.62407  2.35   27315   17046   91413   122656   4.49
2000-2004     95-99     0.30678  0.80597  2.06   10269    8276   26978    31243   3.04
2000-2004    100-104    0.45682  0.91660  1.73    1992    1826    3998     4266   2.14
2000-2004    105-109    0.61632  0.96595  1.45     166     161     260      268   1.61
2000-2004    110+       0.73874  1.00000  1.35       6       6       8        8   1.35
2005-2009        0      0.00311  0.00311  0.14  100000     311   99734  8200041  82.00
2005-2009      1-4      0.00030  0.00120  2.02   99689     120  398520  8100307  81.26
2005-2009      5-9      0.00034  0.00169  2.67   99569     169  497454  7701787  77.35
2005-2009     10-14     0.00018  0.00091  3.75   99401      90  496891  7204334  72.48
2005-2009     15-19     0.00050  0.00251  3.49   99311     249  496177  6707442  67.54
2005-2009     20-24     0.00061  0.00304  2.43   99062     301  494535  6211265  62.70
2005-2009     25-29     0.00059  0.00294  2.23   98761     290  493000  5716730  57.88
2005-2009     30-34     0.00076  0.00377  2.47   98471     371  491413  5223730  53.05
2005-2009     35-39     0.00078  0.00390  2.59   98099     383  489575  4732317  48.24
2005-2009     40-44     0.00098  0.00490  2.58   97716     479  487424  4242742  43.42
2005-2009     45-49     0.00177  0.00882  2.62   97237     858  484149  3755318  38.62
2005-2009     50-54     0.00259  0.01287  2.55   96380    1241  478864  3271170  33.94
2005-2009     55-59     0.00400  0.01980  2.69   95139    1883  471351  2792306  29.35
2005-2009     60-64     0.00636  0.03132  2.68   93256    2921  459513  2320955  24.89
2005-2009     65-69     0.00996  0.04863  2.58   90335    4393  441027  1861442  20.61
2005-2009     70-74     0.01622  0.07803  2.58   85942    6706  413488  1420414  16.53
2005-2009     75-79     0.02966  0.13888  2.71   79236   11004  371011  1006926  12.71
2005-2009     80-84     0.05567  0.24626  2.66   68232   16803  301812   635915   9.32
2005-2009     85-89     0.10531  0.41668  2.50   51429   21429  203477   334103   6.50
2005-2009     90-94     0.19327  0.63841  2.34   30000   19152   99093   130625   4.35
2005-2009     95-99     0.32302  0.82410  2.03   10848    8940   27675    31533   2.91
2005-2009    100-104    0.48558  0.92991  1.68    1908    1774    3654     3858   2.02
2005-2009    105-109    0.65309  0.97261  1.39     134     130     199      204   1.52
2005-2009    110+       0.77631  1.00000  1.29       4       4       5        5   1.29
2010-2014        0      0.00350  0.00349  0.14  100000     349   99701  8241537  82.42
2010-2014      1-4      0.00025  0.00099  1.56   99651      98  398364  8141836  81.70
2010-2014      5-9      0.00021  0.00106  2.77   99553     105  497529  7743472  77.78
2010-2014     10-14     0.00024  0.00121  3.15   99448     121  497016  7245943  72.86
2010-2014     15-19     0.00051  0.00255  2.23   99327     253  495936  6748927  67.95
2010-2014     20-24     0.00042  0.00212  2.57   99074     210  494861  6252991  63.11
2010-2014     25-29     0.00049  0.00244  2.47   98864     241  493712  5758130  58.24
2010-2014     30-34     0.00080  0.00399  2.38   98623     393  492083  5264418  53.38
2010-2014     35-39     0.00065  0.00323  2.63   98230     317  490398  4772335  48.58
2010-2014     40-44     0.00106  0.00528  2.32   97912     517  488175  4281937  43.73
2010-2014     45-49     0.00162  0.00807  2.66   97395     786  485140  3793762  38.95
2010-2014     50-54     0.00267  0.01326  2.50   96609    1281  479843  3308623  34.25
2010-2014     55-59     0.00391  0.01936  2.57   95328    1846  472149  2828779  29.67
2010-2014     60-64     0.00544  0.02684  2.64   93483    2509  461487  2356630  25.21
2010-2014     65-69     0.00985  0.04815  2.64   90974    4380  444552  1895143  20.83
2010-2014     70-74     0.01548  0.07469  2.66   86594    6467  417827  1450590  16.75
2010-2014     75-79     0.02814  0.13189  2.63   80127   10568  375554  1032763  12.89
2010-2014     80-84     0.05575  0.24640  2.64   69559   17139  307400   657209   9.45
2010-2014     85-89     0.10078  0.40557  2.59   52419   21260  210952   349809   6.67
2010-2014     90-94     0.18807  0.62799  2.36   31160   19568  104048   138857   4.46
2010-2014     95-99     0.31105  0.81142  2.05   11592    9406   30240    34809   3.00
2010-2014    100-104    0.46860  0.92256  1.71    2186    2017    4304     4569   2.09
2010-2014    105-109    0.63421  0.96946  1.42     169     164     259      266   1.57
2010-2014    110+       0.75874  1.00000  1.32       5       5       7        7   1.32
2015-2016        0      0.00403  0.00402  0.14  100000     402   99655  8264659  82.65
2015-2016      1-4      0.00030  0.00119  1.48   99598     119  398094  8165004  81.98
2015-2016      5-9      0.00019  0.00096  2.98   99479      95  497205  7766910  78.08
2015-2016     10-14     0.00037  0.00185  3.04   99384     184  496561  7269705  73.15
2015-2016     15-19     0.00029  0.00145  2.06   99200     144  495578  6773144  68.28
2015-2016     20-24     0.00065  0.00325  2.20   99056     321  494381  6277566  63.37
2015-2016     25-29     0.00029  0.00147  3.29   98735     146  493425  5783185  58.57
2015-2016     30-34     0.00072  0.00358  3.05   98589     353  492259  5289760  53.65
2015-2016     35-39     0.00119  0.00594  2.72   98236     584  489852  4797501  48.84
2015-2016     40-44     0.00078  0.00388  2.73   97653     379  487403  4307648  44.11
2015-2016     45-49     0.00162  0.00806  2.91   97274     784  484727  3820245  39.27
2015-2016     50-54     0.00259  0.01287  2.77   96489    1242  479672  3335518  34.57
2015-2016     55-59     0.00401  0.01985  2.73   95247    1890  471948  2855847  29.98
2015-2016     60-64     0.00601  0.02963  2.55   93357    2766  460007  2383899  25.54
2015-2016     65-69     0.00935  0.04579  2.71   90591    4148  443473  1923891  21.24
2015-2016     70-74     0.01446  0.07018  2.91   86442    6067  419514  1480418  17.13
2015-2016     75-79     0.02488  0.11774  2.73   80376    9463  380427  1060904  13.20
2015-2016     80-84     0.05469  0.24246  2.66   70913   17193  314365   680477   9.60
2015-2016     85-89     0.09713  0.39411  2.61   53719   21171  217968   366112   6.82
2015-2016     90-94     0.18148  0.61497  2.38   32548   20016  110292   148144   4.55
2015-2016     95-99     0.30872  0.80921  2.06   12532   10141   32849    37852   3.02
2015-2016    100-104    0.46800  0.92249  1.72    2391    2206    4713     5003   2.09
2015-2016    105-109    0.63567  0.96979  1.42     185     180     283      290   1.57
2015-2016    110+       0.76145  1.00000  1.31       6       6       7        7   1.31
