TAS, Life tables (period 5x10), Females	Last modified: 23 May 2023;  Methods Protocol: v6 (2017)

  Year          Age         mx       qx    ax      lx      dx      Lx       Tx     ex
1971-1979        0      0.01389  0.01372  0.12  100000    1372   98793  7561294  75.61
1971-1979      1-4      0.00077  0.00307  1.78   98628     303  393838  7462501  75.66
1971-1979      5-9      0.00051  0.00255  2.12   98325     251  490903  7068663  71.89
1971-1979     10-14     0.00047  0.00233  3.09   98074     228  489935  6577760  67.07
1971-1979     15-19     0.00060  0.00301  2.30   97846     295  488432  6087825  62.22
1971-1979     20-24     0.00060  0.00298  2.35   97551     290  486985  5599393  57.40
1971-1979     25-29     0.00080  0.00399  2.66   97260     388  485393  5112408  52.56
1971-1979     30-34     0.00080  0.00401  2.82   96873     388  483515  4627015  47.76
1971-1979     35-39     0.00124  0.00618  2.65   96484     596  481022  4143500  42.94
1971-1979     40-44     0.00173  0.00863  2.82   95888     828  477640  3662478  38.20
1971-1979     45-49     0.00336  0.01666  2.58   95061    1584  471473  3184838  33.50
1971-1979     50-54     0.00524  0.02589  2.68   93477    2420  461768  2713365  29.03
1971-1979     55-59     0.00811  0.03979  2.60   91056    3623  446590  2251597  24.73
1971-1979     60-64     0.01152  0.05606  2.63   87433    4902  425537  1805008  20.64
1971-1979     65-69     0.01830  0.08785  2.74   82531    7251  396269  1379471  16.71
1971-1979     70-74     0.03351  0.15534  2.65   75280   11694  348979   983202  13.06
1971-1979     75-79     0.05441  0.24055  2.59   63586   15296  281098   634223   9.97
1971-1979     80-84     0.09101  0.37137  2.52   48290   17933  197038   353125   7.31
1971-1979     85-89     0.15756  0.55326  2.31   30357   16795  106600   156087   5.14
1971-1979     90-94     0.24822  0.72639  2.15   13562    9851   39686    49488   3.65
1971-1979     95-99     0.36299  0.85620  1.92    3711    3177    8752     9802   2.64
1971-1979    100-104    0.50096  0.93350  1.64     534     498     994     1049   1.97
1971-1979    105-109    0.63990  0.96941  1.40      35      34      54       55   1.56
1971-1979    110+       0.74506  1.00000  1.34       1       1       1        1   1.34
1980-1989        0      0.00906  0.00899  0.13  100000     899   99218  7781292  77.81
1980-1989      1-4      0.00057  0.00227  1.52   99101     225  395847  7682073  77.52
1980-1989      5-9      0.00025  0.00124  2.41   98876     123  494062  7286227  73.69
1980-1989     10-14     0.00032  0.00161  2.92   98753     159  493435  6792164  68.78
1980-1989     15-19     0.00048  0.00239  2.72   98594     235  492436  6298729  63.89
1980-1989     20-24     0.00068  0.00339  2.46   98359     333  490947  5806293  59.03
1980-1989     25-29     0.00058  0.00291  2.45   98026     285  489402  5315346  54.22
1980-1989     30-34     0.00080  0.00398  2.57   97740     389  487758  4825944  49.38
1980-1989     35-39     0.00107  0.00534  2.70   97352     519  485565  4338186  44.56
1980-1989     40-44     0.00159  0.00793  2.58   96832     768  482306  3852621  39.79
1980-1989     45-49     0.00257  0.01276  2.73   96064    1226  477538  3370315  35.08
1980-1989     50-54     0.00430  0.02132  2.77   94838    2022  469679  2892777  30.50
1980-1989     55-59     0.00649  0.03193  2.57   92817    2964  456870  2423098  26.11
1980-1989     60-64     0.00989  0.04834  2.69   89852    4344  439209  1966228  21.88
1980-1989     65-69     0.01705  0.08198  2.65   85509    7010  411059  1527020  17.86
1980-1989     70-74     0.02613  0.12327  2.71   78499    9676  370335  1115961  14.22
1980-1989     75-79     0.04548  0.20535  2.64   68823   14133  310758   745626  10.83
1980-1989     80-84     0.08046  0.33575  2.54   54690   18362  228221   434868   7.95
1980-1989     85-89     0.13993  0.51243  2.39   36328   18615  133038   206647   5.69
1980-1989     90-94     0.20991  0.66675  2.26   17712   11810   56260    73609   4.16
1980-1989     95-99     0.32161  0.81850  2.00    5903    4831   15022    17349   2.94
1980-1989    100-104    0.45073  0.91150  1.73    1071     976    2166     2327   2.17
1980-1989    105-109    0.58750  0.95880  1.49      95      91     155      160   1.69
1980-1989    110+       0.69551  1.00000  1.44       4       4       6        6   1.44
1990-1999        0      0.00538  0.00536  0.14  100000     536   99538  7986905  79.87
1990-1999      1-4      0.00046  0.00183  1.63   99464     182  397427  7887367  79.30
1990-1999      5-9      0.00028  0.00141  1.71   99283     140  495953  7489939  75.44
1990-1999     10-14     0.00029  0.00143  2.41   99143     141  495347  6993986  70.54
1990-1999     15-19     0.00050  0.00252  2.81   99001     249  494462  6498639  65.64
1990-1999     20-24     0.00054  0.00272  2.35   98752     268  493048  6004177  60.80
1990-1999     25-29     0.00054  0.00267  2.55   98484     263  491773  5511129  55.96
1990-1999     30-34     0.00057  0.00284  2.15   98220     279  490308  5019356  51.10
1990-1999     35-39     0.00074  0.00367  2.92   97942     360  488959  4529048  46.24
1990-1999     40-44     0.00128  0.00638  2.70   97582     622  486479  4040089  41.40
1990-1999     45-49     0.00207  0.01028  2.75   96960     997  482552  3553610  36.65
1990-1999     50-54     0.00320  0.01586  2.61   95963    1522  476181  3071058  32.00
1990-1999     55-59     0.00528  0.02606  2.72   94440    2461  466597  2594877  27.48
1990-1999     60-64     0.00858  0.04208  2.73   91979    3871  451108  2128280  23.14
1990-1999     65-69     0.01352  0.06559  2.71   88108    5779  427331  1677172  19.04
1990-1999     70-74     0.02261  0.10740  2.67   82329    8842  391012  1249841  15.18
1990-1999     75-79     0.03865  0.17731  2.67   73487   13030  337133   858829  11.69
1990-1999     80-84     0.06682  0.28760  2.58   60457   17387  260210   521695   8.63
1990-1999     85-89     0.12050  0.46201  2.48   43070   19899  165132   261486   6.07
1990-1999     90-94     0.20849  0.66613  2.29   23171   15435   74031    96354   4.16
1990-1999     95-99     0.32696  0.82613  2.01    7736    6391   19547    22322   2.89
1990-1999    100-104    0.47551  0.92455  1.69    1345    1244    2615     2776   2.06
1990-1999    105-109    0.62982  0.96824  1.42     101      98     156      160   1.58
1990-1999    110+       0.74690  1.00000  1.34       3       3       4        4   1.34
2000-2009        0      0.00410  0.00409  0.14  100000     409   99649  8169222  81.69
2000-2009      1-4      0.00024  0.00097  1.74   99591      96  398147  8069573  81.03
2000-2009      5-9      0.00029  0.00146  2.45   99495     146  497103  7671426  77.10
2000-2009     10-14     0.00022  0.00108  3.21   99349     107  496554  7174323  72.21
2000-2009     15-19     0.00046  0.00231  3.23   99242     229  495803  6677769  67.29
2000-2009     20-24     0.00049  0.00247  2.36   99013     244  494419  6181967  62.44
2000-2009     25-29     0.00054  0.00272  2.31   98768     269  493120  5687547  57.58
2000-2009     30-34     0.00076  0.00382  2.45   98500     376  491539  5194427  52.74
2000-2009     35-39     0.00084  0.00419  2.67   98124     411  489661  4702888  47.93
2000-2009     40-44     0.00100  0.00499  2.64   97713     487  487413  4213227  43.12
2000-2009     45-49     0.00182  0.00906  2.67   97226     881  484073  3725814  38.32
2000-2009     50-54     0.00270  0.01343  2.65   96344    1294  478680  3241741  33.65
2000-2009     55-59     0.00405  0.02009  2.77   95050    1910  471000  2763061  29.07
2000-2009     60-64     0.00644  0.03173  2.68   93141    2955  458849  2292061  24.61
2000-2009     65-69     0.01043  0.05091  2.66   90186    4591  440202  1833212  20.33
2000-2009     70-74     0.01757  0.08437  2.63   85594    7221  410891  1393010  16.27
2000-2009     75-79     0.03230  0.15035  2.70   78373   11783  364767   982119  12.53
2000-2009     80-84     0.05676  0.25058  2.66   66590   16686  293970   617351   9.27
2000-2009     85-89     0.10840  0.42751  2.53   49904   21334  196803   323381   6.48
2000-2009     90-94     0.18841  0.62675  2.33   28569   17906   95035   126578   4.43
2000-2009     95-99     0.31677  0.81721  2.04   10663    8714   27510    31542   2.96
2000-2009    100-104    0.47386  0.92472  1.70    1949    1802    3804     4032   2.07
2000-2009    105-109    0.63787  0.97002  1.41     147     142     223      229   1.56
2000-2009    110+       0.76080  1.00000  1.31       4       4       6        6   1.31
2010-2019        0      0.00347  0.00346  0.14  100000     346   99703  8282232  82.82
2010-2019      1-4      0.00024  0.00097  1.66   99654      97  398388  8182529  82.11
2010-2019      5-9      0.00017  0.00084  2.92   99557      84  497610  7784141  78.19
2010-2019     10-14     0.00028  0.00142  3.36   99473     141  497134  7286531  73.25
2010-2019     15-19     0.00044  0.00220  2.26   99332     219  496061  6789397  68.35
2010-2019     20-24     0.00043  0.00216  2.28   99113     214  494983  6293336  63.50
2010-2019     25-29     0.00041  0.00205  2.56   98899     203  494001  5798353  58.63
2010-2019     30-34     0.00071  0.00355  2.52   98696     350  492615  5304351  53.74
2010-2019     35-39     0.00077  0.00382  2.70   98346     376  490869  4811736  48.93
2010-2019     40-44     0.00099  0.00492  2.47   97970     482  488633  4320868  44.10
2010-2019     45-49     0.00162  0.00808  2.76   97488     788  485676  3832235  39.31
2010-2019     50-54     0.00267  0.01326  2.59   96700    1282  480409  3346559  34.61
2010-2019     55-59     0.00382  0.01894  2.59   95418    1808  472739  2866150  30.04
2010-2019     60-64     0.00559  0.02759  2.60   93610    2582  461852  2393411  25.57
2010-2019     65-69     0.00918  0.04491  2.66   91028    4088  445590  1931559  21.22
2010-2019     70-74     0.01440  0.06968  2.70   86940    6058  420793  1485969  17.09
2010-2019     75-79     0.02657  0.12508  2.67   80882   10116  380810  1065176  13.17
2010-2019     80-84     0.05138  0.22917  2.64   70765   16217  315603   684366   9.67
2010-2019     85-89     0.09706  0.39309  2.58   54548   21442  220923   368764   6.76
2010-2019     90-94     0.18625  0.62507  2.37   33106   20694  111108   147840   4.47
2010-2019     95-99     0.31588  0.81750  2.05   12412   10147   32124    36732   2.96
2010-2019    100-104    0.48221  0.92897  1.69    2265    2104    4364     4609   2.03
2010-2019    105-109    0.65456  0.97301  1.39     161     157     239      245   1.52
2010-2019    110+       0.78078  1.00000  1.28       4       4       6        6   1.28
