TAS, Death rates (period 1x5), 	Last modified: 02 Jul 2018;  Methods Protocol: v6 (2017)

  Year          Age             Female            Male           Total
1971-1974        0             0.014414        0.019341        0.016910
1971-1974        1             0.001284        0.000689        0.000983
1971-1974        2             0.000700        0.001476        0.001094
1971-1974        3             0.000443        0.000973        0.000713
1971-1974        4             0.000770        0.000737        0.000753
1971-1974        5             0.001047        0.000312        0.000670
1971-1974        6             0.000796        0.000380        0.000584
1971-1974        7             0.000532        0.000509        0.000520
1971-1974        8             0.000583        0.000684        0.000634
1971-1974        9             0.000502        0.000662        0.000584
1971-1974       10             0.000549        0.000116        0.000328
1971-1974       11             0.000060        0.000628        0.000350
1971-1974       12             0.000357        0.000736        0.000551
1971-1974       13             0.000298        0.000344        0.000321
1971-1974       14             0.000734        0.000704        0.000719
1971-1974       15             0.000822        0.000978        0.000901
1971-1974       16             0.000780        0.001647        0.001219
1971-1974       17             0.000874        0.002582        0.001735
1971-1974       18             0.000488        0.003382        0.001942
1971-1974       19             0.000504        0.002715        0.001615
1971-1974       20             0.000752        0.002734        0.001751
1971-1974       21             0.000465        0.003163        0.001833
1971-1974       22             0.000628        0.002283        0.001468
1971-1974       23             0.000866        0.001384        0.001128
1971-1974       24             0.000711        0.000930        0.000822
1971-1974       25             0.000784        0.001751        0.001275
1971-1974       26             0.000406        0.001791        0.001113
1971-1974       27             0.001105        0.001130        0.001118
1971-1974       28             0.000819        0.001115        0.000972
1971-1974       29             0.000970        0.001636        0.001314
1971-1974       30             0.000498        0.001211        0.000866
1971-1974       31             0.000613        0.001534        0.001088
1971-1974       32             0.000839        0.001577        0.001219
1971-1974       33             0.001067        0.001511        0.001295
1971-1974       34             0.000975        0.000515        0.000739
1971-1974       35             0.001327        0.001910        0.001624
1971-1974       36             0.001343        0.001744        0.001546
1971-1974       37             0.001151        0.002553        0.001865
1971-1974       38             0.001772        0.002039        0.001908
1971-1974       39             0.001789        0.003081        0.002449
1971-1974       40             0.001072        0.002511        0.001806
1971-1974       41             0.001283        0.004127        0.002737
1971-1974       42             0.000696        0.004510        0.002653
1971-1974       43             0.002531        0.002809        0.002674
1971-1974       44             0.003312        0.003526        0.003422
1971-1974       45             0.002765        0.005280        0.004064
1971-1974       46             0.002607        0.006006        0.004353
1971-1974       47             0.003015        0.004157        0.003599
1971-1974       48             0.003547        0.005778        0.004682
1971-1974       49             0.004878        0.007739        0.006330
1971-1974       50             0.004460        0.006356        0.005416
1971-1974       51             0.004461        0.008809        0.006636
1971-1974       52             0.003919        0.010619        0.007248
1971-1974       53             0.005546        0.010931        0.008214
1971-1974       54             0.005986        0.012964        0.009461
1971-1974       55             0.007385        0.015142        0.011249
1971-1974       56             0.006937        0.012895        0.009893
1971-1974       57             0.007946        0.015424        0.011646
1971-1974       58             0.008737        0.017997        0.013350
1971-1974       59             0.009436        0.020914        0.015173
1971-1974       60             0.011114        0.021790        0.016455
1971-1974       61             0.011127        0.022549        0.016782
1971-1974       62             0.013096        0.025449        0.019179
1971-1974       63             0.013557        0.027887        0.020600
1971-1974       64             0.014032        0.028584        0.021155
1971-1974       65             0.018098        0.035714        0.026725
1971-1974       66             0.014557        0.033832        0.023930
1971-1974       67             0.018989        0.036146        0.027294
1971-1974       68             0.023649        0.044303        0.033496
1971-1974       69             0.021546        0.045840        0.032883
1971-1974       70             0.030607        0.051213        0.040090
1971-1974       71             0.033799        0.055582        0.043534
1971-1974       72             0.036110        0.066207        0.049345
1971-1974       73             0.040181        0.070200        0.053114
1971-1974       74             0.044826        0.075272        0.057546
1971-1974       75             0.045916        0.074419        0.057423
1971-1974       76             0.053133        0.090695        0.067668
1971-1974       77             0.058667        0.091401        0.071060
1971-1974       78             0.072665        0.101403        0.083276
1971-1974       79             0.072567        0.120398        0.089637
1971-1974       80             0.085267        0.112052        0.094847
1971-1974       81             0.079139        0.119285        0.093432
1971-1974       82             0.106808        0.149123        0.121699
1971-1974       83             0.099728        0.151813        0.117884
1971-1974       84             0.123403        0.145840        0.131217
1971-1974       85             0.136492        0.196906        0.157464
1971-1974       86             0.179719        0.183183        0.180923
1971-1974       87             0.208970        0.214575        0.210926
1971-1974       88             0.179142        0.230587        0.196746
1971-1974       89             0.202328        0.203820        0.202835
1971-1974       90             0.222939        0.343264        0.262936
1971-1974       91             0.223565        0.314052        0.251372
1971-1974       92             0.243126        0.225653        0.238098
1971-1974       93             0.259480        0.379257        0.292031
1971-1974       94             0.347984        0.256684        0.322048
1971-1974       95             0.252743        0.275425        0.260106
1971-1974       96             0.339114        0.310816        0.329733
1971-1974       97             0.380134        0.333195        0.364341
1971-1974       98             0.368262        0.695330        0.474558
1971-1974       99             0.398974        0.000000        0.283057
1971-1974      100             0.798908        0.940171        0.834614
1971-1974      101             0.852774        2.670157        1.039548
1971-1974      102             0.856305              .        0.856305
1971-1974      103             0.871549              .        0.871549
1971-1974      104             2.139130              .        2.139130
1971-1974      105                   .              .              .
1971-1974      106                   .              .              .
1971-1974      107                   .              .              .
1971-1974      108                   .              .              .
1971-1974      109                   .              .              .
1971-1974      110+                  .              .              .
1975-1979        0             0.013409        0.016880        0.015179
1975-1979        1             0.000956        0.001262        0.001112
1975-1979        2             0.000640        0.000614        0.000627
1975-1979        3             0.000781        0.000914        0.000849
1975-1979        4             0.000589        0.000623        0.000606
1975-1979        5             0.000467        0.000859        0.000666
1975-1979        6             0.000456        0.000692        0.000575
1975-1979        7             0.000403        0.000439        0.000421
1975-1979        8             0.000357        0.000538        0.000450
1975-1979        9             0.000157        0.000499        0.000332
1975-1979       10             0.000106        0.000506        0.000311
1975-1979       11             0.000318        0.000610        0.000467
1975-1979       12             0.000578        0.000556        0.000566
1975-1979       13             0.000668        0.000494        0.000579
1975-1979       14             0.000948        0.000671        0.000807
1975-1979       15             0.000589        0.000706        0.000649
1975-1979       16             0.000493        0.001662        0.001088
1975-1979       17             0.000752        0.002927        0.001854
1975-1979       18             0.000362        0.002547        0.001463
1975-1979       19             0.000483        0.001963        0.001227
1975-1979       20             0.000554        0.002834        0.001704
1975-1979       21             0.000797        0.001681        0.001243
1975-1979       22             0.000584        0.002180        0.001389
1975-1979       23             0.000532        0.001627        0.001084
1975-1979       24             0.000180        0.002056        0.001127
1975-1979       25             0.000608        0.001484        0.001051
1975-1979       26             0.000918        0.001195        0.001058
1975-1979       27             0.000556        0.001439        0.001004
1975-1979       28             0.001046        0.001306        0.001178
1975-1979       29             0.000805        0.001253        0.001033
1975-1979       30             0.000385        0.001046        0.000722
1975-1979       31             0.000930        0.001771        0.001361
1975-1979       32             0.000691        0.001698        0.001208
1975-1979       33             0.001173        0.001813        0.001501
1975-1979       34             0.000852        0.001176        0.001018
1975-1979       35             0.000558        0.001662        0.001125
1975-1979       36             0.001405        0.001484        0.001446
1975-1979       37             0.001274        0.002103        0.001698
1975-1979       38             0.001034        0.002546        0.001808
1975-1979       39             0.001062        0.002025        0.001555
1975-1979       40             0.001836        0.001749        0.001791
1975-1979       41             0.001314        0.002423        0.001881
1975-1979       42             0.001342        0.002123        0.001739
1975-1979       43             0.002456        0.003879        0.003181
1975-1979       44             0.001476        0.004853        0.003193
1975-1979       45             0.003794        0.005140        0.004480
1975-1979       46             0.003961        0.004969        0.004477
1975-1979       47             0.002505        0.007387        0.005013
1975-1979       48             0.003140        0.005949        0.004582
1975-1979       49             0.003392        0.006612        0.005045
1975-1979       50             0.005709        0.006607        0.006168
1975-1979       51             0.003746        0.009229        0.006548
1975-1979       52             0.005017        0.009232        0.007162
1975-1979       53             0.005703        0.008331        0.007027
1975-1979       54             0.007486        0.011454        0.009458
1975-1979       55             0.007602        0.012541        0.010041
1975-1979       56             0.007412        0.011546        0.009449
1975-1979       57             0.008060        0.013859        0.010907
1975-1979       58             0.008736        0.015553        0.012063
1975-1979       59             0.008902        0.019528        0.014062
1975-1979       60             0.008194        0.018519        0.013189
1975-1979       61             0.010630        0.019665        0.015025
1975-1979       62             0.010331        0.020407        0.015248
1975-1979       63             0.013107        0.024111        0.018475
1975-1979       64             0.011576        0.028034        0.019610
1975-1979       65             0.013260        0.030282        0.021559
1975-1979       66             0.012888        0.033096        0.022653
1975-1979       67             0.017643        0.037522        0.027163
1975-1979       68             0.018182        0.039087        0.028094
1975-1979       69             0.026619        0.042204        0.033945
1975-1979       70             0.025232        0.055657        0.039413
1975-1979       71             0.026872        0.046828        0.036071
1975-1979       72             0.028998        0.055640        0.040999
1975-1979       73             0.034782        0.060083        0.045945
1975-1979       74             0.040925        0.070600        0.053780
1975-1979       75             0.042847        0.077748        0.057502
1975-1979       76             0.045313        0.085565        0.061750
1975-1979       77             0.051243        0.088985        0.066193
1975-1979       78             0.057914        0.094275        0.071867
1975-1979       79             0.057184        0.100769        0.073415
1975-1979       80             0.062222        0.113349        0.079929
1975-1979       81             0.084952        0.115492        0.094986
1975-1979       82             0.094121        0.127238        0.104780
1975-1979       83             0.096389        0.151595        0.114124
1975-1979       84             0.103628        0.137000        0.114272
1975-1979       85             0.126325        0.159555        0.136752
1975-1979       86             0.146267        0.181767        0.157240
1975-1979       87             0.143019        0.177789        0.153789
1975-1979       88             0.170875        0.234690        0.190619
1975-1979       89             0.153541        0.248129        0.181836
1975-1979       90             0.230383        0.244721        0.234603
1975-1979       91             0.231073        0.350860        0.266082
1975-1979       92             0.232234        0.278077        0.245264
1975-1979       93             0.232936        0.277025        0.245684
1975-1979       94             0.316273        0.275779        0.304326
1975-1979       95             0.288969        0.225268        0.269569
1975-1979       96             0.331133        0.228929        0.298631
1975-1979       97             0.405916        0.174459        0.328191
1975-1979       98             0.264015        0.197482        0.240833
1975-1979       99             0.496881        0.879062        0.620467
1975-1979      100             0.611615        1.467692        0.818435
1975-1979      101             0.773494        2.186047        0.920960
1975-1979      102             1.421769        6.000000        1.533186
1975-1979      103             6.000000              .        6.000000
1975-1979      104                   .              .              .
1975-1979      105                   .              .              .
1975-1979      106                   .              .              .
1975-1979      107                   .              .              .
1975-1979      108                   .              .              .
1975-1979      109                   .              .              .
1975-1979      110+                  .              .              .
1980-1984        0             0.009154        0.013489        0.011358
1980-1984        1             0.001468        0.000847        0.001151
1980-1984        2             0.000295        0.000625        0.000463
1980-1984        3             0.000775        0.000574        0.000673
1980-1984        4             0.000301        0.000637        0.000472
1980-1984        5             0.000180        0.000746        0.000470
1980-1984        6             0.000119        0.000339        0.000232
1980-1984        7             0.000174        0.000332        0.000255
1980-1984        8             0.000224        0.000377        0.000302
1980-1984        9             0.000377        0.000209        0.000292
1980-1984       10             0.000104        0.000406        0.000257
1980-1984       11             0.000308        0.000247        0.000277
1980-1984       12             0.000556        0.000587        0.000572
1980-1984       13             0.000410        0.000247        0.000327
1980-1984       14             0.000575        0.000703        0.000640
1980-1984       15             0.000531        0.000825        0.000680
1980-1984       16             0.000696        0.000840        0.000769
1980-1984       17             0.000590        0.000899        0.000746
1980-1984       18             0.000532        0.001627        0.001084
1980-1984       19             0.000473        0.002490        0.001488
1980-1984       20             0.000522        0.002022        0.001275
1980-1984       21             0.000627        0.001520        0.001073
1980-1984       22             0.000581        0.001748        0.001164
1980-1984       23             0.000806        0.001288        0.001047
1980-1984       24             0.000767        0.001631        0.001201
1980-1984       25             0.000613        0.000769        0.000692
1980-1984       26             0.000681        0.001735        0.001212
1980-1984       27             0.000575        0.001255        0.000916
1980-1984       28             0.000699        0.000865        0.000782
1980-1984       29             0.000414        0.001281        0.000851
1980-1984       30             0.000839        0.001412        0.001128
1980-1984       31             0.000787        0.001064        0.000927
1980-1984       32             0.000551        0.001189        0.000875
1980-1984       33             0.000917        0.001783        0.001356
1980-1984       34             0.000861        0.000844        0.000852
1980-1984       35             0.001203        0.000933        0.001067
1980-1984       36             0.000784        0.001531        0.001162
1980-1984       37             0.001440        0.001793        0.001619
1980-1984       38             0.001098        0.001845        0.001477
1980-1984       39             0.000926        0.002470        0.001709
1980-1984       40             0.001200        0.002304        0.001763
1980-1984       41             0.001414        0.002149        0.001790
1980-1984       42             0.001882        0.003692        0.002806
1980-1984       43             0.001670        0.003291        0.002497
1980-1984       44             0.000910        0.003853        0.002410
1980-1984       45             0.002066        0.004354        0.003230
1980-1984       46             0.002402        0.004483        0.003458
1980-1984       47             0.003455        0.003652        0.003555
1980-1984       48             0.004132        0.004317        0.004226
1980-1984       49             0.003334        0.005567        0.004469
1980-1984       50             0.003402        0.007317        0.005397
1980-1984       51             0.003975        0.007411        0.005732
1980-1984       52             0.002939        0.007130        0.005080
1980-1984       53             0.005353        0.010944        0.008216
1980-1984       54             0.005934        0.010531        0.008292
1980-1984       55             0.006736        0.010175        0.008494
1980-1984       56             0.006601        0.012585        0.009631
1980-1984       57             0.006292        0.013852        0.010096
1980-1984       58             0.006628        0.015160        0.010882
1980-1984       59             0.008654        0.016103        0.012316
1980-1984       60             0.010078        0.018787        0.014318
1980-1984       61             0.009190        0.018626        0.013732
1980-1984       62             0.010341        0.021655        0.015723
1980-1984       63             0.011264        0.023431        0.017020
1980-1984       64             0.013874        0.024094        0.018701
1980-1984       65             0.013195        0.029392        0.020838
1980-1984       66             0.015824        0.028750        0.021946
1980-1984       67             0.018157        0.034404        0.025862
1980-1984       68             0.020043        0.040186        0.029539
1980-1984       69             0.022264        0.042239        0.031559
1980-1984       70             0.019479        0.042766        0.030157
1980-1984       71             0.021275        0.050255        0.034350
1980-1984       72             0.023706        0.059234        0.039364
1980-1984       73             0.029711        0.064014        0.044679
1980-1984       74             0.031881        0.066916        0.047028
1980-1984       75             0.038621        0.065453        0.050197
1980-1984       76             0.042054        0.076076        0.056594
1980-1984       77             0.045773        0.085567        0.062382
1980-1984       78             0.052232        0.089062        0.067134
1980-1984       79             0.059054        0.093697        0.072583
1980-1984       80             0.065789        0.109471        0.082099
1980-1984       81             0.073493        0.115572        0.088712
1980-1984       82             0.076504        0.123292        0.092798
1980-1984       83             0.097376        0.124042        0.106254
1980-1984       84             0.098313        0.142041        0.112197
1980-1984       85             0.107289        0.144073        0.118362
1980-1984       86             0.121299        0.174365        0.136366
1980-1984       87             0.143701        0.181122        0.153951
1980-1984       88             0.168469        0.201490        0.177590
1980-1984       89             0.156763        0.190026        0.166054
1980-1984       90             0.158821        0.264497        0.187346
1980-1984       91             0.209909        0.252470        0.220955
1980-1984       92             0.206037        0.249785        0.217281
1980-1984       93             0.225561        0.255588        0.233169
1980-1984       94             0.207533        0.201008        0.205842
1980-1984       95             0.241223        0.317300        0.261524
1980-1984       96             0.275584        0.286469        0.278524
1980-1984       97             0.371423        0.448608        0.393110
1980-1984       98             0.382710        0.215348        0.329668
1980-1984       99             0.227407        0.865047        0.421758
1980-1984      100             0.455800        0.728780        0.511245
1980-1984      101             0.512519        0.515091        0.512884
1980-1984      102             0.615385        1.229917        0.663083
1980-1984      103             0.621335              .        0.621335
1980-1984      104             0.000000              .        0.000000
1980-1984      105             0.000000              .        0.000000
1980-1984      106                   .              .              .
1980-1984      107                   .              .              .
1980-1984      108                   .              .              .
1980-1984      109                   .              .              .
1980-1984      110+                  .              .              .
1985-1989        0             0.008966        0.012699        0.010874
1985-1989        1             0.000755        0.001290        0.001027
1985-1989        2             0.000344        0.000498        0.000422
1985-1989        3             0.000284        0.000383        0.000334
1985-1989        4             0.000339        0.000109        0.000222
1985-1989        5             0.000454        0.000495        0.000475
1985-1989        6             0.000172        0.000553        0.000366
1985-1989        7             0.000465        0.000223        0.000341
1985-1989        8             0.000235        0.000282        0.000259
1985-1989        9             0.000059        0.000509        0.000290
1985-1989       10             0.000000        0.000621        0.000317
1985-1989       11             0.000350        0.000614        0.000485
1985-1989       12             0.000403        0.000545        0.000476
1985-1989       13             0.000335        0.000532        0.000436
1985-1989       14             0.000161        0.000464        0.000315
1985-1989       15             0.000052        0.000654        0.000358
1985-1989       16             0.000412        0.000897        0.000658
1985-1989       17             0.000206        0.001258        0.000738
1985-1989       18             0.000747        0.001917        0.001341
1985-1989       19             0.000559        0.002056        0.001319
1985-1989       20             0.000919        0.001192        0.001056
1985-1989       21             0.000755        0.001397        0.001076
1985-1989       22             0.000757        0.001649        0.001200
1985-1989       23             0.000573        0.001616        0.001093
1985-1989       24             0.000503        0.001060        0.000782
1985-1989       25             0.000762        0.001689        0.001225
1985-1989       26             0.000428        0.001030        0.000727
1985-1989       27             0.000320        0.001185        0.000750
1985-1989       28             0.000642        0.001502        0.001072
1985-1989       29             0.000701        0.001895        0.001297
1985-1989       30             0.000710        0.001427        0.001067
1985-1989       31             0.000502        0.001122        0.000811
1985-1989       32             0.001072        0.001024        0.001048
1985-1989       33             0.001144        0.001036        0.001090
1985-1989       34             0.000583        0.001167        0.000875
1985-1989       35             0.000886        0.001464        0.001176
1985-1989       36             0.000476        0.001462        0.000973
1985-1989       37             0.000959        0.002184        0.001576
1985-1989       38             0.001315        0.001481        0.001398
1985-1989       39             0.001570        0.000892        0.001228
1985-1989       40             0.001628        0.001289        0.001457
1985-1989       41             0.001374        0.001142        0.001256
1985-1989       42             0.001649        0.002566        0.002117
1985-1989       43             0.001897        0.002809        0.002362
1985-1989       44             0.002157        0.003059        0.002616
1985-1989       45             0.001530        0.002257        0.001900
1985-1989       46             0.001851        0.003316        0.002598
1985-1989       47             0.002860        0.003752        0.003315
1985-1989       48             0.001938        0.003975        0.002978
1985-1989       49             0.002436        0.004440        0.003456
1985-1989       50             0.003353        0.006166        0.004778
1985-1989       51             0.003182        0.005464        0.004336
1985-1989       52             0.004815        0.006597        0.005712
1985-1989       53             0.004937        0.007719        0.006341
1985-1989       54             0.005193        0.008964        0.007100
1985-1989       55             0.005354        0.008995        0.007194
1985-1989       56             0.006299        0.010668        0.008506
1985-1989       57             0.005608        0.012477        0.009089
1985-1989       58             0.007039        0.012355        0.009732
1985-1989       59             0.005626        0.015413        0.010579
1985-1989       60             0.007373        0.012519        0.009953
1985-1989       61             0.006797        0.015776        0.011270
1985-1989       62             0.009047        0.019232        0.014092
1985-1989       63             0.010077        0.019237        0.014566
1985-1989       64             0.011265        0.022885        0.016861
1985-1989       65             0.013707        0.021827        0.017556
1985-1989       66             0.017278        0.024483        0.020646
1985-1989       67             0.015862        0.030486        0.022634
1985-1989       68             0.015906        0.031146        0.022908
1985-1989       69             0.019001        0.034316        0.026012
1985-1989       70             0.019403        0.036608        0.027261
1985-1989       71             0.022033        0.045890        0.032829
1985-1989       72             0.030849        0.056116        0.042164
1985-1989       73             0.032193        0.046726        0.038597
1985-1989       74             0.031907        0.063625        0.045658
1985-1989       75             0.035091        0.063380        0.047178
1985-1989       76             0.038298        0.061526        0.048016
1985-1989       77             0.042324        0.077207        0.056609
1985-1989       78             0.052301        0.074430        0.061259
1985-1989       79             0.055406        0.091244        0.069758
1985-1989       80             0.070436        0.100638        0.082352
1985-1989       81             0.068486        0.108192        0.083841
1985-1989       82             0.079412        0.104399        0.088718
1985-1989       83             0.092070        0.124533        0.103650
1985-1989       84             0.096163        0.141600        0.111751
1985-1989       85             0.121462        0.153153        0.131969
1985-1989       86             0.144480        0.155223        0.147970
1985-1989       87             0.147538        0.228690        0.172942
1985-1989       88             0.154663        0.199393        0.167643
1985-1989       89             0.166070        0.179147        0.169653
1985-1989       90             0.185407        0.234325        0.198044
1985-1989       91             0.214116        0.241517        0.220613
1985-1989       92             0.199167        0.289053        0.219169
1985-1989       93             0.265917        0.354601        0.284891
1985-1989       94             0.245603        0.226877        0.241681
1985-1989       95             0.297058        0.278669        0.293188
1985-1989       96             0.313311        0.276601        0.305110
1985-1989       97             0.295848        0.466237        0.335386
1985-1989       98             0.362400        0.458689        0.384246
1985-1989       99             0.555075        0.438797        0.526458
1985-1989      100             0.556996        0.757291        0.610424
1985-1989      101             0.709692        1.088897        0.799720
1985-1989      102             0.962038        2.468694        1.146614
1985-1989      103             1.776805              .        1.776805
1985-1989      104             2.760383              .        2.760383
1985-1989      105             2.319588              .        2.319588
1985-1989      106             6.000000              .        6.000000
1985-1989      107                   .              .              .
1985-1989      108                   .              .              .
1985-1989      109                   .              .              .
1985-1989      110+                  .              .              .
1990-1994        0             0.006563        0.008471        0.007542
1990-1994        1             0.000644        0.000390        0.000514
1990-1994        2             0.000638        0.000612        0.000625
1990-1994        3             0.000461        0.000221        0.000338
1990-1994        4             0.000287        0.000274        0.000280
1990-1994        5             0.000570        0.000327        0.000446
1990-1994        6             0.000449        0.000543        0.000497
1990-1994        7             0.000167        0.000270        0.000219
1990-1994        8             0.000111        0.000375        0.000246
1990-1994        9             0.000055        0.000534        0.000299
1990-1994       10             0.000279        0.000160        0.000218
1990-1994       11             0.000225        0.000054        0.000138
1990-1994       12             0.000399        0.000380        0.000389
1990-1994       13             0.000000        0.000221        0.000113
1990-1994       14             0.000409        0.000725        0.000571
1990-1994       15             0.000585        0.000502        0.000542
1990-1994       16             0.000292        0.000724        0.000513
1990-1994       17             0.000348        0.001166        0.000766
1990-1994       18             0.000578        0.001382        0.000989
1990-1994       19             0.001084        0.001257        0.001173
1990-1994       20             0.000792        0.001577        0.001192
1990-1994       21             0.000281        0.001978        0.001139
1990-1994       22             0.000171        0.001574        0.000877
1990-1994       23             0.000467        0.001789        0.001132
1990-1994       24             0.000719        0.001431        0.001076
1990-1994       25             0.000363        0.001161        0.000760
1990-1994       26             0.000598        0.002090        0.001334
1990-1994       27             0.000702        0.001090        0.000893
1990-1994       28             0.000455        0.001231        0.000837
1990-1994       29             0.000823        0.001299        0.001057
1990-1994       30             0.000898        0.001917        0.001398
1990-1994       31             0.000775        0.001446        0.001105
1990-1994       32             0.000514        0.001697        0.001096
1990-1994       33             0.000311        0.001172        0.000735
1990-1994       34             0.000366        0.001830        0.001088
1990-1994       35             0.000373        0.001248        0.000807
1990-1994       36             0.000381        0.001542        0.000958
1990-1994       37             0.000829        0.002026        0.001423
1990-1994       38             0.000731        0.001760        0.001243
1990-1994       39             0.000794        0.001083        0.000938
1990-1994       40             0.001259        0.001772        0.001516
1990-1994       41             0.001340        0.000920        0.001129
1990-1994       42             0.001125        0.001797        0.001465
1990-1994       43             0.001612        0.002792        0.002209
1990-1994       44             0.001525        0.001835        0.001682
1990-1994       45             0.001631        0.002444        0.002043
1990-1994       46             0.001564        0.003168        0.002377
1990-1994       47             0.001998        0.002998        0.002506
1990-1994       48             0.002287        0.003725        0.003017
1990-1994       49             0.002876        0.003864        0.003376
1990-1994       50             0.002499        0.003726        0.003124
1990-1994       51             0.002851        0.004888        0.003893
1990-1994       52             0.003622        0.006291        0.004984
1990-1994       53             0.003360        0.006002        0.004701
1990-1994       54             0.003178        0.006160        0.004682
1990-1994       55             0.005631        0.008335        0.006992
1990-1994       56             0.004638        0.007968        0.006308
1990-1994       57             0.004649        0.007345        0.005995
1990-1994       58             0.005465        0.011236        0.008337
1990-1994       59             0.007630        0.011831        0.009719
1990-1994       60             0.005252        0.013222        0.009222
1990-1994       61             0.008568        0.015504        0.012026
1990-1994       62             0.009548        0.015520        0.012520
1990-1994       63             0.010577        0.017713        0.014136
1990-1994       64             0.011509        0.020585        0.016025
1990-1994       65             0.010512        0.021393        0.015878
1990-1994       66             0.014549        0.023996        0.019161
1990-1994       67             0.011783        0.026633        0.018957
1990-1994       68             0.016254        0.031195        0.023342
1990-1994       69             0.017742        0.032206        0.024472
1990-1994       70             0.021008        0.036167        0.027935
1990-1994       71             0.017412        0.041350        0.028200
1990-1994       72             0.025233        0.040025        0.031808
1990-1994       73             0.026980        0.045468        0.035124
1990-1994       74             0.028716        0.052582        0.039128
1990-1994       75             0.033588        0.061424        0.045510
1990-1994       76             0.033559        0.061246        0.045224
1990-1994       77             0.037358        0.074175        0.052707
1990-1994       78             0.045487        0.077229        0.058512
1990-1994       79             0.053743        0.085286        0.066444
1990-1994       80             0.057922        0.093775        0.071796
1990-1994       81             0.068839        0.112905        0.085465
1990-1994       82             0.070151        0.110887        0.085221
1990-1994       83             0.078742        0.128807        0.096941
1990-1994       84             0.086951        0.141508        0.106256
1990-1994       85             0.099584        0.179845        0.127081
1990-1994       86             0.106145        0.166471        0.126141
1990-1994       87             0.132451        0.190706        0.150907
1990-1994       88             0.147033        0.181751        0.157496
1990-1994       89             0.161907        0.218585        0.178389
1990-1994       90             0.162761        0.222810        0.179674
1990-1994       91             0.203012        0.282498        0.224924
1990-1994       92             0.240567        0.265359        0.247309
1990-1994       93             0.256098        0.254848        0.255769
1990-1994       94             0.273398        0.281740        0.275494
1990-1994       95             0.293135        0.403369        0.318615
1990-1994       96             0.377300        0.408264        0.383451
1990-1994       97             0.354322        0.226929        0.330397
1990-1994       98             0.316374        0.686057        0.380724
1990-1994       99             0.455691        0.659703        0.483503
1990-1994      100             0.388217        1.050418        0.455292
1990-1994      101             0.428072        1.738095        0.497502
1990-1994      102             0.464104        4.572973        0.533333
1990-1994      103             0.576843              .        0.576843
1990-1994      104             0.856000              .        0.856000
1990-1994      105             0.755074              .        0.755074
1990-1994      106             2.137931              .        2.137931
1990-1994      107                   .              .              .
1990-1994      108                   .              .              .
1990-1994      109                   .              .              .
1990-1994      110+                  .              .              .
1995-1999        0             0.004088        0.007581        0.005880
1995-1999        1             0.000507        0.000540        0.000524
1995-1999        2             0.000560        0.000995        0.000785
1995-1999        3             0.000486        0.000287        0.000384
1995-1999        4             0.000060        0.000568        0.000321
1995-1999        5             0.000533        0.000394        0.000462
1995-1999        6             0.000235        0.000225        0.000230
1995-1999        7             0.000351        0.000000        0.000172
1995-1999        8             0.000233        0.000168        0.000200
1995-1999        9             0.000117        0.000111        0.000114
1995-1999       10             0.000347        0.000332        0.000340
1995-1999       11             0.000344        0.000555        0.000451
1995-1999       12             0.000399        0.000165        0.000280
1995-1999       13             0.000170        0.000164        0.000167
1995-1999       14             0.000284        0.000711        0.000501
1995-1999       15             0.000688        0.000663        0.000675
1995-1999       16             0.000116        0.000617        0.000371
1995-1999       17             0.000296        0.000804        0.000554
1995-1999       18             0.000310        0.001611        0.000973
1995-1999       19             0.000714        0.001297        0.001012
1995-1999       20             0.000793        0.000816        0.000805
1995-1999       21             0.000998        0.001405        0.001205
1995-1999       22             0.000396        0.000648        0.000523
1995-1999       23             0.000129        0.001426        0.000777
1995-1999       24             0.000756        0.000894        0.000825
1995-1999       25             0.000497        0.001329        0.000909
1995-1999       26             0.000550        0.000814        0.000680
1995-1999       27             0.000724        0.001304        0.001010
1995-1999       28             0.000243        0.000932        0.000583
1995-1999       29             0.000367        0.001573        0.000961
1995-1999       30             0.000671        0.000957        0.000811
1995-1999       31             0.000601        0.001014        0.000802
1995-1999       32             0.000352        0.001801        0.001057
1995-1999       33             0.000798        0.001078        0.000935
1995-1999       34             0.000385        0.001550        0.000955
1995-1999       35             0.000691        0.000998        0.000841
1995-1999       36             0.000471        0.001257        0.000856
1995-1999       37             0.000575        0.001192        0.000878
1995-1999       38             0.001260        0.001625        0.001440
1995-1999       39             0.001224        0.001416        0.001319
1995-1999       40             0.000760        0.001702        0.001229
1995-1999       41             0.001107        0.001510        0.001307
1995-1999       42             0.001007        0.001305        0.001155
1995-1999       43             0.001758        0.001655        0.001707
1995-1999       44             0.001326        0.001561        0.001444
1995-1999       45             0.001409        0.002230        0.001820
1995-1999       46             0.001492        0.002615        0.002055
1995-1999       47             0.003092        0.002650        0.002870
1995-1999       48             0.002253        0.003247        0.002753
1995-1999       49             0.002103        0.002735        0.002422
1995-1999       50             0.003270        0.003212        0.003241
1995-1999       51             0.002533        0.004767        0.003662
1995-1999       52             0.003219        0.004921        0.004080
1995-1999       53             0.003660        0.005330        0.004505
1995-1999       54             0.003714        0.005249        0.004491
1995-1999       55             0.003444        0.006386        0.004935
1995-1999       56             0.004842        0.006375        0.005618
1995-1999       57             0.004369        0.006417        0.005404
1995-1999       58             0.005621        0.008371        0.007005
1995-1999       59             0.006717        0.010529        0.008628
1995-1999       60             0.007516        0.009844        0.008678
1995-1999       61             0.006738        0.012192        0.009445
1995-1999       62             0.007695        0.012028        0.009840
1995-1999       63             0.008500        0.014992        0.011709
1995-1999       64             0.010006        0.014986        0.012472
1995-1999       65             0.010273        0.022103        0.016120
1995-1999       66             0.011747        0.018941        0.015278
1995-1999       67             0.009974        0.024338        0.016986
1995-1999       68             0.016679        0.024801        0.020639
1995-1999       69             0.016083        0.026737        0.021259
1995-1999       70             0.017316        0.027541        0.022225
1995-1999       71             0.017516        0.036757        0.026625
1995-1999       72             0.022568        0.036584        0.029096
1995-1999       73             0.025790        0.041964        0.033177
1995-1999       74             0.024981        0.046438        0.034540
1995-1999       75             0.030052        0.053517        0.040249
1995-1999       76             0.031576        0.055814        0.041934
1995-1999       77             0.036229        0.060611        0.046457
1995-1999       78             0.041023        0.066100        0.051280
1995-1999       79             0.048447        0.075375        0.059296
1995-1999       80             0.047687        0.077538        0.059300
1995-1999       81             0.058312        0.105114        0.076110
1995-1999       82             0.059955        0.104314        0.076376
1995-1999       83             0.072934        0.108165        0.085645
1995-1999       84             0.079378        0.124270        0.095102
1995-1999       85             0.097912        0.153984        0.116797
1995-1999       86             0.105742        0.151455        0.120453
1995-1999       87             0.120274        0.174507        0.137068
1995-1999       88             0.131733        0.187005        0.148336
1995-1999       89             0.142008        0.224104        0.165680
1995-1999       90             0.167678        0.233670        0.185810
1995-1999       91             0.189003        0.286720        0.214513
1995-1999       92             0.230607        0.289312        0.244881
1995-1999       93             0.220111        0.314019        0.241408
1995-1999       94             0.245212        0.257036        0.247838
1995-1999       95             0.255531        0.447187        0.297081
1995-1999       96             0.313216        0.285476        0.307245
1995-1999       97             0.311054        0.368007        0.324304
1995-1999       98             0.431571        0.305981        0.400892
1995-1999       99             0.267481        0.702441        0.364156
1995-1999      100             0.464525        0.644938        0.493139
1995-1999      101             0.534399        0.854369        0.569134
1995-1999      102             0.642045        2.176101        0.717405
1995-1999      103             0.790060              .        0.790060
1995-1999      104             0.934737              .        0.934737
1995-1999      105             0.927136              .        0.927136
1995-1999      106             2.186916              .        2.186916
1995-1999      107                   .              .              .
1995-1999      108                   .              .              .
1995-1999      109                   .              .              .
1995-1999      110+                  .              .              .
2000-2004        0             0.005195        0.006400        0.005816
2000-2004        1             0.000275        0.000193        0.000233
2000-2004        2             0.000401        0.000316        0.000357
2000-2004        3             0.000000        0.000251        0.000129
2000-2004        4             0.000065        0.000371        0.000222
2000-2004        5             0.000384        0.000365        0.000374
2000-2004        6             0.000000        0.000358        0.000184
2000-2004        7             0.000498        0.000586        0.000543
2000-2004        8             0.000366        0.000000        0.000178
2000-2004        9             0.000000        0.000344        0.000176
2000-2004       10             0.000060        0.000170        0.000116
2000-2004       11             0.000299        0.000397        0.000349
2000-2004       12             0.000357        0.000227        0.000290
2000-2004       13             0.000239        0.000509        0.000377
2000-2004       14             0.000298        0.000283        0.000290
2000-2004       15             0.000178        0.000397        0.000290
2000-2004       16             0.000295        0.000571        0.000435
2000-2004       17             0.000532        0.000634        0.000583
2000-2004       18             0.000663        0.001468        0.001071
2000-2004       19             0.000438        0.001089        0.000769
2000-2004       20             0.000519        0.000940        0.000733
2000-2004       21             0.000472        0.000780        0.000629
2000-2004       22             0.000139        0.001021        0.000585
2000-2004       23             0.000431        0.001424        0.000929
2000-2004       24             0.000296        0.000953        0.000625
2000-2004       25             0.000372        0.001186        0.000780
2000-2004       26             0.000589        0.001414        0.000999
2000-2004       27             0.000575        0.001107        0.000838
2000-2004       28             0.000758        0.001147        0.000949
2000-2004       29             0.000197        0.000554        0.000371
2000-2004       30             0.000887        0.000803        0.000846
2000-2004       31             0.000740        0.001886        0.001297
2000-2004       32             0.000847        0.001784        0.001303
2000-2004       33             0.000543        0.001642        0.001080
2000-2004       34             0.000853        0.001979        0.001403
2000-2004       35             0.000549        0.001673        0.001096
2000-2004       36             0.000780        0.001335        0.001049
2000-2004       37             0.001119        0.000998        0.001060
2000-2004       38             0.001149        0.001447        0.001294
2000-2004       39             0.000890        0.001268        0.001075
2000-2004       40             0.000810        0.001230        0.001016
2000-2004       41             0.000850        0.002041        0.001434
2000-2004       42             0.001219        0.002459        0.001830
2000-2004       43             0.000963        0.001870        0.001410
2000-2004       44             0.001250        0.002678        0.001954
2000-2004       45             0.001273        0.001804        0.001536
2000-2004       46             0.001688        0.002744        0.002212
2000-2004       47             0.002683        0.002376        0.002531
2000-2004       48             0.001215        0.002574        0.001891
2000-2004       49             0.002519        0.003672        0.003092
2000-2004       50             0.002131        0.002940        0.002532
2000-2004       51             0.002211        0.002963        0.002584
2000-2004       52             0.003210        0.003403        0.003306
2000-2004       53             0.003174        0.003468        0.003321
2000-2004       54             0.003402        0.005937        0.004670
2000-2004       55             0.002940        0.005572        0.004254
2000-2004       56             0.002978        0.006058        0.004521
2000-2004       57             0.003871        0.006628        0.005257
2000-2004       58             0.005310        0.007570        0.006447
2000-2004       59             0.005625        0.008138        0.006892
2000-2004       60             0.005192        0.008758        0.006991
2000-2004       61             0.005574        0.009805        0.007706
2000-2004       62             0.007159        0.009843        0.008508
2000-2004       63             0.007548        0.012973        0.010266
2000-2004       64             0.007320        0.013599        0.010451
2000-2004       65             0.008859        0.012959        0.010896
2000-2004       66             0.008029        0.014093        0.011035
2000-2004       67             0.011146        0.019363        0.015199
2000-2004       68             0.012944        0.020701        0.016761
2000-2004       69             0.013996        0.023831        0.018817
2000-2004       70             0.014784        0.027906        0.021169
2000-2004       71             0.016682        0.027672        0.021997
2000-2004       72             0.020036        0.034805        0.027121
2000-2004       73             0.020337        0.040452        0.029910
2000-2004       74             0.023281        0.040622        0.031446
2000-2004       75             0.025873        0.042683        0.033690
2000-2004       76             0.031974        0.049257        0.039838
2000-2004       77             0.034755        0.057317        0.044803
2000-2004       78             0.038254        0.060906        0.048082
2000-2004       79             0.045515        0.060936        0.052004
2000-2004       80             0.042440        0.072690        0.054405
2000-2004       81             0.050240        0.085760        0.063908
2000-2004       82             0.059506        0.087769        0.070079
2000-2004       83             0.065599        0.110785        0.081937
2000-2004       84             0.074886        0.111033        0.087540
2000-2004       85             0.086857        0.138901        0.104489
2000-2004       86             0.085906        0.139134        0.103283
2000-2004       87             0.120940        0.152633        0.131078
2000-2004       88             0.126132        0.184188        0.144274
2000-2004       89             0.152580        0.177101        0.159948
2000-2004       90             0.150481        0.236259        0.174920
2000-2004       91             0.171135        0.258014        0.193976
2000-2004       92             0.195791        0.237672        0.206199
2000-2004       93             0.186125        0.265354        0.205240
2000-2004       94             0.230365        0.282734        0.242345
2000-2004       95             0.265279        0.391833        0.291865
2000-2004       96             0.327399        0.452664        0.351248
2000-2004       97             0.280389        0.290715        0.282232
2000-2004       98             0.331384        0.490108        0.358021
2000-2004       99             0.312092        0.472653        0.336981
2000-2004      100             0.463075        0.788996        0.508884
2000-2004      101             0.515645        0.991485        0.567401
2000-2004      102             0.594813        1.781443        0.668854
2000-2004      103             0.753944        6.000000        0.777793
2000-2004      104             1.173723              .        1.173723
2000-2004      105             1.916905              .        1.916905
2000-2004      106             6.000000              .        6.000000
2000-2004      107                   .              .              .
2000-2004      108                   .              .              .
2000-2004      109                   .              .              .
2000-2004      110+                  .              .              .
2005-2009        0             0.003114        0.004534        0.003846
2005-2009        1             0.000260        0.000732        0.000504
2005-2009        2             0.000266        0.000125        0.000193
2005-2009        3             0.000474        0.000190        0.000327
2005-2009        4             0.000205        0.000573        0.000395
2005-2009        5             0.000544        0.000191        0.000362
2005-2009        6             0.000267        0.000000        0.000130
2005-2009        7             0.000000        0.000309        0.000159
2005-2009        8             0.000128        0.000486        0.000312
2005-2009        9             0.000756        0.000479        0.000614
2005-2009       10             0.000125        0.000177        0.000151
2005-2009       11             0.000000        0.000174        0.000090
2005-2009       12             0.000061        0.000228        0.000147
2005-2009       13             0.000060        0.000282        0.000175
2005-2009       14             0.000660        0.000000        0.000319
2005-2009       15             0.000000        0.000675        0.000348
2005-2009       16             0.000241        0.000788        0.000524
2005-2009       17             0.000482        0.000568        0.000526
2005-2009       18             0.000853        0.000808        0.000830
2005-2009       19             0.000934        0.001242        0.001092
2005-2009       20             0.000885        0.000666        0.000773
2005-2009       21             0.000254        0.001599        0.000938
2005-2009       22             0.000836        0.001251        0.001047
2005-2009       23             0.000328        0.000825        0.000581
2005-2009       24             0.000738        0.001512        0.001129
2005-2009       25             0.000898        0.001227        0.001064
2005-2009       26             0.000280        0.000916        0.000597
2005-2009       27             0.000984        0.001879        0.001425
2005-2009       28             0.000283        0.001030        0.000649
2005-2009       29             0.000500        0.000738        0.000617
2005-2009       30             0.000499        0.000950        0.000722
2005-2009       31             0.001264        0.001589        0.001424
2005-2009       32             0.000548        0.000922        0.000732
2005-2009       33             0.000784        0.000823        0.000803
2005-2009       34             0.000683        0.001453        0.001056
2005-2009       35             0.000599        0.001715        0.001141
2005-2009       36             0.000875        0.001838        0.001345
2005-2009       37             0.000865        0.001860        0.001352
2005-2009       38             0.000693        0.001257        0.000970
2005-2009       39             0.000877        0.001638        0.001250
2005-2009       40             0.000708        0.001099        0.000900
2005-2009       41             0.000996        0.001705        0.001343
2005-2009       42             0.001154        0.001625        0.001385
2005-2009       43             0.001294        0.001577        0.001433
2005-2009       44             0.000765        0.002085        0.001414
2005-2009       45             0.001698        0.002192        0.001941
2005-2009       46             0.001468        0.003147        0.002293
2005-2009       47             0.001473        0.003251        0.002349
2005-2009       48             0.002445        0.003759        0.003094
2005-2009       49             0.001775        0.002587        0.002177
2005-2009       50             0.002188        0.002995        0.002589
2005-2009       51             0.002842        0.003783        0.003309
2005-2009       52             0.002311        0.004469        0.003381
2005-2009       53             0.003248        0.003585        0.003415
2005-2009       54             0.002369        0.004751        0.003550
2005-2009       55             0.003333        0.005398        0.004358
2005-2009       56             0.003741        0.004611        0.004174
2005-2009       57             0.003496        0.004776        0.004135
2005-2009       58             0.004410        0.006519        0.005465
2005-2009       59             0.005014        0.007718        0.006365
2005-2009       60             0.005365        0.008094        0.006728
2005-2009       61             0.005611        0.008078        0.006845
2005-2009       62             0.006432        0.008197        0.007319
2005-2009       63             0.006223        0.011156        0.008702
2005-2009       64             0.008187        0.011419        0.009811
2005-2009       65             0.009187        0.011499        0.010350
2005-2009       66             0.009321        0.013382        0.011365
2005-2009       67             0.009173        0.015511        0.012347
2005-2009       68             0.011858        0.019401        0.015613
2005-2009       69             0.010314        0.019916        0.015060
2005-2009       70             0.014588        0.019574        0.017043
2005-2009       71             0.016118        0.022053        0.019022
2005-2009       72             0.014132        0.027488        0.020615
2005-2009       73             0.018271        0.030555        0.024180
2005-2009       74             0.018129        0.033414        0.025402
2005-2009       75             0.022327        0.037572        0.029490
2005-2009       76             0.024445        0.039787        0.031577
2005-2009       77             0.030812        0.047262        0.038376
2005-2009       78             0.034203        0.050020        0.041381
2005-2009       79             0.037722        0.053993        0.045003
2005-2009       80             0.043396        0.063068        0.052046
2005-2009       81             0.046255        0.066433        0.054841
2005-2009       82             0.058695        0.087187        0.070406
2005-2009       83             0.059126        0.094379        0.072998
2005-2009       84             0.075155        0.103004        0.085583
2005-2009       85             0.081376        0.118194        0.094597
2005-2009       86             0.097064        0.116986        0.104001
2005-2009       87             0.114728        0.132322        0.120650
2005-2009       88             0.120690        0.150015        0.130118
2005-2009       89             0.124601        0.183954        0.142814
2005-2009       90             0.153285        0.188835        0.163739
2005-2009       91             0.183536        0.226804        0.195738
2005-2009       92             0.201070        0.220709        0.206390
2005-2009       93             0.218693        0.255180        0.228206
2005-2009       94             0.256846        0.336814        0.276524
2005-2009       95             0.253692        0.321885        0.269229
2005-2009       96             0.347739        0.337660        0.345593
2005-2009       97             0.322849        0.355001        0.329343
2005-2009       98             0.381086        0.436094        0.391637
2005-2009       99             0.480337        0.371818        0.460050
2005-2009      100             0.470289        0.582896        0.490240
2005-2009      101             0.526996        0.711153        0.554354
2005-2009      102             0.606817        1.422939        0.683651
2005-2009      103             0.737084        6.000000        0.781025
2005-2009      104             1.015980              .        1.015980
2005-2009      105             2.025357              .        2.025357
2005-2009      106             6.000000              .        6.000000
2005-2009      107                   .              .              .
2005-2009      108                   .              .              .
2005-2009      109                   .              .              .
2005-2009      110+                  .              .              .
2010-2014        0             0.003500        0.005034        0.004288
2010-2014        1             0.000200        0.000688        0.000451
2010-2014        2             0.000592        0.000369        0.000477
2010-2014        3             0.000130        0.000303        0.000220
2010-2014        4             0.000065        0.000120        0.000093
2010-2014        5             0.000193        0.000180        0.000187
2010-2014        6             0.000000        0.000363        0.000188
2010-2014        7             0.000396        0.000491        0.000445
2010-2014        8             0.000266        0.000186        0.000225
2010-2014        9             0.000201        0.000187        0.000194
2010-2014       10             0.000199        0.000374        0.000289
2010-2014       11             0.000131        0.000000        0.000063
2010-2014       12             0.000000        0.000121        0.000062
2010-2014       13             0.000444        0.000596        0.000522
2010-2014       14             0.000440        0.000707        0.000578
2010-2014       15             0.000497        0.000350        0.000421
2010-2014       16             0.000806        0.000463        0.000628
2010-2014       17             0.000496        0.000346        0.000418
2010-2014       18             0.000374        0.001327        0.000868
2010-2014       19             0.000376        0.000462        0.000421
2010-2014       20             0.000382        0.000407        0.000395
2010-2014       21             0.000449        0.000827        0.000646
2010-2014       22             0.000384        0.000423        0.000404
2010-2014       23             0.000450        0.000800        0.000629
2010-2014       24             0.000456        0.000880        0.000672
2010-2014       25             0.000395        0.000768        0.000584
2010-2014       26             0.000660        0.000914        0.000788
2010-2014       27             0.000397        0.000658        0.000528
2010-2014       28             0.000595        0.000598        0.000597
2010-2014       29             0.000397        0.001078        0.000734
2010-2014       30             0.000665        0.000958        0.000809
2010-2014       31             0.001214        0.000831        0.001025
2010-2014       32             0.000747        0.001054        0.000898
2010-2014       33             0.000681        0.001354        0.001010
2010-2014       34             0.000689        0.001141        0.000911
2010-2014       35             0.000413        0.001203        0.000802
2010-2014       36             0.000744        0.001047        0.000893
2010-2014       37             0.000791        0.001911        0.001341
2010-2014       38             0.000568        0.001781        0.001161
2010-2014       39             0.000721        0.001771        0.001233
2010-2014       40             0.001218        0.001340        0.001278
2010-2014       41             0.001417        0.001602        0.001508
2010-2014       42             0.000839        0.001576        0.001200
2010-2014       43             0.000732        0.002453        0.001577
2010-2014       44             0.001088        0.002498        0.001780
2010-2014       45             0.001505        0.001998        0.001746
2010-2014       46             0.001326        0.002603        0.001948
2010-2014       47             0.001536        0.002561        0.002037
2010-2014       48             0.001785        0.002900        0.002332
2010-2014       49             0.001950        0.003246        0.002588
2010-2014       50             0.002319        0.003583        0.002942
2010-2014       51             0.003238        0.002903        0.003073
2010-2014       52             0.002458        0.003966        0.003203
2010-2014       53             0.002728        0.003400        0.003059
2010-2014       54             0.002604        0.004197        0.003391
2010-2014       55             0.004070        0.004905        0.004484
2010-2014       56             0.003642        0.004925        0.004279
2010-2014       57             0.003297        0.006327        0.004797
2010-2014       58             0.003857        0.007047        0.005437
2010-2014       59             0.004686        0.006840        0.005757
2010-2014       60             0.004161        0.007407        0.005775
2010-2014       61             0.005126        0.008044        0.006585
2010-2014       62             0.006553        0.009075        0.007820
2010-2014       63             0.005244        0.009484        0.007374
2010-2014       64             0.006120        0.010193        0.008163
2010-2014       65             0.008572        0.012313        0.010450
2010-2014       66             0.008723        0.013635        0.011192
2010-2014       67             0.009808        0.013227        0.011527
2010-2014       68             0.010509        0.015336        0.012935
2010-2014       69             0.011731        0.015771        0.013757
2010-2014       70             0.013268        0.019879        0.016586
2010-2014       71             0.013444        0.017352        0.015403
2010-2014       72             0.015483        0.023142        0.019303
2010-2014       73             0.016141        0.024336        0.020199
2010-2014       74             0.019285        0.028970        0.024043
2010-2014       75             0.022245        0.035153        0.028493
2010-2014       76             0.026521        0.036361        0.031209
2010-2014       77             0.028570        0.039326        0.033603
2010-2014       78             0.031379        0.045074        0.037731
2010-2014       79             0.032714        0.051830        0.041464
2010-2014       80             0.045785        0.057221        0.050953
2010-2014       81             0.046691        0.066643        0.055596
2010-2014       82             0.054820        0.068092        0.060645
2010-2014       83             0.060183        0.085584        0.071223
2010-2014       84             0.075328        0.090239        0.081673
2010-2014       85             0.074929        0.115206        0.091514
2010-2014       86             0.090130        0.118109        0.101146
2010-2014       87             0.095399        0.143747        0.113520
2010-2014       88             0.123420        0.150247        0.132962
2010-2014       89             0.135733        0.164191        0.145373
2010-2014       90             0.156450        0.197272        0.169638
2010-2014       91             0.165534        0.231001        0.185641
2010-2014       92             0.192363        0.247635        0.208317
2010-2014       93             0.223821        0.256038        0.232595
2010-2014       94             0.247148        0.282302        0.256375
2010-2014       95             0.278766        0.411117        0.311634
2010-2014       96             0.309547        0.277046        0.301906
2010-2014       97             0.327395        0.483612        0.361879
2010-2014       98             0.374434        0.294553        0.357882
2010-2014       99             0.324661        0.444894        0.350034
2010-2014      100             0.440818        0.567028        0.465266
2010-2014      101             0.485003        0.684390        0.518833
2010-2014      102             0.537132        0.963611        0.593125
2010-2014      103             0.621814        1.424032        0.681556
2010-2014      104             0.804445        6.000000        0.842349
2010-2014      105             1.307182              .        1.307182
2010-2014      106             1.516245              .        1.516245
2010-2014      107                   .              .              .
2010-2014      108                   .              .              .
2010-2014      109                   .              .              .
2010-2014      110+                  .              .              .
2015-2016        0             0.004031        0.004039        0.004035
2015-2016        1             0.000521        0.000000        0.000253
2015-2016        2             0.000171        0.000657        0.000418
2015-2016        3             0.000502        0.000000        0.000246
2015-2016        4             0.000000        0.000629        0.000323
2015-2016        5             0.000000        0.000000        0.000000
2015-2016        6             0.000485        0.000000        0.000234
2015-2016        7             0.000000        0.000296        0.000152
2015-2016        8             0.000000        0.000441        0.000227
2015-2016        9             0.000471        0.000000        0.000229
2015-2016       10             0.000000        0.000000        0.000000
2015-2016       11             0.000504        0.000000        0.000244
2015-2016       12             0.000345        0.000323        0.000334
2015-2016       13             0.000509        0.000000        0.000249
2015-2016       14             0.000497        0.000000        0.000241
2015-2016       15             0.000488        0.000455        0.000471
2015-2016       16             0.000477        0.000595        0.000538
2015-2016       17             0.000000        0.000749        0.000385
2015-2016       18             0.000162        0.001224        0.000709
2015-2016       19             0.000325        0.001224        0.000789
2015-2016       20             0.001133        0.000606        0.000861
2015-2016       21             0.000489        0.000589        0.000541
2015-2016       22             0.000656        0.001185        0.000934
2015-2016       23             0.000163        0.001073        0.000632
2015-2016       24             0.000810        0.000947        0.000879
2015-2016       25             0.000160        0.000634        0.000398
2015-2016       26             0.000000        0.000478        0.000242
2015-2016       27             0.000492        0.000824        0.000658
2015-2016       28             0.000164        0.000334        0.000248
2015-2016       29             0.000659        0.001004        0.000830
2015-2016       30             0.000000        0.001492        0.000737
2015-2016       31             0.000800        0.001009        0.000902
2015-2016       32             0.000978        0.000504        0.000745
2015-2016       33             0.000829        0.000672        0.000751
2015-2016       34             0.000981        0.001216        0.001095
2015-2016       35             0.000819        0.001972        0.001369
2015-2016       36             0.001522        0.000360        0.000959
2015-2016       37             0.000681        0.001431        0.001047
2015-2016       38             0.001373        0.000727        0.001059
2015-2016       39             0.001564        0.002518        0.002033
2015-2016       40             0.000835        0.001734        0.001276
2015-2016       41             0.000477        0.001335        0.000895
2015-2016       42             0.000763        0.002267        0.001492
2015-2016       43             0.000578        0.002342        0.001425
2015-2016       44             0.001238        0.001477        0.001353
2015-2016       45             0.001910        0.001870        0.001891
2015-2016       46             0.000421        0.003206        0.001788
2015-2016       47             0.001834        0.002076        0.001952
2015-2016       48             0.000286        0.003399        0.001784
2015-2016       49             0.003645        0.003032        0.003353
2015-2016       50             0.001471        0.002523        0.001979
2015-2016       51             0.002406        0.004319        0.003338
2015-2016       52             0.002535        0.003351        0.002934
2015-2016       53             0.004227        0.004248        0.004237
2015-2016       54             0.002317        0.006411        0.004325
2015-2016       55             0.003032        0.004526        0.003759
2015-2016       56             0.003481        0.006122        0.004766
2015-2016       57             0.004246        0.004231        0.004239
2015-2016       58             0.004224        0.007292        0.005750
2015-2016       59             0.005063        0.007048        0.006041
2015-2016       60             0.005326        0.008660        0.006982
2015-2016       61             0.005861        0.007301        0.006566
2015-2016       62             0.005708        0.010172        0.007871
2015-2016       63             0.007998        0.009207        0.008596
2015-2016       64             0.005181        0.011137        0.008154
2015-2016       65             0.006457        0.011684        0.009057
2015-2016       66             0.009336        0.014713        0.011994
2015-2016       67             0.009112        0.010992        0.010045
2015-2016       68             0.010786        0.014288        0.012543
2015-2016       69             0.011183        0.015843        0.013522
2015-2016       70             0.010607        0.020277        0.015381
2015-2016       71             0.008429        0.023023        0.015596
2015-2016       72             0.013931        0.022937        0.018447
2015-2016       73             0.018294        0.023888        0.021080
2015-2016       74             0.021501        0.032390        0.026783
2015-2016       75             0.018396        0.034500        0.026160
2015-2016       76             0.022017        0.031673        0.026711
2015-2016       77             0.023330        0.037762        0.030256
2015-2016       78             0.028856        0.043741        0.035858
2015-2016       79             0.032660        0.050279        0.040783
2015-2016       80             0.039290        0.046349        0.042543
2015-2016       81             0.048480        0.061265        0.054339
2015-2016       82             0.055446        0.077953        0.065407
2015-2016       83             0.066985        0.079162        0.072277
2015-2016       84             0.067394        0.090851        0.077565
2015-2016       85             0.074276        0.097853        0.084339
2015-2016       86             0.084283        0.127957        0.102428
2015-2016       87             0.091658        0.144581        0.112650
2015-2016       88             0.114246        0.142447        0.125183
2015-2016       89             0.136113        0.145174        0.139587
2015-2016       90             0.143626        0.183053        0.157928
2015-2016       91             0.164928        0.198400        0.175979
2015-2016       92             0.185859        0.209662        0.193230
2015-2016       93             0.228018        0.289144        0.246200
2015-2016       94             0.227634        0.214804        0.224029
2015-2016       95             0.291204        0.262063        0.283536
2015-2016       96             0.314403        0.341077        0.321190
2015-2016       97             0.360260        0.480100        0.389418
2015-2016       98             0.295832        0.278177        0.292049
2015-2016       99             0.383689        0.248413        0.356599
2015-2016      100             0.459165        0.572471        0.481302
2015-2016      101             0.514452        0.761557        0.554807
2015-2016      102             0.591814        1.182972        0.656765
2015-2016      103             0.693111        3.010830        0.799668
2015-2016      104             0.877219              .        0.877219
2015-2016      105             1.404941              .        1.404941
2015-2016      106             4.640625              .        4.640625
2015-2016      107                   .              .              .
2015-2016      108                   .              .              .
2015-2016      109                   .              .              .
2015-2016      110+                  .              .              .
