NSW, Life tables (period 1x10), Females	Last modified: 23 May 2023;  Methods Protocol: v6 (2017)

  Year          Age         mx       qx    ax      lx      dx      Lx       Tx     ex
1971-1979        0      0.01324  0.01309  0.12  100000    1309   98851  7599374  75.99
1971-1979        1      0.00101  0.00101  0.50   98691     100   98642  7500523  76.00
1971-1979        2      0.00062  0.00062  0.50   98592      61   98561  7401881  75.08
1971-1979        3      0.00043  0.00043  0.50   98531      43   98510  7303320  74.12
1971-1979        4      0.00038  0.00038  0.50   98488      37   98470  7204810  73.15
1971-1979        5      0.00032  0.00032  0.50   98451      32   98435  7106340  72.18
1971-1979        6      0.00032  0.00032  0.50   98420      32   98404  7007905  71.20
1971-1979        7      0.00025  0.00025  0.50   98388      25   98375  6909501  70.23
1971-1979        8      0.00024  0.00024  0.50   98363      23   98351  6811126  69.24
1971-1979        9      0.00020  0.00020  0.50   98340      20   98330  6712775  68.26
1971-1979       10      0.00020  0.00020  0.50   98320      19   98310  6614445  67.27
1971-1979       11      0.00023  0.00023  0.50   98301      22   98290  6516134  66.29
1971-1979       12      0.00019  0.00019  0.50   98279      19   98269  6417845  65.30
1971-1979       13      0.00025  0.00025  0.50   98260      25   98247  6319575  64.31
1971-1979       14      0.00033  0.00033  0.50   98235      33   98219  6221328  63.33
1971-1979       15      0.00034  0.00034  0.50   98202      34   98186  6123109  62.35
1971-1979       16      0.00041  0.00041  0.50   98169      41   98149  6024924  61.37
1971-1979       17      0.00057  0.00057  0.50   98128      56   98100  5926775  60.40
1971-1979       18      0.00062  0.00062  0.50   98072      61   98042  5828675  59.43
1971-1979       19      0.00054  0.00054  0.50   98011      53   97985  5730633  58.47
1971-1979       20      0.00051  0.00051  0.50   97958      50   97933  5632649  57.50
1971-1979       21      0.00052  0.00052  0.50   97908      51   97883  5534716  56.53
1971-1979       22      0.00054  0.00054  0.50   97857      53   97831  5436833  55.56
1971-1979       23      0.00058  0.00058  0.50   97804      57   97776  5339002  54.59
1971-1979       24      0.00056  0.00056  0.50   97747      55   97720  5241227  53.62
1971-1979       25      0.00051  0.00051  0.50   97692      50   97667  5143507  52.65
1971-1979       26      0.00054  0.00054  0.50   97643      52   97616  5045840  51.68
1971-1979       27      0.00066  0.00066  0.50   97590      64   97558  4948223  50.70
1971-1979       28      0.00055  0.00055  0.50   97526      54   97499  4850665  49.74
1971-1979       29      0.00063  0.00063  0.50   97472      62   97442  4753166  48.76
1971-1979       30      0.00069  0.00069  0.50   97411      68   97377  4655724  47.79
1971-1979       31      0.00065  0.00065  0.50   97343      63   97312  4558347  46.83
1971-1979       32      0.00074  0.00074  0.50   97280      72   97244  4461035  45.86
1971-1979       33      0.00081  0.00081  0.50   97208      79   97169  4363791  44.89
1971-1979       34      0.00094  0.00094  0.50   97129      92   97083  4266623  43.93
1971-1979       35      0.00107  0.00107  0.50   97037     104   96985  4169540  42.97
1971-1979       36      0.00113  0.00113  0.50   96933     109   96879  4072554  42.01
1971-1979       37      0.00131  0.00131  0.50   96824     126   96761  3975676  41.06
1971-1979       38      0.00138  0.00138  0.50   96698     133   96631  3878915  40.11
1971-1979       39      0.00160  0.00160  0.50   96564     154   96487  3782284  39.17
1971-1979       40      0.00162  0.00162  0.50   96410     156   96332  3685797  38.23
1971-1979       41      0.00175  0.00175  0.50   96254     168   96170  3589465  37.29
1971-1979       42      0.00219  0.00219  0.50   96086     210   95980  3493296  36.36
1971-1979       43      0.00248  0.00248  0.50   95875     237   95757  3397315  35.43
1971-1979       44      0.00269  0.00268  0.50   95638     257   95510  3301558  34.52
1971-1979       45      0.00285  0.00285  0.50   95381     271   95246  3206049  33.61
1971-1979       46      0.00316  0.00316  0.50   95110     301   94960  3110803  32.71
1971-1979       47      0.00352  0.00351  0.50   94809     333   94643  3015843  31.81
1971-1979       48      0.00363  0.00362  0.50   94476     342   94305  2921201  30.92
1971-1979       49      0.00411  0.00410  0.50   94134     386   93941  2826895  30.03
1971-1979       50      0.00448  0.00447  0.50   93748     419   93539  2732954  29.15
1971-1979       51      0.00451  0.00450  0.50   93329     420   93119  2639416  28.28
1971-1979       52      0.00533  0.00531  0.50   92909     494   92662  2546297  27.41
1971-1979       53      0.00540  0.00539  0.50   92415     498   92167  2453634  26.55
1971-1979       54      0.00619  0.00617  0.50   91918     567   91634  2361468  25.69
1971-1979       55      0.00619  0.00618  0.50   91350     564   91068  2269834  24.85
1971-1979       56      0.00680  0.00678  0.50   90786     615   90479  2178766  24.00
1971-1979       57      0.00800  0.00797  0.50   90171     718   89812  2088287  23.16
1971-1979       58      0.00849  0.00845  0.50   89453     756   89075  1998475  22.34
1971-1979       59      0.00963  0.00958  0.50   88697     850   88272  1909400  21.53
1971-1979       60      0.01003  0.00998  0.50   87847     876   87409  1821128  20.73
1971-1979       61      0.01026  0.01021  0.50   86971     888   86527  1733719  19.93
1971-1979       62      0.01230  0.01222  0.50   86083    1052   85557  1647192  19.14
1971-1979       63      0.01383  0.01373  0.50   85031    1168   84447  1561636  18.37
1971-1979       64      0.01466  0.01456  0.50   83863    1221   83253  1477189  17.61
1971-1979       65      0.01527  0.01516  0.50   82642    1253   82016  1393937  16.87
1971-1979       66      0.01676  0.01662  0.50   81390    1352   80713  1311921  16.12
1971-1979       67      0.01856  0.01839  0.50   80037    1472   79301  1231207  15.38
1971-1979       68      0.02105  0.02084  0.50   78565    1637   77747  1151906  14.66
1971-1979       69      0.02338  0.02311  0.50   76929    1778   76040  1074159  13.96
1971-1979       70      0.02474  0.02444  0.50   75151    1837   74233   998119  13.28
1971-1979       71      0.02692  0.02656  0.50   73314    1948   72341   923887  12.60
1971-1979       72      0.03224  0.03173  0.50   71367    2264   70235   851546  11.93
1971-1979       73      0.03601  0.03538  0.50   69103    2445   67880   781311  11.31
1971-1979       74      0.04024  0.03945  0.50   66658    2629   65343   713431  10.70
1971-1979       75      0.04506  0.04407  0.50   64029    2822   62618   648087  10.12
1971-1979       76      0.04983  0.04862  0.50   61207    2976   59719   585469   9.57
1971-1979       77      0.05082  0.04956  0.50   58231    2886   56788   525750   9.03
1971-1979       78      0.06116  0.05935  0.50   55345    3285   53703   468962   8.47
1971-1979       79      0.06783  0.06560  0.50   52061    3415   50353   415259   7.98
1971-1979       80      0.07323  0.07064  0.50   48646    3436   46927   364905   7.50
1971-1979       81      0.07750  0.07461  0.50   45209    3373   43523   317978   7.03
1971-1979       82      0.09102  0.08706  0.50   41836    3642   40015   274455   6.56
1971-1979       83      0.10376  0.09865  0.50   38194    3768   36310   234440   6.14
1971-1979       84      0.11697  0.11050  0.50   34426    3804   32524   198130   5.76
1971-1979       85      0.12755  0.11990  0.50   30622    3672   28786   165606   5.41
1971-1979       86      0.14605  0.13611  0.50   26950    3668   25116   136820   5.08
1971-1979       87      0.14846  0.13820  0.50   23282    3218   21673   111703   4.80
1971-1979       88      0.16210  0.14995  0.50   20065    3009   18560    90030   4.49
1971-1979       89      0.19075  0.17414  0.50   17056    2970   15571    71469   4.19
1971-1979       90      0.19554  0.17813  0.50   14086    2509   12831    55899   3.97
1971-1979       91      0.20677  0.18739  0.50   11577    2169   10492    43067   3.72
1971-1979       92      0.22594  0.20301  0.50    9407    1910    8452    32575   3.46
1971-1979       93      0.25088  0.22292  0.50    7498    1671    6662    24123   3.22
1971-1979       94      0.27626  0.24273  0.50    5826    1414    5119    17461   3.00
1971-1979       95      0.30676  0.26596  0.50    4412    1173    3825    12342   2.80
1971-1979       96      0.33148  0.28435  0.50    3239     921    2778     8516   2.63
1971-1979       97      0.35718  0.30306  0.50    2318     702    1966     5738   2.48
1971-1979       98      0.38372  0.32195  0.50    1615     520    1355     3772   2.33
1971-1979       99      0.41098  0.34092  0.50    1095     373     909     2416   2.21
1971-1979      100      0.43879  0.35984  0.50     722     260     592     1508   2.09
1971-1979      101      0.46699  0.37859  0.50     462     175     375      916   1.98
1971-1979      102      0.49541  0.39705  0.50     287     114     230      541   1.88
1971-1979      103      0.52385  0.41512  0.50     173      72     137      311   1.80
1971-1979      104      0.55214  0.43269  0.50     101      44      79      174   1.72
1971-1979      105      0.58010  0.44967  0.50      57      26      45       95   1.65
1971-1979      106      0.60755  0.46599  0.50      32      15      24       50   1.58
1971-1979      107      0.63434  0.48159  0.50      17       8      13       26   1.52
1971-1979      108      0.66032  0.49642  0.50       9       4       7       13   1.47
1971-1979      109      0.68537  0.51045  0.50       4       2       3        6   1.43
1971-1979      110+     0.70939  1.00000  1.41       2       2       3        3   1.41
1980-1989        0      0.00830  0.00824  0.13  100000     824   99285  7870944  78.71
1980-1989        1      0.00065  0.00065  0.50   99176      64   99144  7771659  78.36
1980-1989        2      0.00042  0.00042  0.50   99112      41   99091  7672516  77.41
1980-1989        3      0.00027  0.00027  0.50   99070      27   99057  7573424  76.44
1980-1989        4      0.00024  0.00024  0.50   99043      24   99031  7474368  75.47
1980-1989        5      0.00023  0.00023  0.50   99019      23   99008  7375336  74.48
1980-1989        6      0.00019  0.00019  0.50   98997      19   98987  7276328  73.50
1980-1989        7      0.00019  0.00019  0.50   98978      18   98969  7177341  72.51
1980-1989        8      0.00013  0.00013  0.50   98960      13   98953  7078372  71.53
1980-1989        9      0.00012  0.00012  0.50   98946      12   98940  6979419  70.54
1980-1989       10      0.00016  0.00016  0.50   98934      16   98926  6880478  69.55
1980-1989       11      0.00018  0.00018  0.50   98918      18   98910  6781552  68.56
1980-1989       12      0.00016  0.00016  0.50   98901      16   98893  6682642  67.57
1980-1989       13      0.00019  0.00019  0.50   98885      19   98876  6583750  66.58
1980-1989       14      0.00021  0.00021  0.50   98866      21   98856  6484874  65.59
1980-1989       15      0.00028  0.00028  0.50   98845      28   98831  6386018  64.61
1980-1989       16      0.00036  0.00036  0.50   98818      36   98800  6287187  63.62
1980-1989       17      0.00042  0.00042  0.50   98782      42   98761  6188387  62.65
1980-1989       18      0.00055  0.00055  0.50   98740      55   98713  6089627  61.67
1980-1989       19      0.00053  0.00053  0.50   98685      52   98659  5990914  60.71
1980-1989       20      0.00052  0.00052  0.50   98633      51   98608  5892255  59.74
1980-1989       21      0.00048  0.00048  0.50   98583      47   98559  5793647  58.77
1980-1989       22      0.00051  0.00051  0.50   98536      50   98511  5695087  57.80
1980-1989       23      0.00051  0.00051  0.50   98485      51   98460  5596577  56.83
1980-1989       24      0.00046  0.00046  0.50   98435      46   98412  5498117  55.86
1980-1989       25      0.00048  0.00048  0.50   98389      48   98366  5399705  54.88
1980-1989       26      0.00055  0.00055  0.50   98342      54   98315  5301339  53.91
1980-1989       27      0.00046  0.00046  0.50   98288      45   98265  5203024  52.94
1980-1989       28      0.00048  0.00048  0.50   98243      47   98219  5104759  51.96
1980-1989       29      0.00048  0.00048  0.50   98196      47   98172  5006539  50.99
1980-1989       30      0.00045  0.00045  0.50   98149      44   98127  4908367  50.01
1980-1989       31      0.00057  0.00057  0.50   98105      55   98077  4810240  49.03
1980-1989       32      0.00060  0.00060  0.50   98049      59   98020  4712163  48.06
1980-1989       33      0.00065  0.00065  0.50   97990      64   97958  4614144  47.09
1980-1989       34      0.00067  0.00067  0.50   97927      66   97894  4516185  46.12
1980-1989       35      0.00067  0.00067  0.50   97861      66   97828  4418292  45.15
1980-1989       36      0.00072  0.00072  0.50   97795      70   97760  4320464  44.18
1980-1989       37      0.00087  0.00087  0.50   97724      85   97682  4222704  43.21
1980-1989       38      0.00091  0.00091  0.50   97639      89   97595  4125023  42.25
1980-1989       39      0.00098  0.00098  0.50   97550      96   97502  4027428  41.29
1980-1989       40      0.00114  0.00114  0.50   97454     111   97399  3929926  40.33
1980-1989       41      0.00118  0.00118  0.50   97343     115   97286  3832528  39.37
1980-1989       42      0.00144  0.00144  0.50   97228     140   97158  3735242  38.42
1980-1989       43      0.00161  0.00161  0.50   97088     156   97010  3638084  37.47
1980-1989       44      0.00173  0.00173  0.50   96932     168   96848  3541074  36.53
1980-1989       45      0.00192  0.00191  0.50   96764     185   96672  3444226  35.59
1980-1989       46      0.00232  0.00232  0.50   96579     224   96467  3347554  34.66
1980-1989       47      0.00244  0.00244  0.50   96355     235   96237  3251087  33.74
1980-1989       48      0.00241  0.00240  0.50   96120     231   96004  3154849  32.82
1980-1989       49      0.00288  0.00288  0.50   95889     276   95751  3058845  31.90
1980-1989       50      0.00306  0.00306  0.50   95613     292   95467  2963094  30.99
1980-1989       51      0.00331  0.00330  0.50   95321     315   95163  2867627  30.08
1980-1989       52      0.00391  0.00390  0.50   95006     371   94820  2772464  29.18
1980-1989       53      0.00435  0.00434  0.50   94635     411   94430  2677643  28.29
1980-1989       54      0.00462  0.00461  0.50   94225     434   94008  2583213  27.42
1980-1989       55      0.00483  0.00482  0.50   93790     452   93564  2489206  26.54
1980-1989       56      0.00549  0.00547  0.50   93338     511   93083  2395641  25.67
1980-1989       57      0.00600  0.00598  0.50   92827     555   92550  2302559  24.80
1980-1989       58      0.00651  0.00649  0.50   92272     599   91973  2210009  23.95
1980-1989       59      0.00740  0.00737  0.50   91673     676   91335  2118037  23.10
1980-1989       60      0.00774  0.00771  0.50   90997     702   90646  2026702  22.27
1980-1989       61      0.00821  0.00818  0.50   90295     738   89926  1936055  21.44
1980-1989       62      0.00993  0.00989  0.50   89557     885   89114  1846129  20.61
1980-1989       63      0.01084  0.01078  0.50   88672     956   88194  1757015  19.81
1980-1989       64      0.01168  0.01161  0.50   87716    1018   87207  1668822  19.03
1980-1989       65      0.01230  0.01223  0.50   86697    1060   86167  1581615  18.24
1980-1989       66      0.01335  0.01326  0.50   85637    1136   85069  1495448  17.46
1980-1989       67      0.01546  0.01534  0.50   84502    1297   83853  1410378  16.69
1980-1989       68      0.01675  0.01661  0.50   83205    1382   82514  1326525  15.94
1980-1989       69      0.01894  0.01876  0.50   81823    1535   81055  1244011  15.20
1980-1989       70      0.02039  0.02018  0.50   80288    1620   79478  1162956  14.48
1980-1989       71      0.02261  0.02236  0.50   78667    1759   77788  1083479  13.77
1980-1989       72      0.02549  0.02517  0.50   76908    1935   75941  1005691  13.08
1980-1989       73      0.02818  0.02779  0.50   74973    2083   73931   929750  12.40
1980-1989       74      0.03146  0.03097  0.50   72890    2257   71761   855819  11.74
1980-1989       75      0.03391  0.03334  0.50   70632    2355   69455   784058  11.10
1980-1989       76      0.03785  0.03715  0.50   68277    2537   67009   714603  10.47
1980-1989       77      0.04164  0.04079  0.50   65741    2682   64400   647594   9.85
1980-1989       78      0.04907  0.04789  0.50   63059    3020   61549   583194   9.25
1980-1989       79      0.05467  0.05322  0.50   60039    3195   58441   521645   8.69
1980-1989       80      0.06242  0.06053  0.50   56844    3441   55124   463203   8.15
1980-1989       81      0.06796  0.06572  0.50   53403    3510   51648   408080   7.64
1980-1989       82      0.07850  0.07553  0.50   49893    3769   48009   356432   7.14
1980-1989       83      0.08862  0.08486  0.50   46125    3914   44168   308422   6.69
1980-1989       84      0.10097  0.09612  0.50   42211    4057   40182   264255   6.26
1980-1989       85      0.10880  0.10319  0.50   38154    3937   36185   224073   5.87
1980-1989       86      0.12246  0.11539  0.50   34216    3948   32242   187888   5.49
1980-1989       87      0.13278  0.12452  0.50   30268    3769   28384   155645   5.14
1980-1989       88      0.14437  0.13465  0.50   26499    3568   24715   127262   4.80
1980-1989       89      0.16430  0.15183  0.50   22931    3482   21190   102546   4.47
1980-1989       90      0.17117  0.15768  0.50   19450    3067   17916    81356   4.18
1980-1989       91      0.19272  0.17578  0.50   16383    2880   14943    63440   3.87
1980-1989       92      0.22375  0.20124  0.50   13503    2717   12144    48497   3.59
1980-1989       93      0.24212  0.21598  0.50   10786    2329    9621    36353   3.37
1980-1989       94      0.26159  0.23133  0.50    8456    1956    7478    26732   3.16
1980-1989       95      0.28350  0.24831  0.50    6500    1614    5693    19254   2.96
1980-1989       96      0.30813  0.26699  0.50    4886    1305    4234    13561   2.78
1980-1989       97      0.33389  0.28613  0.50    3581    1025    3069     9327   2.60
1980-1989       98      0.36069  0.30558  0.50    2557     781    2166     6258   2.45
1980-1989       99      0.38838  0.32523  0.50    1775     577    1487     4092   2.30
1980-1989      100      0.41682  0.34493  0.50    1198     413     991     2605   2.17
1980-1989      101      0.44582  0.36455  0.50     785     286     642     1613   2.06
1980-1989      102      0.47519  0.38396  0.50     499     191     403      972   1.95
1980-1989      103      0.50473  0.40302  0.50     307     124     245      569   1.85
1980-1989      104      0.53424  0.42162  0.50     183      77     145      323   1.76
1980-1989      105      0.56351  0.43964  0.50     106      47      83      179   1.68
1980-1989      106      0.59235  0.45700  0.50      59      27      46       96   1.61
1980-1989      107      0.62057  0.47361  0.50      32      15      25       50   1.55
1980-1989      108      0.64799  0.48942  0.50      17       8      13       25   1.50
1980-1989      109      0.67447  0.50438  0.50       9       4       6       13   1.46
1980-1989      110+     0.69988  1.00000  1.43       4       4       6        6   1.43
1990-1999        0      0.00558  0.00556  0.14  100000     556   99521  8098286  80.98
1990-1999        1      0.00049  0.00049  0.50   99444      49   99420  7998766  80.43
1990-1999        2      0.00028  0.00028  0.50   99395      28   99381  7899346  79.47
1990-1999        3      0.00022  0.00022  0.50   99367      21   99357  7799964  78.50
1990-1999        4      0.00016  0.00016  0.50   99346      16   99338  7700608  77.51
1990-1999        5      0.00012  0.00012  0.50   99330      12   99324  7601270  76.53
1990-1999        6      0.00013  0.00013  0.50   99318      13   99312  7501945  75.53
1990-1999        7      0.00014  0.00014  0.50   99305      14   99298  7402634  74.54
1990-1999        8      0.00011  0.00011  0.50   99291      11   99285  7303336  73.55
1990-1999        9      0.00011  0.00011  0.50   99280      11   99274  7204050  72.56
1990-1999       10      0.00012  0.00012  0.50   99269      12   99263  7104776  71.57
1990-1999       11      0.00012  0.00012  0.50   99257      12   99250  7005513  70.58
1990-1999       12      0.00011  0.00011  0.50   99244      11   99239  6906263  69.59
1990-1999       13      0.00016  0.00016  0.50   99234      16   99226  6807024  68.60
1990-1999       14      0.00015  0.00015  0.50   99218      15   99211  6707798  67.61
1990-1999       15      0.00019  0.00019  0.50   99203      19   99194  6608587  66.62
1990-1999       16      0.00030  0.00030  0.50   99184      30   99169  6509394  65.63
1990-1999       17      0.00035  0.00035  0.50   99155      35   99137  6410224  64.65
1990-1999       18      0.00037  0.00037  0.50   99120      36   99102  6311087  63.67
1990-1999       19      0.00039  0.00039  0.50   99083      39   99064  6211985  62.69
1990-1999       20      0.00043  0.00043  0.50   99045      42   99024  6112921  61.72
1990-1999       21      0.00040  0.00040  0.50   99003      40   98983  6013897  60.74
1990-1999       22      0.00038  0.00038  0.50   98963      38   98944  5914914  59.77
1990-1999       23      0.00039  0.00039  0.50   98925      38   98906  5815970  58.79
1990-1999       24      0.00039  0.00039  0.50   98887      38   98868  5717064  57.81
1990-1999       25      0.00036  0.00036  0.50   98849      36   98831  5618197  56.84
1990-1999       26      0.00041  0.00041  0.50   98813      40   98793  5519366  55.86
1990-1999       27      0.00038  0.00038  0.50   98773      38   98754  5420573  54.88
1990-1999       28      0.00040  0.00040  0.50   98735      40   98715  5321819  53.90
1990-1999       29      0.00042  0.00042  0.50   98695      41   98675  5223103  52.92
1990-1999       30      0.00049  0.00049  0.50   98654      49   98630  5124429  51.94
1990-1999       31      0.00049  0.00049  0.50   98605      48   98581  5025799  50.97
1990-1999       32      0.00049  0.00049  0.50   98557      48   98533  4927217  49.99
1990-1999       33      0.00057  0.00057  0.50   98509      56   98481  4828684  49.02
1990-1999       34      0.00061  0.00061  0.50   98453      60   98423  4730203  48.05
1990-1999       35      0.00063  0.00063  0.50   98393      62   98362  4631780  47.07
1990-1999       36      0.00072  0.00072  0.50   98331      71   98295  4533418  46.10
1990-1999       37      0.00073  0.00073  0.50   98260      72   98224  4435122  45.14
1990-1999       38      0.00080  0.00080  0.50   98188      78   98149  4336898  44.17
1990-1999       39      0.00079  0.00079  0.50   98110      77   98072  4238749  43.20
1990-1999       40      0.00085  0.00085  0.50   98033      84   97991  4140678  42.24
1990-1999       41      0.00099  0.00099  0.50   97949      97   97901  4042686  41.27
1990-1999       42      0.00114  0.00114  0.50   97853     112   97797  3944785  40.31
1990-1999       43      0.00114  0.00113  0.50   97741     111   97686  3846988  39.36
1990-1999       44      0.00124  0.00124  0.50   97630     121   97570  3749302  38.40
1990-1999       45      0.00147  0.00147  0.50   97509     143   97437  3651732  37.45
1990-1999       46      0.00154  0.00153  0.50   97366     149   97291  3554295  36.50
1990-1999       47      0.00177  0.00176  0.50   97216     172   97131  3457004  35.56
1990-1999       48      0.00192  0.00192  0.50   97045     186   96952  3359873  34.62
1990-1999       49      0.00218  0.00218  0.50   96859     211   96753  3262921  33.69
1990-1999       50      0.00243  0.00243  0.50   96648     234   96530  3166168  32.76
1990-1999       51      0.00248  0.00248  0.50   96413     239   96294  3069638  31.84
1990-1999       52      0.00269  0.00268  0.50   96174     258   96045  2973344  30.92
1990-1999       53      0.00317  0.00317  0.50   95916     304   95764  2877299  30.00
1990-1999       54      0.00337  0.00337  0.50   95612     322   95451  2781535  29.09
1990-1999       55      0.00366  0.00366  0.50   95290     349   95116  2686084  28.19
1990-1999       56      0.00374  0.00373  0.50   94942     354   94764  2590969  27.29
1990-1999       57      0.00449  0.00448  0.50   94587     423   94375  2496204  26.39
1990-1999       58      0.00508  0.00506  0.50   94164     477   93925  2401829  25.51
1990-1999       59      0.00563  0.00561  0.50   93687     526   93424  2307903  24.63
1990-1999       60      0.00591  0.00589  0.50   93161     549   92886  2214480  23.77
1990-1999       61      0.00686  0.00684  0.50   92612     633   92295  2121593  22.91
1990-1999       62      0.00725  0.00723  0.50   91979     665   91646  2029298  22.06
1990-1999       63      0.00840  0.00836  0.50   91314     764   90932  1937652  21.22
1990-1999       64      0.00876  0.00872  0.50   90550     789   90155  1846720  20.39
1990-1999       65      0.00973  0.00969  0.50   89761     869   89326  1756565  19.57
1990-1999       66      0.01064  0.01059  0.50   88891     941   88421  1667239  18.76
1990-1999       67      0.01194  0.01187  0.50   87950    1044   87428  1578818  17.95
1990-1999       68      0.01343  0.01334  0.50   86906    1160   86326  1491390  17.16
1990-1999       69      0.01484  0.01473  0.50   85747    1263   85115  1405064  16.39
1990-1999       70      0.01648  0.01634  0.50   84484    1381   83793  1319948  15.62
1990-1999       71      0.01793  0.01777  0.50   83103    1477   82364  1236155  14.88
1990-1999       72      0.02047  0.02026  0.50   81626    1654   80799  1153791  14.14
1990-1999       73      0.02259  0.02234  0.50   79972    1786   79079  1072992  13.42
1990-1999       74      0.02499  0.02468  0.50   78186    1930   77221   993913  12.71
1990-1999       75      0.02754  0.02717  0.50   76256    2072   75220   916692  12.02
1990-1999       76      0.03085  0.03038  0.50   74184    2254   73057   841472  11.34
1990-1999       77      0.03531  0.03470  0.50   71930    2496   70682   768415  10.68
1990-1999       78      0.03997  0.03918  0.50   69434    2721   68074   697733  10.05
1990-1999       79      0.04507  0.04407  0.50   66714    2940   65243   629659   9.44
1990-1999       80      0.05238  0.05105  0.50   63773    3255   62146   564415   8.85
1990-1999       81      0.05704  0.05546  0.50   60518    3356   58840   502270   8.30
1990-1999       82      0.06510  0.06305  0.50   57162    3604   55360   443430   7.76
1990-1999       83      0.07379  0.07117  0.50   53558    3811   51652   388070   7.25
1990-1999       84      0.08313  0.07981  0.50   49746    3970   47761   336418   6.76
1990-1999       85      0.09369  0.08950  0.50   45776    4097   43728   288657   6.31
1990-1999       86      0.10702  0.10158  0.50   41679    4234   39562   244930   5.88
1990-1999       87      0.11866  0.11201  0.50   37445    4194   35348   205367   5.48
1990-1999       88      0.12690  0.11933  0.50   33251    3968   31267   170019   5.11
1990-1999       89      0.14481  0.13503  0.50   29283    3954   27306   138752   4.74
1990-1999       90      0.16201  0.14987  0.50   25329    3796   23431   111446   4.40
1990-1999       91      0.17899  0.16429  0.50   21533    3538   19764    88015   4.09
1990-1999       92      0.20286  0.18418  0.50   17995    3314   16338    68251   3.79
1990-1999       93      0.21925  0.19759  0.50   14681    2901   13231    51913   3.54
1990-1999       94      0.24393  0.21741  0.50   11780    2561   10500    38682   3.28
1990-1999       95      0.26861  0.23680  0.50    9219    2183    8127    28183   3.06
1990-1999       96      0.29435  0.25659  0.50    7036    1805    6133    20055   2.85
1990-1999       97      0.32149  0.27697  0.50    5231    1449    4506    13922   2.66
1990-1999       98      0.34988  0.29778  0.50    3782    1126    3219     9416   2.49
1990-1999       99      0.37937  0.31889  0.50    2656     847    2232     6197   2.33
1990-1999      100      0.40979  0.34010  0.50    1809     615    1501     3965   2.19
1990-1999      101      0.44091  0.36127  0.50    1194     431     978     2464   2.06
1990-1999      102      0.47251  0.38221  0.50     762     291     617     1486   1.95
1990-1999      103      0.50432  0.40276  0.50     471     190     376      869   1.84
1990-1999      104      0.53610  0.42278  0.50     281     119     222      493   1.75
1990-1999      105      0.56759  0.44212  0.50     162      72     126      271   1.67
1990-1999      106      0.59855  0.46068  0.50      91      42      70      144   1.59
1990-1999      107      0.62874  0.47836  0.50      49      23      37       75   1.53
1990-1999      108      0.65795  0.49508  0.50      25      13      19       38   1.47
1990-1999      109      0.68601  0.51080  0.50      13       7      10       18   1.43
1990-1999      110+     0.71278  1.00000  1.40       6       6       9        9   1.40
2000-2009        0      0.00412  0.00411  0.14  100000     411   99647  8324541  83.25
2000-2009        1      0.00033  0.00033  0.50   99589      33   99573  8224894  82.59
2000-2009        2      0.00017  0.00017  0.50   99557      17   99548  8125321  81.62
2000-2009        3      0.00018  0.00018  0.50   99540      18   99531  8025772  80.63
2000-2009        4      0.00016  0.00016  0.50   99522      16   99514  7926241  79.64
2000-2009        5      0.00011  0.00011  0.50   99506      11   99501  7826727  78.66
2000-2009        6      0.00008  0.00008  0.50   99495       8   99491  7727226  77.66
2000-2009        7      0.00008  0.00008  0.50   99487       8   99483  7627735  76.67
2000-2009        8      0.00007  0.00007  0.50   99479       7   99475  7528252  75.68
2000-2009        9      0.00006  0.00006  0.50   99472       5   99469  7428776  74.68
2000-2009       10      0.00005  0.00005  0.50   99467       5   99464  7329307  73.69
2000-2009       11      0.00006  0.00006  0.50   99461       6   99458  7229843  72.69
2000-2009       12      0.00008  0.00008  0.50   99455       8   99451  7130385  71.69
2000-2009       13      0.00007  0.00007  0.50   99447       7   99443  7030934  70.70
2000-2009       14      0.00009  0.00009  0.50   99440       9   99435  6931490  69.71
2000-2009       15      0.00016  0.00016  0.50   99431      16   99423  6832055  68.71
2000-2009       16      0.00023  0.00023  0.50   99415      22   99404  6732632  67.72
2000-2009       17      0.00026  0.00026  0.50   99392      26   99380  6633229  66.74
2000-2009       18      0.00026  0.00026  0.50   99367      26   99354  6533849  65.75
2000-2009       19      0.00027  0.00027  0.50   99341      26   99328  6434495  64.77
2000-2009       20      0.00031  0.00031  0.50   99315      31   99299  6335167  63.79
2000-2009       21      0.00028  0.00028  0.50   99284      28   99270  6235868  62.81
2000-2009       22      0.00019  0.00019  0.50   99256      19   99246  6136599  61.83
2000-2009       23      0.00027  0.00027  0.50   99237      27   99223  6037352  60.84
2000-2009       24      0.00029  0.00029  0.50   99209      29   99195  5938130  59.85
2000-2009       25      0.00026  0.00026  0.50   99181      26   99168  5838935  58.87
2000-2009       26      0.00031  0.00031  0.50   99154      31   99139  5739767  57.89
2000-2009       27      0.00032  0.00032  0.50   99123      31   99108  5640628  56.91
2000-2009       28      0.00025  0.00025  0.50   99092      25   99079  5541521  55.92
2000-2009       29      0.00036  0.00036  0.50   99067      36   99049  5442441  54.94
2000-2009       30      0.00039  0.00039  0.50   99031      38   99012  5343392  53.96
2000-2009       31      0.00040  0.00040  0.50   98993      39   98973  5244380  52.98
2000-2009       32      0.00040  0.00040  0.50   98953      40   98934  5145407  52.00
2000-2009       33      0.00044  0.00044  0.50   98914      43   98892  5046473  51.02
2000-2009       34      0.00044  0.00044  0.50   98871      43   98849  4947581  50.04
2000-2009       35      0.00047  0.00047  0.50   98827      46   98804  4848732  49.06
2000-2009       36      0.00058  0.00058  0.50   98781      57   98753  4749928  48.09
2000-2009       37      0.00056  0.00056  0.50   98724      55   98696  4651176  47.11
2000-2009       38      0.00069  0.00069  0.50   98669      68   98635  4552479  46.14
2000-2009       39      0.00067  0.00067  0.50   98601      66   98568  4453844  45.17
2000-2009       40      0.00079  0.00079  0.50   98535      78   98496  4355277  44.20
2000-2009       41      0.00085  0.00085  0.50   98457      84   98415  4256781  43.23
2000-2009       42      0.00084  0.00084  0.50   98373      83   98331  4158366  42.27
2000-2009       43      0.00100  0.00100  0.50   98290      99   98241  4060034  41.31
2000-2009       44      0.00107  0.00107  0.50   98191     105   98139  3961794  40.35
2000-2009       45      0.00126  0.00125  0.50   98087     123   98025  3863655  39.39
2000-2009       46      0.00127  0.00127  0.50   97964     125   97901  3765630  38.44
2000-2009       47      0.00147  0.00147  0.50   97839     143   97767  3667728  37.49
2000-2009       48      0.00154  0.00154  0.50   97695     151   97620  3569961  36.54
2000-2009       49      0.00170  0.00170  0.50   97545     165   97462  3472341  35.60
2000-2009       50      0.00196  0.00196  0.50   97380     191   97284  3374879  34.66
2000-2009       51      0.00202  0.00202  0.50   97189     196   97091  3277595  33.72
2000-2009       52      0.00210  0.00209  0.50   96992     203   96891  3180504  32.79
2000-2009       53      0.00234  0.00233  0.50   96789     226   96676  3083613  31.86
2000-2009       54      0.00270  0.00270  0.50   96563     261   96433  2986937  30.93
2000-2009       55      0.00278  0.00278  0.50   96303     268   96169  2890503  30.01
2000-2009       56      0.00310  0.00310  0.50   96035     298   95886  2794334  29.10
2000-2009       57      0.00339  0.00338  0.50   95738     324   95576  2698448  28.19
2000-2009       58      0.00376  0.00375  0.50   95414     358   95234  2602872  27.28
2000-2009       59      0.00419  0.00418  0.50   95055     397   94857  2507638  26.38
2000-2009       60      0.00472  0.00471  0.50   94658     445   94435  2412781  25.49
2000-2009       61      0.00470  0.00469  0.50   94213     442   93992  2318346  24.61
2000-2009       62      0.00562  0.00561  0.50   93771     526   93508  2224354  23.72
2000-2009       63      0.00594  0.00592  0.50   93245     552   92969  2130846  22.85
2000-2009       64      0.00703  0.00700  0.50   92693     649   92368  2037877  21.99
2000-2009       65      0.00719  0.00716  0.50   92044     659   91714  1945509  21.14
2000-2009       66      0.00766  0.00763  0.50   91385     697   91036  1853795  20.29
2000-2009       67      0.00917  0.00912  0.50   90687     827   90274  1762759  19.44
2000-2009       68      0.00975  0.00970  0.50   89860     872   89424  1672485  18.61
2000-2009       69      0.01104  0.01097  0.50   88988     977   88500  1583061  17.79
2000-2009       70      0.01221  0.01213  0.50   88012    1068   87478  1494561  16.98
2000-2009       71      0.01347  0.01338  0.50   86944    1163   86362  1407084  16.18
2000-2009       72      0.01491  0.01480  0.50   85781    1269   85146  1320721  15.40
2000-2009       73      0.01666  0.01652  0.50   84512    1396   83813  1235575  14.62
2000-2009       74      0.01919  0.01900  0.50   83115    1579   82326  1151762  13.86
2000-2009       75      0.02131  0.02108  0.50   81536    1719   80676  1069436  13.12
2000-2009       76      0.02349  0.02322  0.50   79817    1853   78890   988760  12.39
2000-2009       77      0.02720  0.02683  0.50   77964    2092   76918   909869  11.67
2000-2009       78      0.03007  0.02963  0.50   75872    2248   74748   832951  10.98
2000-2009       79      0.03383  0.03327  0.50   73624    2450   72399   758203  10.30
2000-2009       80      0.03996  0.03918  0.50   71175    2788   69780   685804   9.64
2000-2009       81      0.04546  0.04445  0.50   68386    3040   66866   616023   9.01
2000-2009       82      0.05240  0.05106  0.50   65347    3337   63678   549157   8.40
2000-2009       83      0.05982  0.05808  0.50   62010    3601   60209   485479   7.83
2000-2009       84      0.06753  0.06533  0.50   58408    3816   56500   425270   7.28
2000-2009       85      0.07751  0.07462  0.50   54593    4074   52556   368769   6.75
2000-2009       86      0.08896  0.08517  0.50   50519    4303   48368   316213   6.26
2000-2009       87      0.10046  0.09566  0.50   46216    4421   44006   267846   5.80
2000-2009       88      0.11573  0.10940  0.50   41795    4572   39509   223840   5.36
2000-2009       89      0.12856  0.12080  0.50   37223    4496   34975   184331   4.95
2000-2009       90      0.14704  0.13697  0.50   32727    4483   30485   149356   4.56
2000-2009       91      0.16737  0.15444  0.50   28244    4362   26063   118871   4.21
2000-2009       92      0.18819  0.17201  0.50   23882    4108   21828    92808   3.89
2000-2009       93      0.20839  0.18872  0.50   19774    3732   17908    70981   3.59
2000-2009       94      0.24044  0.21464  0.50   16042    3443   14321    53073   3.31
2000-2009       95      0.26056  0.23052  0.50   12599    2904   11147    38752   3.08
2000-2009       96      0.28900  0.25251  0.50    9695    2448    8471    27605   2.85
2000-2009       97      0.31921  0.27528  0.50    7247    1995    6249    19135   2.64
2000-2009       98      0.35102  0.29861  0.50    5252    1568    4468    12885   2.45
2000-2009       99      0.38421  0.32230  0.50    3684    1187    3090     8418   2.29
2000-2009      100      0.41852  0.34609  0.50    2496     864    2064     5328   2.13
2000-2009      101      0.45363  0.36976  0.50    1632     604    1331     3264   2.00
2000-2009      102      0.48921  0.39306  0.50    1029     404     827     1933   1.88
2000-2009      103      0.52490  0.41578  0.50     624     260     495     1106   1.77
2000-2009      104      0.56033  0.43770  0.50     365     160     285      612   1.68
2000-2009      105      0.59517  0.45867  0.50     205      94     158      327   1.59
2000-2009      106      0.62906  0.47855  0.50     111      53      84      169   1.52
2000-2009      107      0.66174  0.49722  0.50      58      29      44       84   1.46
2000-2009      108      0.69294  0.51463  0.50      29      15      22       41   1.40
2000-2009      109      0.72247  0.53075  0.50      14       7      10       19   1.36
2000-2009      110+     0.75018  1.00000  1.33       7       7       9        9   1.33
2010-2019        0      0.00308  0.00308  0.14  100000     308   99736  8475425  84.75
2010-2019        1      0.00020  0.00020  0.50   99692      20   99682  8375689  84.02
2010-2019        2      0.00015  0.00015  0.50   99672      15   99665  8276006  83.03
2010-2019        3      0.00012  0.00012  0.50   99657      12   99651  8176342  82.04
2010-2019        4      0.00007  0.00007  0.50   99646       7   99642  8076690  81.05
2010-2019        5      0.00009  0.00009  0.50   99639       9   99634  7977048  80.06
2010-2019        6      0.00008  0.00008  0.50   99630       8   99626  7877414  79.07
2010-2019        7      0.00007  0.00007  0.50   99622       7   99619  7777788  78.07
2010-2019        8      0.00007  0.00007  0.50   99615       7   99612  7678169  77.08
2010-2019        9      0.00007  0.00007  0.50   99609       7   99605  7578557  76.08
2010-2019       10      0.00006  0.00006  0.50   99601       6   99598  7478952  75.09
2010-2019       11      0.00004  0.00004  0.50   99595       4   99593  7379353  74.09
2010-2019       12      0.00005  0.00005  0.50   99592       4   99589  7279760  73.10
2010-2019       13      0.00010  0.00010  0.50   99587       9   99582  7180170  72.10
2010-2019       14      0.00009  0.00009  0.50   99578       9   99573  7080588  71.11
2010-2019       15      0.00011  0.00011  0.50   99568      11   99563  6981015  70.11
2010-2019       16      0.00014  0.00014  0.50   99557      14   99550  6881452  69.12
2010-2019       17      0.00023  0.00023  0.50   99543      23   99532  6781902  68.13
2010-2019       18      0.00020  0.00020  0.50   99520      20   99510  6682370  67.15
2010-2019       19      0.00024  0.00024  0.50   99500      24   99489  6582860  66.16
2010-2019       20      0.00023  0.00023  0.50   99477      23   99465  6483371  65.17
2010-2019       21      0.00018  0.00018  0.50   99454      18   99445  6383906  64.19
2010-2019       22      0.00023  0.00023  0.50   99436      23   99424  6284461  63.20
2010-2019       23      0.00023  0.00023  0.50   99413      23   99401  6185037  62.22
2010-2019       24      0.00021  0.00021  0.50   99390      21   99379  6085636  61.23
2010-2019       25      0.00023  0.00023  0.50   99368      23   99357  5986257  60.24
2010-2019       26      0.00026  0.00026  0.50   99345      25   99333  5886900  59.26
2010-2019       27      0.00023  0.00023  0.50   99320      23   99308  5787567  58.27
2010-2019       28      0.00026  0.00026  0.50   99297      25   99284  5688259  57.29
2010-2019       29      0.00031  0.00031  0.50   99271      31   99256  5588974  56.30
2010-2019       30      0.00029  0.00029  0.50   99241      29   99227  5489718  55.32
2010-2019       31      0.00031  0.00031  0.50   99212      31   99197  5390492  54.33
2010-2019       32      0.00036  0.00036  0.50   99181      36   99163  5291295  53.35
2010-2019       33      0.00040  0.00040  0.50   99145      39   99126  5192132  52.37
2010-2019       34      0.00038  0.00038  0.50   99106      38   99087  5093006  51.39
2010-2019       35      0.00046  0.00046  0.50   99068      45   99046  4993919  50.41
2010-2019       36      0.00051  0.00051  0.50   99023      50   98998  4894873  49.43
2010-2019       37      0.00053  0.00053  0.50   98973      52   98946  4795876  48.46
2010-2019       38      0.00061  0.00061  0.50   98920      60   98890  4696929  47.48
2010-2019       39      0.00064  0.00064  0.50   98860      63   98829  4598039  46.51
2010-2019       40      0.00073  0.00073  0.50   98797      72   98761  4499210  45.54
2010-2019       41      0.00075  0.00075  0.50   98725      74   98688  4400449  44.57
2010-2019       42      0.00078  0.00078  0.50   98651      77   98613  4301761  43.61
2010-2019       43      0.00094  0.00094  0.50   98574      93   98528  4203148  42.64
2010-2019       44      0.00098  0.00098  0.50   98482      97   98433  4104620  41.68
2010-2019       45      0.00103  0.00103  0.50   98385     102   98334  4006186  40.72
2010-2019       46      0.00115  0.00115  0.50   98283     113   98227  3907852  39.76
2010-2019       47      0.00133  0.00133  0.50   98170     130   98105  3809626  38.81
2010-2019       48      0.00153  0.00153  0.50   98040     150   97965  3711521  37.86
2010-2019       49      0.00155  0.00155  0.50   97890     151   97815  3613556  36.91
2010-2019       50      0.00168  0.00167  0.50   97739     164   97657  3515741  35.97
2010-2019       51      0.00186  0.00186  0.50   97575     181   97485  3418084  35.03
2010-2019       52      0.00200  0.00199  0.50   97394     194   97297  3320599  34.09
2010-2019       53      0.00216  0.00215  0.50   97200     209   97095  3223302  33.16
2010-2019       54      0.00242  0.00241  0.50   96990     234   96873  3126207  32.23
2010-2019       55      0.00253  0.00252  0.50   96756     244   96634  3029334  31.31
2010-2019       56      0.00278  0.00278  0.50   96512     268   96378  2932700  30.39
2010-2019       57      0.00289  0.00288  0.50   96244     277   96105  2836322  29.47
2010-2019       58      0.00331  0.00331  0.50   95967     318   95808  2740216  28.55
2010-2019       59      0.00353  0.00352  0.50   95649     337   95481  2644408  27.65
2010-2019       60      0.00371  0.00371  0.50   95312     353   95136  2548928  26.74
2010-2019       61      0.00427  0.00426  0.50   94959     404   94757  2453792  25.84
2010-2019       62      0.00470  0.00469  0.50   94555     444   94333  2359035  24.95
2010-2019       63      0.00497  0.00496  0.50   94111     467   93878  2264703  24.06
2010-2019       64      0.00540  0.00538  0.50   93644     504   93392  2170825  23.18
2010-2019       65      0.00577  0.00575  0.50   93140     536   92872  2077433  22.30
2010-2019       66      0.00646  0.00643  0.50   92604     596   92306  1984560  21.43
2010-2019       67      0.00723  0.00720  0.50   92008     662   91677  1892254  20.57
2010-2019       68      0.00777  0.00774  0.50   91346     707   90993  1800577  19.71
2010-2019       69      0.00892  0.00888  0.50   90639     805   90237  1709584  18.86
2010-2019       70      0.00956  0.00951  0.50   89835     855   89407  1619347  18.03
2010-2019       71      0.01122  0.01116  0.50   88980     993   88483  1529940  17.19
2010-2019       72      0.01232  0.01225  0.50   87987    1078   87448  1441457  16.38
2010-2019       73      0.01394  0.01384  0.50   86909    1203   86308  1354009  15.58
2010-2019       74      0.01537  0.01525  0.50   85706    1307   85053  1267701  14.79
2010-2019       75      0.01760  0.01744  0.50   84399    1472   83663  1182648  14.01
2010-2019       76      0.01914  0.01896  0.50   82927    1572   82141  1098986  13.25
2010-2019       77      0.02218  0.02194  0.50   81355    1785   80462  1016845  12.50
2010-2019       78      0.02489  0.02458  0.50   79570    1956   78592   936383  11.77
2010-2019       79      0.02751  0.02714  0.50   77614    2106   76561   857791  11.05
2010-2019       80      0.03250  0.03198  0.50   75508    2415   74300   781230  10.35
2010-2019       81      0.03776  0.03706  0.50   73093    2709   71738   706930   9.67
2010-2019       82      0.04297  0.04206  0.50   70384    2961   68903   635192   9.02
2010-2019       83      0.04893  0.04777  0.50   67423    3221   65813   566288   8.40
2010-2019       84      0.05689  0.05531  0.50   64203    3551   62427   500475   7.80
2010-2019       85      0.06615  0.06403  0.50   60651    3883   58710   438048   7.22
2010-2019       86      0.07476  0.07207  0.50   56768    4091   54722   379339   6.68
2010-2019       87      0.08714  0.08350  0.50   52677    4398   50478   324616   6.16
2010-2019       88      0.10021  0.09543  0.50   48278    4607   45975   274139   5.68
2010-2019       89      0.11417  0.10800  0.50   43671    4717   41313   228164   5.22
2010-2019       90      0.13437  0.12591  0.50   38954    4905   36502   186851   4.80
2010-2019       91      0.15133  0.14068  0.50   34050    4790   31655   150349   4.42
2010-2019       92      0.17041  0.15703  0.50   29259    4595   26962   118695   4.06
2010-2019       93      0.19682  0.17919  0.50   24665    4420   22455    91733   3.72
2010-2019       94      0.22193  0.19977  0.50   20245    4044   18223    69277   3.42
2010-2019       95      0.24799  0.22064  0.50   16201    3575   14414    51054   3.15
2010-2019       96      0.27779  0.24391  0.50   12626    3080   11087    36641   2.90
2010-2019       97      0.30969  0.26816  0.50    9547    2560    8267    25554   2.68
2010-2019       98      0.34350  0.29315  0.50    6987    2048    5963    17287   2.47
2010-2019       99      0.37899  0.31861  0.50    4939    1573    4152    11325   2.29
2010-2019      100      0.41582  0.34425  0.50    3365    1158    2786     7173   2.13
2010-2019      101      0.45361  0.36975  0.50    2207     816    1799     4387   1.99
2010-2019      102      0.49194  0.39483  0.50    1391     549    1116     2588   1.86
2010-2019      103      0.53038  0.41921  0.50     842     353     665     1472   1.75
2010-2019      104      0.56845  0.44264  0.50     489     216     381      807   1.65
2010-2019      105      0.60573  0.46492  0.50     272     127     209      426   1.56
2010-2019      106      0.64182  0.48589  0.50     146      71     110      217   1.49
2010-2019      107      0.67637  0.50544  0.50      75      38      56      107   1.43
2010-2019      108      0.70910  0.52349  0.50      37      19      27       51   1.37
2010-2019      109      0.73979  0.54004  0.50      18      10      13       23   1.33
2010-2019      110+     0.76830  1.00000  1.30       8       8      11       11   1.30
