QLD, Life tables (period 1x5), Females	Last modified: 23 May 2023;  Methods Protocol: v6 (2017)

  Year          Age         mx       qx    ax      lx      dx      Lx       Tx     ex
1971-1974        0      0.01556  0.01535  0.12  100000    1535   98645  7507603  75.08
1971-1974        1      0.00165  0.00164  0.50   98465     162   98384  7408958  75.24
1971-1974        2      0.00075  0.00075  0.50   98303      73   98267  7310574  74.37
1971-1974        3      0.00065  0.00065  0.50   98230      64   98198  7212307  73.42
1971-1974        4      0.00047  0.00047  0.50   98167      46   98143  7114109  72.47
1971-1974        5      0.00039  0.00039  0.50   98120      38   98101  7015966  71.50
1971-1974        6      0.00048  0.00048  0.50   98082      47   98059  6917865  70.53
1971-1974        7      0.00024  0.00024  0.50   98035      23   98023  6819806  69.56
1971-1974        8      0.00029  0.00029  0.50   98012      28   97998  6721782  68.58
1971-1974        9      0.00032  0.00032  0.50   97983      32   97967  6623785  67.60
1971-1974       10      0.00025  0.00025  0.50   97952      25   97939  6525817  66.62
1971-1974       11      0.00029  0.00029  0.50   97927      28   97913  6427878  65.64
1971-1974       12      0.00017  0.00017  0.50   97899      17   97890  6329965  64.66
1971-1974       13      0.00023  0.00023  0.50   97882      22   97871  6232075  63.67
1971-1974       14      0.00027  0.00027  0.50   97860      26   97847  6134204  62.68
1971-1974       15      0.00048  0.00048  0.50   97834      47   97810  6036357  61.70
1971-1974       16      0.00067  0.00067  0.50   97786      65   97754  5938547  60.73
1971-1974       17      0.00092  0.00091  0.50   97721      89   97677  5840793  59.77
1971-1974       18      0.00080  0.00080  0.50   97632      78   97593  5743117  58.82
1971-1974       19      0.00072  0.00072  0.50   97554      70   97519  5645524  57.87
1971-1974       20      0.00073  0.00073  0.50   97483      72   97447  5548005  56.91
1971-1974       21      0.00084  0.00084  0.50   97412      82   97371  5450558  55.95
1971-1974       22      0.00046  0.00046  0.50   97330      45   97307  5353187  55.00
1971-1974       23      0.00069  0.00069  0.50   97285      67   97251  5255880  54.03
1971-1974       24      0.00083  0.00083  0.50   97218      80   97178  5158629  53.06
1971-1974       25      0.00056  0.00056  0.50   97138      55   97110  5061451  52.11
1971-1974       26      0.00078  0.00078  0.50   97083      75   97045  4964341  51.14
1971-1974       27      0.00061  0.00061  0.50   97007      59   96978  4867295  50.17
1971-1974       28      0.00065  0.00065  0.50   96948      63   96917  4770318  49.20
1971-1974       29      0.00080  0.00080  0.50   96885      77   96847  4673401  48.24
1971-1974       30      0.00081  0.00081  0.50   96808      79   96769  4576554  47.27
1971-1974       31      0.00085  0.00085  0.50   96729      82   96688  4479786  46.31
1971-1974       32      0.00109  0.00109  0.50   96648     105   96595  4383097  45.35
1971-1974       33      0.00098  0.00098  0.50   96542      95   96495  4286502  44.40
1971-1974       34      0.00099  0.00099  0.50   96447      95   96400  4190008  43.44
1971-1974       35      0.00110  0.00110  0.50   96352     106   96299  4093608  42.49
1971-1974       36      0.00130  0.00130  0.50   96247     125   96184  3997308  41.53
1971-1974       37      0.00146  0.00146  0.50   96122     141   96051  3901124  40.59
1971-1974       38      0.00143  0.00143  0.50   95981     137   95912  3805073  39.64
1971-1974       39      0.00165  0.00164  0.50   95844     158   95765  3709161  38.70
1971-1974       40      0.00196  0.00196  0.50   95686     188   95592  3613396  37.76
1971-1974       41      0.00226  0.00225  0.50   95498     215   95391  3517803  36.84
1971-1974       42      0.00245  0.00245  0.50   95283     233   95167  3422413  35.92
1971-1974       43      0.00270  0.00270  0.50   95050     256   94922  3327246  35.01
1971-1974       44      0.00260  0.00259  0.50   94794     246   94671  3232324  34.10
1971-1974       45      0.00339  0.00338  0.50   94548     320   94388  3137653  33.19
1971-1974       46      0.00353  0.00352  0.50   94228     332   94062  3043265  32.30
1971-1974       47      0.00443  0.00442  0.50   93896     415   93689  2949203  31.41
1971-1974       48      0.00495  0.00494  0.50   93481     461   93251  2855514  30.55
1971-1974       49      0.00455  0.00454  0.50   93020     422   92809  2762264  29.70
1971-1974       50      0.00517  0.00516  0.50   92598     477   92359  2669455  28.83
1971-1974       51      0.00524  0.00523  0.50   92120     482   91879  2577096  27.98
1971-1974       52      0.00525  0.00523  0.50   91638     479   91399  2485217  27.12
1971-1974       53      0.00591  0.00590  0.50   91159     538   90890  2393818  26.26
1971-1974       54      0.00630  0.00628  0.50   90621     569   90337  2302928  25.41
1971-1974       55      0.00723  0.00721  0.50   90052     649   89728  2212591  24.57
1971-1974       56      0.00827  0.00824  0.50   89403     736   89035  2122864  23.74
1971-1974       57      0.00797  0.00794  0.50   88667     704   88315  2033829  22.94
1971-1974       58      0.00869  0.00865  0.50   87963     761   87582  1945514  22.12
1971-1974       59      0.01014  0.01009  0.50   87202     880   86762  1857932  21.31
1971-1974       60      0.01094  0.01088  0.50   86322     939   85852  1771170  20.52
1971-1974       61      0.01116  0.01110  0.50   85383     947   84909  1685318  19.74
1971-1974       62      0.01203  0.01195  0.50   84435    1009   83931  1600409  18.95
1971-1974       63      0.01334  0.01326  0.50   83426    1106   82873  1516478  18.18
1971-1974       64      0.01379  0.01370  0.50   82320    1128   81756  1433605  17.42
1971-1974       65      0.01490  0.01479  0.50   81193    1201   80592  1351849  16.65
1971-1974       66      0.01630  0.01617  0.50   79992    1293   79345  1271257  15.89
1971-1974       67      0.01995  0.01975  0.50   78699    1555   77921  1191911  15.15
1971-1974       68      0.02103  0.02081  0.50   77144    1606   76341  1113990  14.44
1971-1974       69      0.02366  0.02338  0.50   75539    1766   74656  1037649  13.74
1971-1974       70      0.02495  0.02464  0.50   73772    1818   72863   962993  13.05
1971-1974       71      0.02825  0.02786  0.50   71955    2004   70952   890130  12.37
1971-1974       72      0.03138  0.03090  0.50   69950    2161   68870   819177  11.71
1971-1974       73      0.03481  0.03422  0.50   67789    2320   66629   750308  11.07
1971-1974       74      0.04090  0.04008  0.50   65469    2624   64157   683679  10.44
1971-1974       75      0.04689  0.04581  0.50   62845    2879   61406   619521   9.86
1971-1974       76      0.05030  0.04906  0.50   59966    2942   58495   558116   9.31
1971-1974       77      0.05316  0.05178  0.50   57024    2953   55547   499621   8.76
1971-1974       78      0.06157  0.05973  0.50   54071    3230   52456   444073   8.21
1971-1974       79      0.07264  0.07009  0.50   50841    3564   49060   391617   7.70
1971-1974       80      0.08124  0.07807  0.50   47278    3691   45432   342558   7.25
1971-1974       81      0.07967  0.07661  0.50   43587    3339   41917   297125   6.82
1971-1974       82      0.09987  0.09512  0.50   40247    3828   38333   255208   6.34
1971-1974       83      0.10725  0.10179  0.50   36419    3707   34565   216875   5.95
1971-1974       84      0.11874  0.11208  0.50   32712    3666   30879   182309   5.57
1971-1974       85      0.13674  0.12799  0.50   29045    3717   27187   151431   5.21
1971-1974       86      0.15030  0.13980  0.50   25328    3541   23558   124244   4.91
1971-1974       87      0.16129  0.14926  0.50   21787    3252   20161   100686   4.62
1971-1974       88      0.16099  0.14900  0.50   18535    2762   17155    80525   4.34
1971-1974       89      0.20322  0.18447  0.50   15774    2910   14319    63370   4.02
1971-1974       90      0.19603  0.17853  0.50   12864    2297   11716    49052   3.81
1971-1974       91      0.22403  0.20146  0.50   10567    2129    9503    37336   3.53
1971-1974       92      0.23347  0.20906  0.50    8438    1764    7556    27833   3.30
1971-1974       93      0.27768  0.24383  0.50    6674    1627    5861    20277   3.04
1971-1974       94      0.29827  0.25956  0.50    5047    1310    4392    14416   2.86
1971-1974       95      0.32289  0.27801  0.50    3737    1039    3217    10025   2.68
1971-1974       96      0.34853  0.29680  0.50    2698     801    2298     6807   2.52
1971-1974       97      0.37507  0.31584  0.50    1897     599    1598     4509   2.38
1971-1974       98      0.40239  0.33499  0.50    1298     435    1081     2912   2.24
1971-1974       99      0.43033  0.35414  0.50     863     306     710     1831   2.12
1971-1974      100      0.45873  0.37314  0.50     557     208     453     1121   2.01
1971-1974      101      0.48739  0.39189  0.50     349     137     281      667   1.91
1971-1974      102      0.51613  0.41026  0.50     213      87     169      386   1.82
1971-1974      103      0.54477  0.42815  0.50     125      54      99      218   1.74
1971-1974      104      0.57312  0.44546  0.50      72      32      56      119   1.66
1971-1974      105      0.60099  0.46212  0.50      40      18      31       63   1.59
1971-1974      106      0.62822  0.47806  0.50      21      10      16       33   1.53
1971-1974      107      0.65467  0.49322  0.50      11       6       8       17   1.48
1971-1974      108      0.68019  0.50757  0.50       6       3       4        8   1.43
1971-1974      109      0.70467  0.52108  0.50       3       1       2        4   1.40
1971-1974      110+     0.72803  1.00000  1.37       1       1       2        2   1.37
1975-1979        0      0.01194  0.01182  0.12  100000    1182   98965  7705119  77.05
1975-1979        1      0.00107  0.00107  0.50   98818     105   98765  7606154  76.97
1975-1979        2      0.00078  0.00078  0.50   98712      77   98674  7507389  76.05
1975-1979        3      0.00055  0.00055  0.50   98636      54   98608  7408715  75.11
1975-1979        4      0.00038  0.00038  0.50   98581      37   98563  7310106  74.15
1975-1979        5      0.00035  0.00035  0.50   98544      34   98527  7211544  73.18
1975-1979        6      0.00030  0.00030  0.50   98510      30   98495  7113017  72.21
1975-1979        7      0.00027  0.00027  0.50   98480      26   98467  7014521  71.23
1975-1979        8      0.00031  0.00031  0.50   98454      31   98439  6916054  70.25
1975-1979        9      0.00029  0.00029  0.50   98423      28   98409  6817616  69.27
1975-1979       10      0.00025  0.00025  0.50   98395      25   98383  6719207  68.29
1975-1979       11      0.00032  0.00032  0.50   98370      31   98355  6620824  67.31
1975-1979       12      0.00024  0.00024  0.50   98339      24   98327  6522469  66.33
1975-1979       13      0.00017  0.00017  0.50   98316      16   98307  6424142  65.34
1975-1979       14      0.00033  0.00033  0.50   98299      33   98283  6325834  64.35
1975-1979       15      0.00047  0.00047  0.50   98266      46   98243  6227551  63.37
1975-1979       16      0.00044  0.00044  0.50   98220      43   98198  6129308  62.40
1975-1979       17      0.00057  0.00057  0.50   98177      56   98149  6031110  61.43
1975-1979       18      0.00084  0.00084  0.50   98121      82   98080  5932961  60.47
1975-1979       19      0.00052  0.00052  0.50   98039      51   98013  5834881  59.52
1975-1979       20      0.00065  0.00065  0.50   97988      64   97956  5736867  58.55
1975-1979       21      0.00060  0.00060  0.50   97924      59   97895  5638911  57.58
1975-1979       22      0.00053  0.00053  0.50   97866      52   97840  5541016  56.62
1975-1979       23      0.00036  0.00036  0.50   97814      35   97796  5443177  55.65
1975-1979       24      0.00069  0.00069  0.50   97779      67   97745  5345380  54.67
1975-1979       25      0.00050  0.00050  0.50   97712      49   97687  5247635  53.71
1975-1979       26      0.00049  0.00049  0.50   97663      48   97638  5149948  52.73
1975-1979       27      0.00054  0.00054  0.50   97614      53   97588  5052309  51.76
1975-1979       28      0.00053  0.00053  0.50   97561      51   97536  4954722  50.79
1975-1979       29      0.00047  0.00047  0.50   97510      46   97487  4857186  49.81
1975-1979       30      0.00073  0.00073  0.50   97464      71   97429  4759699  48.84
1975-1979       31      0.00068  0.00068  0.50   97393      67   97360  4662270  47.87
1975-1979       32      0.00080  0.00080  0.50   97326      78   97287  4564911  46.90
1975-1979       33      0.00068  0.00068  0.50   97249      66   97215  4467623  45.94
1975-1979       34      0.00084  0.00084  0.50   97182      81   97142  4370408  44.97
1975-1979       35      0.00099  0.00099  0.50   97101      96   97053  4273266  44.01
1975-1979       36      0.00101  0.00101  0.50   97005      98   96956  4176213  43.05
1975-1979       37      0.00133  0.00133  0.50   96907     129   96842  4079257  42.09
1975-1979       38      0.00161  0.00161  0.50   96778     156   96700  3982415  41.15
1975-1979       39      0.00152  0.00152  0.50   96622     147   96548  3885715  40.22
1975-1979       40      0.00141  0.00141  0.50   96475     136   96407  3789167  39.28
1975-1979       41      0.00164  0.00164  0.50   96339     158   96260  3692760  38.33
1975-1979       42      0.00228  0.00228  0.50   96181     219   96072  3596500  37.39
1975-1979       43      0.00225  0.00225  0.50   95962     216   95854  3500428  36.48
1975-1979       44      0.00242  0.00241  0.50   95746     231   95630  3404574  35.56
1975-1979       45      0.00281  0.00281  0.50   95515     268   95381  3308944  34.64
1975-1979       46      0.00262  0.00262  0.50   95247     250   95122  3213563  33.74
1975-1979       47      0.00363  0.00362  0.50   94997     344   94825  3118442  32.83
1975-1979       48      0.00371  0.00370  0.50   94653     351   94477  3023617  31.94
1975-1979       49      0.00396  0.00395  0.50   94302     372   94116  2929139  31.06
1975-1979       50      0.00399  0.00398  0.50   93930     374   93743  2835023  30.18
1975-1979       51      0.00432  0.00431  0.50   93556     403   93354  2741281  29.30
1975-1979       52      0.00504  0.00503  0.50   93153     469   92919  2647926  28.43
1975-1979       53      0.00563  0.00561  0.50   92684     520   92424  2555008  27.57
1975-1979       54      0.00618  0.00616  0.50   92164     568   91880  2462583  26.72
1975-1979       55      0.00604  0.00603  0.50   91596     552   91320  2370703  25.88
1975-1979       56      0.00658  0.00656  0.50   91044     597   90746  2279383  25.04
1975-1979       57      0.00749  0.00746  0.50   90447     675   90110  2188637  24.20
1975-1979       58      0.00770  0.00767  0.50   89772     689   89428  2098527  23.38
1975-1979       59      0.00832  0.00828  0.50   89083     738   88714  2009099  22.55
1975-1979       60      0.00966  0.00961  0.50   88346     849   87921  1920385  21.74
1975-1979       61      0.00923  0.00919  0.50   87496     804   87094  1832464  20.94
1975-1979       62      0.01217  0.01210  0.50   86693    1049   86168  1745370  20.13
1975-1979       63      0.01165  0.01158  0.50   85644     992   85148  1659201  19.37
1975-1979       64      0.01361  0.01352  0.50   84652    1145   84080  1574053  18.59
1975-1979       65      0.01292  0.01283  0.50   83508    1072   82972  1489974  17.84
1975-1979       66      0.01459  0.01448  0.50   82436    1194   81839  1407002  17.07
1975-1979       67      0.01563  0.01551  0.50   81242    1260   80612  1325163  16.31
1975-1979       68      0.01835  0.01819  0.50   79982    1454   79254  1244552  15.56
1975-1979       69      0.02029  0.02009  0.50   78527    1577   77738  1165297  14.84
1975-1979       70      0.02151  0.02128  0.50   76950    1637   76131  1087559  14.13
1975-1979       71      0.02249  0.02224  0.50   75312    1675   74475  1011428  13.43
1975-1979       72      0.02700  0.02664  0.50   73637    1962   72656   936953  12.72
1975-1979       73      0.02833  0.02793  0.50   71675    2002   70674   864297  12.06
1975-1979       74      0.03377  0.03321  0.50   69673    2314   68516   793622  11.39
1975-1979       75      0.03945  0.03869  0.50   67359    2606   66056   725106  10.76
1975-1979       76      0.04255  0.04166  0.50   64753    2698   63404   659050  10.18
1975-1979       77      0.04555  0.04454  0.50   62055    2764   60673   595646   9.60
1975-1979       78      0.05188  0.05057  0.50   59291    2998   57792   534972   9.02
1975-1979       79      0.05702  0.05544  0.50   56293    3121   54733   477180   8.48
1975-1979       80      0.06497  0.06293  0.50   53172    3346   51499   422447   7.94
1975-1979       81      0.07552  0.07277  0.50   49826    3626   48013   370948   7.44
1975-1979       82      0.08194  0.07871  0.50   46200    3637   44382   322935   6.99
1975-1979       83      0.09654  0.09210  0.50   42564    3920   40604   278552   6.54
1975-1979       84      0.10778  0.10227  0.50   38644    3952   36668   237949   6.16
1975-1979       85      0.11109  0.10525  0.50   34692    3651   32866   201281   5.80
1975-1979       86      0.12677  0.11921  0.50   31040    3700   29190   168415   5.43
1975-1979       87      0.13806  0.12915  0.50   27340    3531   25575   139225   5.09
1975-1979       88      0.15219  0.14143  0.50   23809    3367   22126   113650   4.77
1975-1979       89      0.17233  0.15866  0.50   20442    3243   18820    91524   4.48
1975-1979       90      0.16836  0.15529  0.50   17199    2671   15863    72704   4.23
1975-1979       91      0.19965  0.18153  0.50   14528    2637   13209    56841   3.91
1975-1979       92      0.21359  0.19298  0.50   11891    2295   10743    43631   3.67
1975-1979       93      0.24652  0.21947  0.50    9596    2106    8543    32888   3.43
1975-1979       94      0.24356  0.21712  0.50    7490    1626    6677    24345   3.25
1975-1979       95      0.28000  0.24562  0.50    5864    1440    5144    17668   3.01
1975-1979       96      0.30302  0.26315  0.50    4424    1164    3841    12525   2.83
1975-1979       97      0.32706  0.28110  0.50    3259     916    2801     8683   2.66
1975-1979       98      0.35205  0.29936  0.50    2343     701    1993     5882   2.51
1975-1979       99      0.37788  0.31783  0.50    1642     522    1381     3889   2.37
1975-1979      100      0.40442  0.33640  0.50    1120     377     932     2508   2.24
1975-1979      101      0.43153  0.35495  0.50     743     264     611     1577   2.12
1975-1979      102      0.45906  0.37336  0.50     479     179     390      965   2.01
1975-1979      103      0.48684  0.39153  0.50     300     118     242      576   1.92
1975-1979      104      0.51470  0.40935  0.50     183      75     145      334   1.83
1975-1979      105      0.54247  0.42673  0.50     108      46      85      189   1.75
1975-1979      106      0.56998  0.44357  0.50      62      27      48      104   1.67
1975-1979      107      0.59707  0.45980  0.50      34      16      27       55   1.61
1975-1979      108      0.62357  0.47536  0.50      19       9      14       29   1.56
1975-1979      109      0.64935  0.49020  0.50      10       5       7       15   1.51
1975-1979      110+     0.67430  1.00000  1.48       5       5       7        7   1.48
1980-1984        0      0.00906  0.00899  0.13  100000     899   99218  7883465  78.83
1980-1984        1      0.00100  0.00100  0.50   99101      99   99051  7784247  78.55
1980-1984        2      0.00050  0.00050  0.50   99001      50   98977  7685196  77.63
1980-1984        3      0.00032  0.00032  0.50   98952      32   98936  7586220  76.67
1980-1984        4      0.00033  0.00033  0.50   98920      33   98904  7487284  75.69
1980-1984        5      0.00027  0.00027  0.50   98887      27   98874  7388380  74.72
1980-1984        6      0.00008  0.00008  0.50   98860       8   98856  7289507  73.74
1980-1984        7      0.00020  0.00020  0.50   98852      20   98842  7190651  72.74
1980-1984        8      0.00016  0.00016  0.50   98832      15   98824  7091809  71.76
1980-1984        9      0.00019  0.00019  0.50   98817      18   98808  6992984  70.77
1980-1984       10      0.00024  0.00024  0.50   98798      23   98787  6894177  69.78
1980-1984       11      0.00016  0.00016  0.50   98775      16   98767  6795390  68.80
1980-1984       12      0.00013  0.00013  0.50   98759      13   98752  6696623  67.81
1980-1984       13      0.00024  0.00024  0.50   98746      23   98734  6597870  66.82
1980-1984       14      0.00033  0.00033  0.50   98722      32   98706  6499136  65.83
1980-1984       15      0.00025  0.00025  0.50   98690      25   98677  6400430  64.85
1980-1984       16      0.00033  0.00033  0.50   98665      33   98649  6301753  63.87
1980-1984       17      0.00051  0.00051  0.50   98632      50   98608  6203104  62.89
1980-1984       18      0.00048  0.00048  0.50   98583      47   98559  6104497  61.92
1980-1984       19      0.00044  0.00044  0.50   98535      44   98513  6005938  60.95
1980-1984       20      0.00055  0.00055  0.50   98492      54   98464  5907424  59.98
1980-1984       21      0.00060  0.00060  0.50   98437      59   98408  5808960  59.01
1980-1984       22      0.00054  0.00054  0.50   98378      53   98352  5710552  58.05
1980-1984       23      0.00043  0.00043  0.50   98325      42   98304  5612200  57.08
1980-1984       24      0.00049  0.00049  0.50   98283      48   98259  5513896  56.10
1980-1984       25      0.00054  0.00054  0.50   98235      53   98208  5415637  55.13
1980-1984       26      0.00056  0.00056  0.50   98182      55   98154  5317429  54.16
1980-1984       27      0.00046  0.00046  0.50   98127      46   98104  5219275  53.19
1980-1984       28      0.00053  0.00053  0.50   98081      52   98055  5121170  52.21
1980-1984       29      0.00060  0.00060  0.50   98029      59   98000  5023115  51.24
1980-1984       30      0.00054  0.00054  0.50   97971      53   97945  4925115  50.27
1980-1984       31      0.00064  0.00064  0.50   97918      63   97887  4827170  49.30
1980-1984       32      0.00065  0.00064  0.50   97855      63   97824  4729283  48.33
1980-1984       33      0.00078  0.00078  0.50   97792      76   97754  4631460  47.36
1980-1984       34      0.00060  0.00060  0.50   97716      58   97687  4533706  46.40
1980-1984       35      0.00078  0.00078  0.50   97658      76   97620  4436019  45.42
1980-1984       36      0.00085  0.00085  0.50   97581      83   97540  4338399  44.46
1980-1984       37      0.00078  0.00078  0.50   97499      76   97460  4240859  43.50
1980-1984       38      0.00095  0.00095  0.50   97422      93   97376  4143399  42.53
1980-1984       39      0.00117  0.00116  0.50   97329     113   97273  4046023  41.57
1980-1984       40      0.00096  0.00096  0.50   97216      93   97169  3948750  40.62
1980-1984       41      0.00115  0.00115  0.50   97123     112   97067  3851581  39.66
1980-1984       42      0.00163  0.00163  0.50   97011     158   96932  3754514  38.70
1980-1984       43      0.00161  0.00161  0.50   96853     156   96775  3657582  37.76
1980-1984       44      0.00195  0.00194  0.50   96697     188   96603  3560806  36.82
1980-1984       45      0.00208  0.00207  0.50   96509     200   96409  3464203  35.90
1980-1984       46      0.00216  0.00216  0.50   96309     208   96205  3367794  34.97
1980-1984       47      0.00276  0.00276  0.50   96101     265   95968  3271589  34.04
1980-1984       48      0.00247  0.00247  0.50   95836     237   95717  3175620  33.14
1980-1984       49      0.00326  0.00325  0.50   95599     311   95444  3079903  32.22
1980-1984       50      0.00347  0.00346  0.50   95288     330   95123  2984459  31.32
1980-1984       51      0.00377  0.00377  0.50   94958     358   94779  2889336  30.43
1980-1984       52      0.00432  0.00431  0.50   94601     408   94397  2794556  29.54
1980-1984       53      0.00431  0.00430  0.50   94193     405   93990  2700160  28.67
1980-1984       54      0.00443  0.00442  0.50   93788     415   93581  2606169  27.79
1980-1984       55      0.00445  0.00444  0.50   93373     414   93166  2512588  26.91
1980-1984       56      0.00502  0.00501  0.50   92959     466   92726  2419422  26.03
1980-1984       57      0.00649  0.00647  0.50   92493     598   92194  2326697  25.16
1980-1984       58      0.00681  0.00679  0.50   91895     624   91583  2234503  24.32
1980-1984       59      0.00712  0.00709  0.50   91271     647   90948  2142919  23.48
1980-1984       60      0.00794  0.00791  0.50   90624     717   90266  2051972  22.64
1980-1984       61      0.00839  0.00836  0.50   89907     751   89532  1961706  21.82
1980-1984       62      0.00983  0.00978  0.50   89156     872   88720  1872174  21.00
1980-1984       63      0.01024  0.01019  0.50   88284     899   87834  1783454  20.20
1980-1984       64      0.01112  0.01106  0.50   87385     966   86901  1695620  19.40
1980-1984       65      0.01272  0.01264  0.50   86418    1092   85872  1608719  18.62
1980-1984       66      0.01389  0.01380  0.50   85326    1177   84737  1522847  17.85
1980-1984       67      0.01420  0.01410  0.50   84148    1187   83555  1438110  17.09
1980-1984       68      0.01617  0.01604  0.50   82962    1331   82296  1354554  16.33
1980-1984       69      0.01750  0.01735  0.50   81631    1416   80923  1272258  15.59
1980-1984       70      0.01897  0.01879  0.50   80215    1507   79461  1191335  14.85
1980-1984       71      0.02253  0.02227  0.50   78707    1753   77831  1111874  14.13
1980-1984       72      0.02420  0.02391  0.50   76954    1840   76034  1034044  13.44
1980-1984       73      0.02716  0.02680  0.50   75114    2013   74108   958009  12.75
1980-1984       74      0.02766  0.02728  0.50   73101    1995   72104   883902  12.09
1980-1984       75      0.03368  0.03312  0.50   71106    2355   69929   811798  11.42
1980-1984       76      0.03669  0.03603  0.50   68751    2477   67513   741869  10.79
1980-1984       77      0.03943  0.03867  0.50   66274    2563   64993   674356  10.18
1980-1984       78      0.04567  0.04465  0.50   63712    2845   62289   609363   9.56
1980-1984       79      0.05051  0.04927  0.50   60867    2999   59368   547074   8.99
1980-1984       80      0.05731  0.05571  0.50   57868    3224   56256   487706   8.43
1980-1984       81      0.06607  0.06396  0.50   54644    3495   52897   431450   7.90
1980-1984       82      0.07387  0.07124  0.50   51149    3644   49328   378553   7.40
1980-1984       83      0.08684  0.08323  0.50   47506    3954   45529   329226   6.93
1980-1984       84      0.09423  0.08999  0.50   43552    3919   41592   283697   6.51
1980-1984       85      0.10844  0.10286  0.50   39633    4077   37594   242104   6.11
1980-1984       86      0.11580  0.10946  0.50   35556    3892   33610   204510   5.75
1980-1984       87      0.12324  0.11609  0.50   31664    3676   29826   170900   5.40
1980-1984       88      0.14023  0.13104  0.50   27988    3668   26154   141074   5.04
1980-1984       89      0.14813  0.13792  0.50   24321    3354   22643   114919   4.73
1980-1984       90      0.15900  0.14729  0.50   20966    3088   19422    92276   4.40
1980-1984       91      0.18637  0.17048  0.50   17878    3048   16354    72854   4.07
1980-1984       92      0.19848  0.18056  0.50   14830    2678   13491    56499   3.81
1980-1984       93      0.22197  0.19979  0.50   12153    2428   10939    43008   3.54
1980-1984       94      0.24638  0.21936  0.50    9725    2133    8658    32069   3.30
1980-1984       95      0.26950  0.23750  0.50    7591    1803    6690    23411   3.08
1980-1984       96      0.29319  0.25570  0.50    5788    1480    5048    16721   2.89
1980-1984       97      0.31806  0.27442  0.50    4308    1182    3717    11673   2.71
1980-1984       98      0.34400  0.29352  0.50    3126     918    2667     7956   2.54
1980-1984       99      0.37092  0.31289  0.50    2209     691    1863     5289   2.39
1980-1984      100      0.39866  0.33240  0.50    1517     504    1265     3426   2.26
1980-1984      101      0.42707  0.35192  0.50    1013     357     835     2160   2.13
1980-1984      102      0.45596  0.37131  0.50     657     244     535     1325   2.02
1980-1984      103      0.48516  0.39045  0.50     413     161     332      791   1.92
1980-1984      104      0.51446  0.40920  0.50     252     103     200      459   1.82
1980-1984      105      0.54366  0.42746  0.50     149      64     117      258   1.74
1980-1984      106      0.57256  0.44513  0.50      85      38      66      142   1.66
1980-1984      107      0.60097  0.46211  0.50      47      22      36       75   1.60
1980-1984      108      0.62872  0.47835  0.50      25      12      19       39   1.54
1980-1984      109      0.65565  0.49378  0.50      13       7      10       20   1.50
1980-1984      110+     0.68161  1.00000  1.47       7       7      10       10   1.47
1985-1989        0      0.00813  0.00807  0.13  100000     807   99300  7950975  79.51
1985-1989        1      0.00083  0.00083  0.50   99193      82   99152  7851675  79.16
1985-1989        2      0.00052  0.00052  0.50   99111      52   99085  7752523  78.22
1985-1989        3      0.00039  0.00039  0.50   99059      39   99040  7653438  77.26
1985-1989        4      0.00016  0.00016  0.50   99020      15   99013  7554398  76.29
1985-1989        5      0.00019  0.00019  0.50   99005      18   98996  7455385  75.30
1985-1989        6      0.00014  0.00014  0.50   98987      14   98980  7356390  74.32
1985-1989        7      0.00026  0.00026  0.50   98973      25   98960  7257410  73.33
1985-1989        8      0.00017  0.00017  0.50   98948      17   98939  7158449  72.35
1985-1989        9      0.00024  0.00024  0.50   98931      23   98919  7059510  71.36
1985-1989       10      0.00015  0.00015  0.50   98908      14   98900  6960591  70.37
1985-1989       11      0.00015  0.00015  0.50   98893      15   98885  6861690  69.38
1985-1989       12      0.00011  0.00011  0.50   98878      11   98872  6762805  68.40
1985-1989       13      0.00025  0.00025  0.50   98867      25   98855  6663932  67.40
1985-1989       14      0.00024  0.00024  0.50   98842      24   98830  6565078  66.42
1985-1989       15      0.00030  0.00030  0.50   98818      30   98803  6466248  65.44
1985-1989       16      0.00030  0.00030  0.50   98788      30   98773  6367444  64.46
1985-1989       17      0.00044  0.00044  0.50   98758      44   98737  6268671  63.47
1985-1989       18      0.00052  0.00052  0.50   98715      51   98689  6169935  62.50
1985-1989       19      0.00041  0.00041  0.50   98663      40   98643  6071246  61.54
1985-1989       20      0.00059  0.00059  0.50   98623      58   98594  5972603  60.56
1985-1989       21      0.00051  0.00051  0.50   98565      50   98540  5874009  59.60
1985-1989       22      0.00049  0.00049  0.50   98515      48   98490  5775469  58.63
1985-1989       23      0.00049  0.00049  0.50   98466      49   98442  5676979  57.65
1985-1989       24      0.00063  0.00063  0.50   98418      62   98387  5578537  56.68
1985-1989       25      0.00051  0.00051  0.50   98356      50   98331  5480150  55.72
1985-1989       26      0.00047  0.00047  0.50   98306      46   98283  5381819  54.75
1985-1989       27      0.00057  0.00057  0.50   98260      56   98232  5283537  53.77
1985-1989       28      0.00054  0.00054  0.50   98204      53   98178  5185305  52.80
1985-1989       29      0.00049  0.00049  0.50   98151      48   98127  5087127  51.83
1985-1989       30      0.00054  0.00054  0.50   98103      53   98077  4989000  50.85
1985-1989       31      0.00061  0.00061  0.50   98050      60   98020  4890923  49.88
1985-1989       32      0.00051  0.00051  0.50   97990      50   97965  4792903  48.91
1985-1989       33      0.00055  0.00055  0.50   97940      53   97913  4694937  47.94
1985-1989       34      0.00064  0.00064  0.50   97887      63   97855  4597024  46.96
1985-1989       35      0.00058  0.00058  0.50   97824      57   97795  4499169  45.99
1985-1989       36      0.00077  0.00077  0.50   97767      76   97729  4401373  45.02
1985-1989       37      0.00069  0.00069  0.50   97691      67   97658  4303644  44.05
1985-1989       38      0.00092  0.00092  0.50   97624      89   97579  4205987  43.08
1985-1989       39      0.00095  0.00095  0.50   97535      93   97488  4108407  42.12
1985-1989       40      0.00095  0.00095  0.50   97442      93   97395  4010919  41.16
1985-1989       41      0.00113  0.00113  0.50   97349     110   97294  3913523  40.20
1985-1989       42      0.00108  0.00108  0.50   97239     105   97186  3816229  39.25
1985-1989       43      0.00135  0.00135  0.50   97134     131   97068  3719043  38.29
1985-1989       44      0.00185  0.00185  0.50   97003     179   96913  3621975  37.34
1985-1989       45      0.00178  0.00178  0.50   96823     173   96737  3525062  36.41
1985-1989       46      0.00199  0.00199  0.50   96651     192   96554  3428325  35.47
1985-1989       47      0.00201  0.00201  0.50   96458     194   96361  3331771  34.54
1985-1989       48      0.00243  0.00242  0.50   96264     233   96148  3235409  33.61
1985-1989       49      0.00252  0.00252  0.50   96031     242   95910  3139262  32.69
1985-1989       50      0.00340  0.00339  0.50   95789     325   95626  3043352  31.77
1985-1989       51      0.00306  0.00306  0.50   95464     292   95318  2947726  30.88
1985-1989       52      0.00357  0.00356  0.50   95172     339   95003  2852408  29.97
1985-1989       53      0.00426  0.00425  0.50   94833     403   94632  2757405  29.08
1985-1989       54      0.00427  0.00426  0.50   94431     402   94230  2662773  28.20
1985-1989       55      0.00496  0.00495  0.50   94029     465   93796  2568543  27.32
1985-1989       56      0.00550  0.00549  0.50   93563     514   93306  2474748  26.45
1985-1989       57      0.00550  0.00548  0.50   93050     510   92795  2381441  25.59
1985-1989       58      0.00589  0.00587  0.50   92540     544   92268  2288647  24.73
1985-1989       59      0.00691  0.00688  0.50   91996     633   91679  2196379  23.87
1985-1989       60      0.00722  0.00720  0.50   91363     658   91034  2104699  23.04
1985-1989       61      0.00741  0.00738  0.50   90705     670   90370  2013665  22.20
1985-1989       62      0.00796  0.00793  0.50   90036     714   89679  1923295  21.36
1985-1989       63      0.00889  0.00885  0.50   89322     791   88927  1833616  20.53
1985-1989       64      0.00989  0.00984  0.50   88531     871   88096  1744689  19.71
1985-1989       65      0.01099  0.01093  0.50   87660     958   87181  1656593  18.90
1985-1989       66      0.01236  0.01229  0.50   86702    1065   86170  1569412  18.10
1985-1989       67      0.01293  0.01285  0.50   85637    1100   85087  1483242  17.32
1985-1989       68      0.01430  0.01420  0.50   84537    1200   83937  1398155  16.54
1985-1989       69      0.01729  0.01714  0.50   83336    1428   82622  1314219  15.77
1985-1989       70      0.01978  0.01958  0.50   81908    1604   81106  1231597  15.04
1985-1989       71      0.02142  0.02119  0.50   80304    1702   79453  1150491  14.33
1985-1989       72      0.02578  0.02545  0.50   78602    2000   77602  1071038  13.63
1985-1989       73      0.02459  0.02429  0.50   76602    1861   75672   993436  12.97
1985-1989       74      0.02831  0.02791  0.50   74741    2086   73698   917764  12.28
1985-1989       75      0.03319  0.03265  0.50   72655    2372   71469   844066  11.62
1985-1989       76      0.03566  0.03504  0.50   70283    2463   69051   772597  10.99
1985-1989       77      0.03775  0.03705  0.50   67820    2513   66564   703546  10.37
1985-1989       78      0.04352  0.04259  0.50   65307    2781   63917   636982   9.75
1985-1989       79      0.04750  0.04640  0.50   62526    2901   61075   573065   9.17
1985-1989       80      0.05569  0.05418  0.50   59625    3230   58009   511990   8.59
1985-1989       81      0.06007  0.05832  0.50   56394    3289   54750   453981   8.05
1985-1989       82      0.07153  0.06906  0.50   53105    3667   51272   399231   7.52
1985-1989       83      0.07670  0.07387  0.50   49438    3652   47612   347959   7.04
1985-1989       84      0.08953  0.08570  0.50   45786    3924   43824   300347   6.56
1985-1989       85      0.09874  0.09409  0.50   41862    3939   39893   256523   6.13
1985-1989       86      0.11314  0.10709  0.50   37923    4061   35893   216630   5.71
1985-1989       87      0.12353  0.11635  0.50   33862    3940   31893   180737   5.34
1985-1989       88      0.14258  0.13309  0.50   29923    3982   27932   148845   4.97
1985-1989       89      0.15569  0.14444  0.50   25940    3747   24067   120913   4.66
1985-1989       90      0.16135  0.14930  0.50   22193    3314   20537    96846   4.36
1985-1989       91      0.17573  0.16154  0.50   18880    3050   17355    76309   4.04
1985-1989       92      0.21285  0.19238  0.50   15830    3045   14307    58954   3.72
1985-1989       93      0.22524  0.20244  0.50   12785    2588   11491    44647   3.49
1985-1989       94      0.25020  0.22238  0.50   10197    2268    9063    33156   3.25
1985-1989       95      0.27241  0.23976  0.50    7929    1901    6979    24093   3.04
1985-1989       96      0.29749  0.25897  0.50    6028    1561    5248    17115   2.84
1985-1989       97      0.32384  0.27871  0.50    4467    1245    3845    11867   2.66
1985-1989       98      0.35136  0.29886  0.50    3222     963    2741     8023   2.49
1985-1989       99      0.37991  0.31926  0.50    2259     721    1898     5282   2.34
1985-1989      100      0.40931  0.33977  0.50    1538     523    1277     3384   2.20
1985-1989      101      0.43937  0.36023  0.50    1015     366     832     2107   2.08
1985-1989      102      0.46988  0.38049  0.50     650     247     526     1275   1.96
1985-1989      103      0.50063  0.40040  0.50     402     161     322      749   1.86
1985-1989      104      0.53136  0.41982  0.50     241     101     191      427   1.77
1985-1989      105      0.56187  0.43864  0.50     140      61     109      236   1.69
1985-1989      106      0.59191  0.45673  0.50      79      36      61      127   1.61
1985-1989      107      0.62128  0.47403  0.50      43      20      33       66   1.55
1985-1989      108      0.64978  0.49044  0.50      22      11      17       34   1.49
1985-1989      109      0.67726  0.50593  0.50      11       6       9       17   1.45
1985-1989      110+     0.70356  1.00000  1.42       6       6       8        8   1.42
1990-1994        0      0.00634  0.00631  0.14  100000     631   99455  8071347  80.71
1990-1994        1      0.00075  0.00075  0.50   99369      74   99332  7971892  80.23
1990-1994        2      0.00029  0.00029  0.50   99295      29   99281  7872560  79.28
1990-1994        3      0.00017  0.00017  0.50   99266      17   99258  7773280  78.31
1990-1994        4      0.00021  0.00021  0.50   99249      21   99239  7674022  77.32
1990-1994        5      0.00013  0.00013  0.50   99228      13   99222  7574783  76.34
1990-1994        6      0.00017  0.00017  0.50   99216      17   99207  7475561  75.35
1990-1994        7      0.00017  0.00017  0.50   99199      17   99190  7376354  74.36
1990-1994        8      0.00022  0.00022  0.50   99182      22   99171  7277164  73.37
1990-1994        9      0.00013  0.00013  0.50   99160      13   99153  7177993  72.39
1990-1994       10      0.00016  0.00016  0.50   99147      16   99139  7078840  71.40
1990-1994       11      0.00021  0.00021  0.50   99131      21   99120  6979702  70.41
1990-1994       12      0.00009  0.00009  0.50   99110       9   99105  6880582  69.42
1990-1994       13      0.00014  0.00014  0.50   99101      14   99094  6781476  68.43
1990-1994       14      0.00026  0.00026  0.50   99086      26   99074  6682383  67.44
1990-1994       15      0.00023  0.00023  0.50   99061      23   99049  6583309  66.46
1990-1994       16      0.00027  0.00027  0.50   99038      27   99025  6484260  65.47
1990-1994       17      0.00044  0.00044  0.50   99011      43   98990  6385235  64.49
1990-1994       18      0.00051  0.00051  0.50   98968      50   98943  6286246  63.52
1990-1994       19      0.00057  0.00057  0.50   98918      56   98890  6187303  62.55
1990-1994       20      0.00046  0.00046  0.50   98862      46   98839  6088413  61.59
1990-1994       21      0.00035  0.00035  0.50   98816      35   98798  5989574  60.61
1990-1994       22      0.00032  0.00032  0.50   98781      32   98765  5890776  59.63
1990-1994       23      0.00038  0.00038  0.50   98749      38   98730  5792011  58.65
1990-1994       24      0.00045  0.00045  0.50   98711      45   98689  5693281  57.68
1990-1994       25      0.00045  0.00045  0.50   98666      44   98644  5594592  56.70
1990-1994       26      0.00048  0.00048  0.50   98622      48   98598  5495948  55.73
1990-1994       27      0.00044  0.00044  0.50   98575      44   98553  5397349  54.75
1990-1994       28      0.00055  0.00055  0.50   98531      54   98504  5298797  53.78
1990-1994       29      0.00051  0.00051  0.50   98477      50   98452  5200293  52.81
1990-1994       30      0.00049  0.00049  0.50   98427      48   98403  5101841  51.83
1990-1994       31      0.00049  0.00049  0.50   98379      48   98355  5003438  50.86
1990-1994       32      0.00048  0.00048  0.50   98331      47   98307  4905083  49.88
1990-1994       33      0.00056  0.00056  0.50   98283      55   98256  4806776  48.91
1990-1994       34      0.00058  0.00058  0.50   98228      57   98200  4708520  47.93
1990-1994       35      0.00064  0.00064  0.50   98172      63   98140  4610320  46.96
1990-1994       36      0.00079  0.00079  0.50   98109      77   98070  4512180  45.99
1990-1994       37      0.00069  0.00069  0.50   98032      68   97998  4414109  45.03
1990-1994       38      0.00089  0.00089  0.50   97964      87   97920  4316112  44.06
1990-1994       39      0.00090  0.00090  0.50   97876      88   97833  4218192  43.10
1990-1994       40      0.00086  0.00085  0.50   97789      84   97747  4120359  42.14
1990-1994       41      0.00106  0.00106  0.50   97705     103   97654  4022612  41.17
1990-1994       42      0.00105  0.00105  0.50   97602     102   97551  3924958  40.21
1990-1994       43      0.00129  0.00129  0.50   97500     125   97437  3827407  39.26
1990-1994       44      0.00150  0.00150  0.50   97374     146   97301  3729970  38.31
1990-1994       45      0.00130  0.00130  0.50   97229     126   97165  3632669  37.36
1990-1994       46      0.00160  0.00160  0.50   97102     155   97025  3535503  36.41
1990-1994       47      0.00160  0.00160  0.50   96947     155   96870  3438479  35.47
1990-1994       48      0.00210  0.00210  0.50   96792     203   96691  3341609  34.52
1990-1994       49      0.00242  0.00242  0.50   96589     233   96473  3244918  33.59
1990-1994       50      0.00250  0.00250  0.50   96356     241   96236  3148445  32.68
1990-1994       51      0.00291  0.00291  0.50   96115     279   95976  3052210  31.76
1990-1994       52      0.00298  0.00298  0.50   95836     285   95693  2956234  30.85
1990-1994       53      0.00335  0.00335  0.50   95551     320   95391  2860541  29.94
1990-1994       54      0.00345  0.00345  0.50   95231     328   95066  2765150  29.04
1990-1994       55      0.00383  0.00383  0.50   94902     363   94721  2670084  28.14
1990-1994       56      0.00454  0.00453  0.50   94539     428   94325  2575363  27.24
1990-1994       57      0.00533  0.00531  0.50   94111     500   93861  2481038  26.36
1990-1994       58      0.00492  0.00491  0.50   93611     460   93381  2387177  25.50
1990-1994       59      0.00577  0.00575  0.50   93151     536   92884  2293795  24.62
1990-1994       60      0.00638  0.00636  0.50   92616     589   92321  2200912  23.76
1990-1994       61      0.00775  0.00772  0.50   92027     710   91672  2108591  22.91
1990-1994       62      0.00763  0.00760  0.50   91317     694   90969  2016919  22.09
1990-1994       63      0.00850  0.00846  0.50   90622     767   90239  1925950  21.25
1990-1994       64      0.00947  0.00942  0.50   89855     847   89432  1835711  20.43
1990-1994       65      0.01008  0.01003  0.50   89009     893   88562  1746279  19.62
1990-1994       66      0.01077  0.01072  0.50   88116     944   87644  1657717  18.81
1990-1994       67      0.01228  0.01220  0.50   87171    1064   86640  1570074  18.01
1990-1994       68      0.01359  0.01349  0.50   86108    1162   85527  1483434  17.23
1990-1994       69      0.01477  0.01466  0.50   84946    1245   84323  1397907  16.46
1990-1994       70      0.01661  0.01648  0.50   83701    1379   83011  1313584  15.69
1990-1994       71      0.01768  0.01752  0.50   82321    1443   81600  1230573  14.95
1990-1994       72      0.02153  0.02130  0.50   80879    1722   80018  1148973  14.21
1990-1994       73      0.02226  0.02202  0.50   79157    1743   78285  1068955  13.50
1990-1994       74      0.02704  0.02668  0.50   77414    2066   76381   990670  12.80
1990-1994       75      0.02927  0.02884  0.50   75348    2173   74261   914289  12.13
1990-1994       76      0.03252  0.03200  0.50   73175    2342   72004   840028  11.48
1990-1994       77      0.03632  0.03567  0.50   70833    2527   69570   768024  10.84
1990-1994       78      0.03851  0.03778  0.50   68306    2581   67016   698455  10.23
1990-1994       79      0.04586  0.04483  0.50   65726    2947   64252   631439   9.61
1990-1994       80      0.04922  0.04804  0.50   62779    3016   61271   567186   9.03
1990-1994       81      0.05533  0.05384  0.50   59763    3218   58154   505915   8.47
1990-1994       82      0.06468  0.06265  0.50   56545    3543   54774   447761   7.92
1990-1994       83      0.07318  0.07060  0.50   53003    3742   51132   392987   7.41
1990-1994       84      0.07893  0.07593  0.50   49261    3740   47391   341855   6.94
1990-1994       85      0.08844  0.08470  0.50   45520    3855   43593   294465   6.47
1990-1994       86      0.09914  0.09446  0.50   41665    3936   39697   250872   6.02
1990-1994       87      0.10785  0.10233  0.50   37729    3861   35799   211175   5.60
1990-1994       88      0.13026  0.12230  0.50   33868    4142   31797   175376   5.18
1990-1994       89      0.15096  0.14037  0.50   29726    4173   27640   143579   4.83
1990-1994       90      0.15805  0.14647  0.50   25554    3743   23682   115939   4.54
1990-1994       91      0.17516  0.16106  0.50   21811    3513   20054    92256   4.23
1990-1994       92      0.19088  0.17425  0.50   18298    3188   16704    72202   3.95
1990-1994       93      0.20744  0.18794  0.50   15110    2840   13690    55498   3.67
1990-1994       94      0.22835  0.20495  0.50   12270    2515   11013    41809   3.41
1990-1994       95      0.25797  0.22850  0.50    9755    2229    8641    30796   3.16
1990-1994       96      0.28280  0.24777  0.50    7526    1865    6594    22155   2.94
1990-1994       97      0.30903  0.26767  0.50    5661    1515    4904    15562   2.75
1990-1994       98      0.33655  0.28808  0.50    4146    1194    3549    10658   2.57
1990-1994       99      0.36523  0.30883  0.50    2952     912    2496     7109   2.41
1990-1994      100      0.39490  0.32978  0.50    2040     673    1704     4613   2.26
1990-1994      101      0.42536  0.35076  0.50    1367     480    1127     2910   2.13
1990-1994      102      0.45640  0.37160  0.50     888     330     723     1782   2.01
1990-1994      103      0.48778  0.39214  0.50     558     219     448     1059   1.90
1990-1994      104      0.51925  0.41223  0.50     339     140     269      611   1.80
1990-1994      105      0.55058  0.43173  0.50     199      86     156      342   1.71
1990-1994      106      0.58151  0.45052  0.50     113      51      88      185   1.64
1990-1994      107      0.61181  0.46849  0.50      62      29      48       98   1.57
1990-1994      108      0.64127  0.48558  0.50      33      16      25       50   1.51
1990-1994      109      0.66970  0.50170  0.50      17       9      13       25   1.46
1990-1994      110+     0.69694  1.00000  1.43       8       8      12       12   1.43
1995-1999        0      0.00524  0.00522  0.14  100000     522   99550  8156202  81.56
1995-1999        1      0.00053  0.00053  0.50   99478      53   99452  8056651  80.99
1995-1999        2      0.00023  0.00023  0.50   99425      23   99414  7957200  80.03
1995-1999        3      0.00025  0.00025  0.50   99402      25   99389  7857786  79.05
1995-1999        4      0.00021  0.00021  0.50   99377      21   99367  7758397  78.07
1995-1999        5      0.00022  0.00022  0.50   99356      22   99345  7659030  77.09
1995-1999        6      0.00013  0.00013  0.50   99334      13   99327  7559685  76.10
1995-1999        7      0.00011  0.00011  0.50   99321      11   99315  7460358  75.11
1995-1999        8      0.00014  0.00014  0.50   99310      14   99303  7361042  74.12
1995-1999        9      0.00018  0.00018  0.50   99296      18   99287  7261739  73.13
1995-1999       10      0.00018  0.00018  0.50   99279      18   99270  7162452  72.15
1995-1999       11      0.00013  0.00013  0.50   99261      13   99254  7063182  71.16
1995-1999       12      0.00017  0.00017  0.50   99248      16   99239  6963928  70.17
1995-1999       13      0.00012  0.00012  0.50   99231      12   99225  6864688  69.18
1995-1999       14      0.00025  0.00025  0.50   99219      24   99207  6765463  68.19
1995-1999       15      0.00019  0.00019  0.50   99194      19   99185  6666256  67.20
1995-1999       16      0.00033  0.00033  0.50   99176      33   99159  6567071  66.22
1995-1999       17      0.00040  0.00040  0.50   99143      40   99123  6467912  65.24
1995-1999       18      0.00052  0.00052  0.50   99103      51   99077  6368790  64.26
1995-1999       19      0.00060  0.00060  0.50   99051      59   99022  6269713  63.30
1995-1999       20      0.00042  0.00042  0.50   98992      41   98971  6170691  62.34
1995-1999       21      0.00043  0.00043  0.50   98951      43   98929  6071720  61.36
1995-1999       22      0.00047  0.00047  0.50   98908      46   98885  5972790  60.39
1995-1999       23      0.00046  0.00046  0.50   98862      46   98839  5873905  59.42
1995-1999       24      0.00043  0.00043  0.50   98816      43   98795  5775067  58.44
1995-1999       25      0.00043  0.00043  0.50   98773      42   98752  5676272  57.47
1995-1999       26      0.00043  0.00043  0.50   98731      42   98710  5577520  56.49
1995-1999       27      0.00062  0.00062  0.50   98689      61   98658  5478810  55.52
1995-1999       28      0.00044  0.00044  0.50   98628      43   98606  5380152  54.55
1995-1999       29      0.00044  0.00044  0.50   98584      43   98563  5281546  53.57
1995-1999       30      0.00053  0.00053  0.50   98541      53   98515  5182983  52.60
1995-1999       31      0.00054  0.00054  0.50   98489      53   98462  5084468  51.62
1995-1999       32      0.00061  0.00061  0.50   98435      60   98405  4986006  50.65
1995-1999       33      0.00048  0.00048  0.50   98375      47   98351  4887601  49.68
1995-1999       34      0.00065  0.00065  0.50   98328      64   98296  4789249  48.71
1995-1999       35      0.00082  0.00082  0.50   98264      81   98223  4690954  47.74
1995-1999       36      0.00078  0.00078  0.50   98183      77   98145  4592730  46.78
1995-1999       37      0.00079  0.00079  0.50   98106      77   98068  4494586  45.81
1995-1999       38      0.00074  0.00074  0.50   98029      72   97993  4396518  44.85
1995-1999       39      0.00088  0.00088  0.50   97957      86   97914  4298525  43.88
1995-1999       40      0.00087  0.00087  0.50   97871      85   97828  4200611  42.92
1995-1999       41      0.00106  0.00106  0.50   97786     104   97734  4102783  41.96
1995-1999       42      0.00099  0.00099  0.50   97682      96   97634  4005049  41.00
1995-1999       43      0.00116  0.00116  0.50   97586     113   97529  3907415  40.04
1995-1999       44      0.00128  0.00128  0.50   97473     125   97410  3809886  39.09
1995-1999       45      0.00143  0.00143  0.50   97348     139   97278  3712476  38.14
1995-1999       46      0.00146  0.00146  0.50   97209     141   97138  3615198  37.19
1995-1999       47      0.00159  0.00159  0.50   97067     155   96990  3518060  36.24
1995-1999       48      0.00173  0.00173  0.50   96913     168   96829  3421069  35.30
1995-1999       49      0.00209  0.00209  0.50   96745     202   96644  3324241  34.36
1995-1999       50      0.00231  0.00231  0.50   96543     223   96431  3227597  33.43
1995-1999       51      0.00235  0.00235  0.50   96320     226   96206  3131166  32.51
1995-1999       52      0.00276  0.00275  0.50   96093     264   95961  3034959  31.58
1995-1999       53      0.00287  0.00286  0.50   95829     274   95692  2938998  30.67
1995-1999       54      0.00298  0.00298  0.50   95555     285   95412  2843306  29.76
1995-1999       55      0.00361  0.00360  0.50   95270     343   95098  2747894  28.84
1995-1999       56      0.00360  0.00360  0.50   94927     341   94756  2652796  27.95
1995-1999       57      0.00447  0.00446  0.50   94585     422   94374  2558040  27.04
1995-1999       58      0.00448  0.00447  0.50   94163     421   93953  2463665  26.16
1995-1999       59      0.00519  0.00517  0.50   93742     485   93499  2369713  25.28
1995-1999       60      0.00593  0.00591  0.50   93257     551   92981  2276213  24.41
1995-1999       61      0.00593  0.00591  0.50   92706     548   92432  2183232  23.55
1995-1999       62      0.00679  0.00677  0.50   92158     624   91846  2090800  22.69
1995-1999       63      0.00712  0.00709  0.50   91534     649   91210  1998954  21.84
1995-1999       64      0.00783  0.00780  0.50   90885     709   90531  1907745  20.99
1995-1999       65      0.00938  0.00934  0.50   90176     842   89755  1817214  20.15
1995-1999       66      0.01008  0.01003  0.50   89334     896   88886  1727459  19.34
1995-1999       67      0.01124  0.01118  0.50   88438     989   87944  1638572  18.53
1995-1999       68      0.01177  0.01170  0.50   87449    1023   86938  1550629  17.73
1995-1999       69      0.01350  0.01341  0.50   86426    1159   85847  1463691  16.94
1995-1999       70      0.01521  0.01510  0.50   85268    1288   84624  1377844  16.16
1995-1999       71      0.01619  0.01606  0.50   83980    1349   83306  1293220  15.40
1995-1999       72      0.01785  0.01769  0.50   82631    1462   81900  1209914  14.64
1995-1999       73      0.02116  0.02094  0.50   81169    1700   80319  1128014  13.90
1995-1999       74      0.02317  0.02291  0.50   79470    1820   78559  1047695  13.18
1995-1999       75      0.02541  0.02509  0.50   77649    1948   76675   969135  12.48
1995-1999       76      0.02827  0.02787  0.50   75701    2110   74646   892460  11.79
1995-1999       77      0.03258  0.03206  0.50   73591    2359   72412   817814  11.11
1995-1999       78      0.03605  0.03542  0.50   71232    2523   69971   745402  10.46
1995-1999       79      0.04158  0.04073  0.50   68709    2799   67310   675432   9.83
1995-1999       80      0.04663  0.04557  0.50   65911    3003   64409   608122   9.23
1995-1999       81      0.04998  0.04876  0.50   62907    3067   61373   543713   8.64
1995-1999       82      0.05645  0.05490  0.50   59840    3285   58197   482340   8.06
1995-1999       83      0.06635  0.06422  0.50   56555    3632   54739   424143   7.50
1995-1999       84      0.07846  0.07550  0.50   52922    3996   50925   369404   6.98
1995-1999       85      0.08534  0.08185  0.50   48927    4004   46924   318480   6.51
1995-1999       86      0.09422  0.08998  0.50   44922    4042   42901   271555   6.05
1995-1999       87      0.10977  0.10406  0.50   40880    4254   38753   228654   5.59
1995-1999       88      0.12251  0.11544  0.50   36626    4228   34512   189901   5.18
1995-1999       89      0.13552  0.12692  0.50   32398    4112   30342   155388   4.80
1995-1999       90      0.15983  0.14800  0.50   28286    4186   26193   125046   4.42
1995-1999       91      0.17406  0.16013  0.50   24100    3859   22170    98853   4.10
1995-1999       92      0.19552  0.17811  0.50   20241    3605   18438    76683   3.79
1995-1999       93      0.22954  0.20591  0.50   16636    3425   14923    58245   3.50
1995-1999       94      0.23538  0.21060  0.50   13210    2782   11819    43322   3.28
1995-1999       95      0.26911  0.23719  0.50   10428    2474    9192    31502   3.02
1995-1999       96      0.29693  0.25855  0.50    7955    2057    6926    22311   2.80
1995-1999       97      0.32635  0.28057  0.50    5898    1655    5071    15384   2.61
1995-1999       98      0.35720  0.30307  0.50    4243    1286    3600    10314   2.43
1995-1999       99      0.38928  0.32586  0.50    2957     964    2475     6713   2.27
1995-1999      100      0.42236  0.34871  0.50    1994     695    1646     4238   2.13
1995-1999      101      0.45614  0.37143  0.50    1298     482    1057     2592   2.00
1995-1999      102      0.49033  0.39379  0.50     816     321     655     1535   1.88
1995-1999      103      0.52461  0.41560  0.50     495     206     392      879   1.78
1995-1999      104      0.55866  0.43668  0.50     289     126     226      487   1.68
1995-1999      105      0.59217  0.45689  0.50     163      74     126      261   1.60
1995-1999      106      0.62484  0.47610  0.50      88      42      67      135   1.53
1995-1999      107      0.65641  0.49421  0.50      46      23      35       68   1.47
1995-1999      108      0.68666  0.51116  0.50      23      12      17       33   1.42
1995-1999      109      0.71540  0.52692  0.50      11       6       8       16   1.37
1995-1999      110+     0.74250  1.00000  1.35       5       5       7        7   1.35
2000-2004        0      0.00495  0.00493  0.14  100000     493   99576  8267012  82.67
2000-2004        1      0.00042  0.00042  0.50   99507      42   99486  8167436  82.08
2000-2004        2      0.00019  0.00019  0.50   99466      19   99456  8067950  81.11
2000-2004        3      0.00018  0.00018  0.50   99447      18   99438  7968494  80.13
2000-2004        4      0.00009  0.00009  0.50   99429       9   99424  7869056  79.14
2000-2004        5      0.00012  0.00012  0.50   99420      12   99414  7769632  78.15
2000-2004        6      0.00007  0.00007  0.50   99408       7   99404  7670218  77.16
2000-2004        7      0.00013  0.00013  0.50   99401      12   99394  7570814  76.16
2000-2004        8      0.00012  0.00012  0.50   99388      12   99382  7471419  75.17
2000-2004        9      0.00013  0.00013  0.50   99377      13   99370  7372037  74.18
2000-2004       10      0.00010  0.00010  0.50   99364      10   99359  7272666  73.19
2000-2004       11      0.00005  0.00005  0.50   99354       5   99352  7173308  72.20
2000-2004       12      0.00014  0.00014  0.50   99349      14   99343  7073956  71.20
2000-2004       13      0.00005  0.00005  0.50   99336       5   99333  6974613  70.21
2000-2004       14      0.00024  0.00024  0.50   99331      24   99319  6875280  69.22
2000-2004       15      0.00021  0.00021  0.50   99307      21   99297  6775961  68.23
2000-2004       16      0.00018  0.00018  0.50   99286      18   99277  6676664  67.25
2000-2004       17      0.00041  0.00041  0.50   99268      40   99248  6577388  66.26
2000-2004       18      0.00035  0.00035  0.50   99228      34   99210  6478140  65.29
2000-2004       19      0.00028  0.00028  0.50   99193      28   99179  6378929  64.31
2000-2004       20      0.00045  0.00045  0.50   99165      45   99143  6279750  63.33
2000-2004       21      0.00026  0.00026  0.50   99120      25   99108  6180607  62.35
2000-2004       22      0.00034  0.00034  0.50   99095      34   99078  6081500  61.37
2000-2004       23      0.00034  0.00034  0.50   99061      33   99045  5982422  60.39
2000-2004       24      0.00033  0.00033  0.50   99028      33   99011  5883377  59.41
2000-2004       25      0.00039  0.00039  0.50   98995      39   98976  5784366  58.43
2000-2004       26      0.00034  0.00034  0.50   98956      33   98940  5685390  57.45
2000-2004       27      0.00045  0.00045  0.50   98923      44   98901  5586450  56.47
2000-2004       28      0.00050  0.00049  0.50   98879      49   98854  5487549  55.50
2000-2004       29      0.00049  0.00049  0.50   98830      48   98806  5388695  54.52
2000-2004       30      0.00040  0.00040  0.50   98782      40   98762  5289889  53.55
2000-2004       31      0.00053  0.00053  0.50   98742      52   98716  5191127  52.57
2000-2004       32      0.00033  0.00033  0.50   98690      33   98673  5092411  51.60
2000-2004       33      0.00052  0.00052  0.50   98657      52   98631  4993737  50.62
2000-2004       34      0.00054  0.00054  0.50   98605      53   98579  4895106  49.64
2000-2004       35      0.00069  0.00069  0.50   98552      68   98518  4796527  48.67
2000-2004       36      0.00064  0.00064  0.50   98485      63   98453  4698009  47.70
2000-2004       37      0.00072  0.00072  0.50   98422      71   98386  4599556  46.73
2000-2004       38      0.00078  0.00078  0.50   98351      77   98313  4501169  45.77
2000-2004       39      0.00072  0.00072  0.50   98274      71   98239  4402857  44.80
2000-2004       40      0.00094  0.00094  0.50   98203      92   98157  4304618  43.83
2000-2004       41      0.00105  0.00105  0.50   98111     103   98060  4206460  42.87
2000-2004       42      0.00094  0.00094  0.50   98008      92   97962  4108401  41.92
2000-2004       43      0.00105  0.00105  0.50   97915     103   97864  4010439  40.96
2000-2004       44      0.00129  0.00129  0.50   97812     126   97750  3912575  40.00
2000-2004       45      0.00141  0.00141  0.50   97687     137   97618  3814826  39.05
2000-2004       46      0.00151  0.00151  0.50   97549     147   97476  3717208  38.11
2000-2004       47      0.00155  0.00155  0.50   97402     151   97327  3619732  37.16
2000-2004       48      0.00167  0.00167  0.50   97252     162   97170  3522405  36.22
2000-2004       49      0.00189  0.00189  0.50   97089     183   96997  3425235  35.28
2000-2004       50      0.00196  0.00196  0.50   96906     190   96811  3328237  34.35
2000-2004       51      0.00204  0.00204  0.50   96716     197   96618  3231426  33.41
2000-2004       52      0.00223  0.00223  0.50   96519     215   96411  3134809  32.48
2000-2004       53      0.00258  0.00257  0.50   96304     248   96180  3038397  31.55
2000-2004       54      0.00256  0.00256  0.50   96056     246   95933  2942218  30.63
2000-2004       55      0.00311  0.00310  0.50   95810     297   95661  2846285  29.71
2000-2004       56      0.00330  0.00330  0.50   95513     315   95355  2750623  28.80
2000-2004       57      0.00352  0.00351  0.50   95198     335   95030  2655268  27.89
2000-2004       58      0.00416  0.00415  0.50   94863     394   94666  2560238  26.99
2000-2004       59      0.00406  0.00405  0.50   94469     383   94278  2465572  26.10
2000-2004       60      0.00479  0.00478  0.50   94086     449   93862  2371294  25.20
2000-2004       61      0.00495  0.00494  0.50   93637     462   93406  2277432  24.32
2000-2004       62      0.00553  0.00552  0.50   93175     514   92918  2184026  23.44
2000-2004       63      0.00617  0.00615  0.50   92661     570   92376  2091109  22.57
2000-2004       64      0.00640  0.00638  0.50   92091     587   91797  1998733  21.70
2000-2004       65      0.00737  0.00735  0.50   91504     672   91168  1906935  20.84
2000-2004       66      0.00867  0.00863  0.50   90832     784   90440  1815768  19.99
2000-2004       67      0.00935  0.00930  0.50   90048     838   89629  1725328  19.16
2000-2004       68      0.01097  0.01091  0.50   89210     973   88723  1635699  18.34
2000-2004       69      0.01159  0.01153  0.50   88237    1017   87728  1546976  17.53
2000-2004       70      0.01295  0.01287  0.50   87220    1123   86658  1459248  16.73
2000-2004       71      0.01466  0.01455  0.50   86097    1253   85471  1372589  15.94
2000-2004       72      0.01589  0.01577  0.50   84844    1338   84176  1287119  15.17
2000-2004       73      0.01839  0.01822  0.50   83507    1522   82746  1202943  14.41
2000-2004       74      0.02029  0.02009  0.50   81985    1647   81161  1120197  13.66
2000-2004       75      0.02156  0.02133  0.50   80338    1714   79481  1039036  12.93
2000-2004       76      0.02446  0.02416  0.50   78624    1900   77674   959555  12.20
2000-2004       77      0.02883  0.02842  0.50   76724    2181   75634   881881  11.49
2000-2004       78      0.03187  0.03137  0.50   74544    2339   73374   806247  10.82
2000-2004       79      0.03602  0.03539  0.50   72205    2555   70927   732873  10.15
2000-2004       80      0.04079  0.03998  0.50   69650    2784   68257   661945   9.50
2000-2004       81      0.04649  0.04544  0.50   66865    3038   65346   593688   8.88
2000-2004       82      0.05384  0.05243  0.50   63827    3346   62154   528342   8.28
2000-2004       83      0.06103  0.05922  0.50   60481    3582   58690   466188   7.71
2000-2004       84      0.07128  0.06883  0.50   56899    3916   54941   407498   7.16
2000-2004       85      0.07759  0.07469  0.50   52983    3957   51004   352557   6.65
2000-2004       86      0.09116  0.08719  0.50   49025    4274   46888   301553   6.15
2000-2004       87      0.10155  0.09665  0.50   44751    4325   42588   254665   5.69
2000-2004       88      0.12090  0.11401  0.50   40426    4609   38121   212076   5.25
2000-2004       89      0.12781  0.12014  0.50   35817    4303   33666   173955   4.86
2000-2004       90      0.15348  0.14254  0.50   31514    4492   29268   140290   4.45
2000-2004       91      0.17685  0.16249  0.50   27022    4391   24827   111022   4.11
2000-2004       92      0.19654  0.17895  0.50   22631    4050   20606    86195   3.81
2000-2004       93      0.22162  0.19951  0.50   18581    3707   16728    65588   3.53
2000-2004       94      0.23658  0.21156  0.50   14874    3147   13301    48861   3.28
2000-2004       95      0.26570  0.23454  0.50   11727    2751   10352    35560   3.03
2000-2004       96      0.29445  0.25666  0.50    8977    2304    7825    25208   2.81
2000-2004       97      0.32494  0.27953  0.50    6673    1865    5740    17383   2.60
2000-2004       98      0.35699  0.30292  0.50    4808    1456    4079    11642   2.42
2000-2004       99      0.39038  0.32662  0.50    3351    1095    2804     7563   2.26
2000-2004      100      0.42482  0.35039  0.50    2257     791    1861     4759   2.11
2000-2004      101      0.46001  0.37399  0.50    1466     548    1192     2898   1.98
2000-2004      102      0.49560  0.39718  0.50     918     364     735     1706   1.86
2000-2004      103      0.53124  0.41975  0.50     553     232     437      970   1.75
2000-2004      104      0.56656  0.44150  0.50     321     142     250      533   1.66
2000-2004      105      0.60122  0.46226  0.50     179      83     138      283   1.58
2000-2004      106      0.63489  0.48191  0.50      96      46      73      145   1.51
2000-2004      107      0.66730  0.50035  0.50      50      25      37       72   1.45
2000-2004      108      0.69819  0.51752  0.50      25      13      18       35   1.39
2000-2004      109      0.72739  0.53339  0.50      12       6       9       16   1.35
2000-2004      110+     0.75475  1.00000  1.32       6       6       7        7   1.32
2005-2009        0      0.00450  0.00449  0.14  100000     449   99614  8357412  83.57
2005-2009        1      0.00036  0.00036  0.50   99551      35   99534  8257798  82.95
2005-2009        2      0.00021  0.00021  0.50   99516      21   99505  8158264  81.98
2005-2009        3      0.00018  0.00018  0.50   99495      18   99486  8058759  81.00
2005-2009        4      0.00016  0.00016  0.50   99477      16   99468  7959274  80.01
2005-2009        5      0.00016  0.00016  0.50   99460      16   99452  7859805  79.02
2005-2009        6      0.00014  0.00014  0.50   99445      14   99438  7760353  78.04
2005-2009        7      0.00002  0.00002  0.50   99430       2   99429  7660915  77.05
2005-2009        8      0.00012  0.00012  0.50   99428      12   99422  7561486  76.05
2005-2009        9      0.00015  0.00015  0.50   99417      15   99409  7462063  75.06
2005-2009       10      0.00004  0.00004  0.50   99402       4   99400  7362654  74.07
2005-2009       11      0.00014  0.00014  0.50   99398      14   99392  7263254  73.07
2005-2009       12      0.00008  0.00008  0.50   99385       8   99381  7163862  72.08
2005-2009       13      0.00013  0.00013  0.50   99377      13   99371  7064482  71.09
2005-2009       14      0.00018  0.00018  0.50   99364      18   99356  6965111  70.10
2005-2009       15      0.00022  0.00022  0.50   99347      22   99336  6865756  69.11
2005-2009       16      0.00023  0.00023  0.50   99325      23   99313  6766420  68.12
2005-2009       17      0.00026  0.00026  0.50   99302      26   99289  6667106  67.14
2005-2009       18      0.00029  0.00029  0.50   99276      29   99261  6567817  66.16
2005-2009       19      0.00025  0.00025  0.50   99247      25   99234  6468556  65.18
2005-2009       20      0.00031  0.00031  0.50   99222      31   99207  6369322  64.19
2005-2009       21      0.00027  0.00027  0.50   99191      26   99178  6270115  63.21
2005-2009       22      0.00026  0.00026  0.50   99165      26   99152  6170937  62.23
2005-2009       23      0.00031  0.00031  0.50   99139      30   99123  6071786  61.25
2005-2009       24      0.00036  0.00036  0.50   99108      35   99091  5972662  60.26
2005-2009       25      0.00040  0.00040  0.50   99073      40   99053  5873572  59.29
2005-2009       26      0.00027  0.00027  0.50   99033      27   99020  5774518  58.31
2005-2009       27      0.00025  0.00025  0.50   99006      25   98994  5675499  57.32
2005-2009       28      0.00036  0.00036  0.50   98981      36   98963  5576505  56.34
2005-2009       29      0.00044  0.00044  0.50   98945      43   98924  5477541  55.36
2005-2009       30      0.00039  0.00039  0.50   98902      38   98883  5378618  54.38
2005-2009       31      0.00042  0.00042  0.50   98864      41   98843  5279735  53.40
2005-2009       32      0.00045  0.00045  0.50   98823      45   98800  5180891  52.43
2005-2009       33      0.00043  0.00043  0.50   98778      43   98757  5082091  51.45
2005-2009       34      0.00049  0.00049  0.50   98735      48   98711  4983334  50.47
2005-2009       35      0.00057  0.00057  0.50   98687      56   98659  4884623  49.50
2005-2009       36      0.00056  0.00056  0.50   98631      55   98603  4785964  48.52
2005-2009       37      0.00055  0.00055  0.50   98576      54   98549  4687360  47.55
2005-2009       38      0.00080  0.00080  0.50   98521      79   98482  4588811  46.58
2005-2009       39      0.00081  0.00081  0.50   98443      80   98403  4490329  45.61
2005-2009       40      0.00089  0.00089  0.50   98363      88   98319  4391926  44.65
2005-2009       41      0.00080  0.00080  0.50   98275      79   98236  4293607  43.69
2005-2009       42      0.00077  0.00077  0.50   98196      75   98159  4195371  42.72
2005-2009       43      0.00101  0.00101  0.50   98121      99   98072  4097212  41.76
2005-2009       44      0.00106  0.00106  0.50   98023     104   97971  3999140  40.80
2005-2009       45      0.00117  0.00117  0.50   97919     114   97862  3901169  39.84
2005-2009       46      0.00119  0.00119  0.50   97805     116   97747  3803307  38.89
2005-2009       47      0.00159  0.00159  0.50   97689     155   97611  3705561  37.93
2005-2009       48      0.00157  0.00157  0.50   97533     153   97457  3607950  36.99
2005-2009       49      0.00155  0.00155  0.50   97380     151   97305  3510493  36.05
2005-2009       50      0.00176  0.00176  0.50   97229     171   97144  3413188  35.10
2005-2009       51      0.00199  0.00199  0.50   97058     193   96962  3316045  34.17
2005-2009       52      0.00212  0.00212  0.50   96865     205   96763  3219083  33.23
2005-2009       53      0.00236  0.00236  0.50   96660     228   96546  3122320  32.30
2005-2009       54      0.00230  0.00230  0.50   96432     222   96321  3025774  31.38
2005-2009       55      0.00259  0.00259  0.50   96210     249   96086  2929453  30.45
2005-2009       56      0.00303  0.00303  0.50   95962     291   95816  2833367  29.53
2005-2009       57      0.00327  0.00326  0.50   95671     312   95515  2737551  28.61
2005-2009       58      0.00363  0.00362  0.50   95359     345   95186  2642036  27.71
2005-2009       59      0.00377  0.00376  0.50   95013     357   94835  2546850  26.81
2005-2009       60      0.00432  0.00431  0.50   94656     408   94452  2452015  25.90
2005-2009       61      0.00460  0.00459  0.50   94249     433   94032  2357563  25.01
2005-2009       62      0.00542  0.00541  0.50   93816     507   93562  2263531  24.13
2005-2009       63      0.00526  0.00524  0.50   93308     489   93064  2169969  23.26
2005-2009       64      0.00589  0.00587  0.50   92819     545   92547  2076905  22.38
2005-2009       65      0.00650  0.00648  0.50   92274     598   91975  1984358  21.50
2005-2009       66      0.00763  0.00760  0.50   91676     696   91328  1892383  20.64
2005-2009       67      0.00869  0.00865  0.50   90980     787   90586  1801055  19.80
2005-2009       68      0.00906  0.00902  0.50   90193     814   89786  1710469  18.96
2005-2009       69      0.01051  0.01046  0.50   89379     935   88912  1620682  18.13
2005-2009       70      0.01116  0.01110  0.50   88445     982   87954  1531770  17.32
2005-2009       71      0.01273  0.01265  0.50   87463    1106   86910  1443816  16.51
2005-2009       72      0.01377  0.01368  0.50   86357    1181   85766  1356906  15.71
2005-2009       73      0.01524  0.01513  0.50   85176    1288   84532  1271140  14.92
2005-2009       74      0.01815  0.01798  0.50   83887    1509   83133  1186608  14.15
2005-2009       75      0.01907  0.01889  0.50   82379    1556   81601  1103475  13.40
2005-2009       76      0.02191  0.02167  0.50   80823    1752   79947  1021874  12.64
2005-2009       77      0.02454  0.02424  0.50   79072    1917   78113   941927  11.91
2005-2009       78      0.02914  0.02872  0.50   77155    2216   76047   863813  11.20
2005-2009       79      0.03346  0.03291  0.50   74939    2466   73706   787766  10.51
2005-2009       80      0.03712  0.03645  0.50   72473    2641   71152   714060   9.85
2005-2009       81      0.04223  0.04136  0.50   69831    2888   68387   642908   9.21
2005-2009       82      0.04819  0.04706  0.50   66943    3150   65368   574521   8.58
2005-2009       83      0.05421  0.05278  0.50   63793    3367   62109   509153   7.98
2005-2009       84      0.06575  0.06366  0.50   60426    3847   58503   447043   7.40
2005-2009       85      0.07471  0.07202  0.50   56580    4075   54542   388541   6.87
2005-2009       86      0.08305  0.07974  0.50   52505    4187   50412   333998   6.36
2005-2009       87      0.09655  0.09210  0.50   48318    4450   46093   283587   5.87
2005-2009       88      0.11448  0.10828  0.50   43868    4750   41493   237494   5.41
2005-2009       89      0.12523  0.11785  0.50   39118    4610   36813   196001   5.01
2005-2009       90      0.14308  0.13353  0.50   34508    4608   32204   159188   4.61
2005-2009       91      0.15894  0.14724  0.50   29900    4402   27699   126984   4.25
2005-2009       92      0.19255  0.17564  0.50   25498    4479   23258    99285   3.89
2005-2009       93      0.20848  0.18880  0.50   21019    3968   19035    76027   3.62
2005-2009       94      0.23254  0.20832  0.50   17051    3552   15275    56992   3.34
2005-2009       95      0.25739  0.22804  0.50   13499    3078   11960    41717   3.09
2005-2009       96      0.28644  0.25056  0.50   10420    2611    9115    29758   2.86
2005-2009       97      0.31737  0.27390  0.50    7810    2139    6740    20643   2.64
2005-2009       98      0.34999  0.29787  0.50    5670    1689    4826    13903   2.45
2005-2009       99      0.38409  0.32221  0.50    3981    1283    3340     9077   2.28
2005-2009      100      0.41936  0.34667  0.50    2699     936    2231     5737   2.13
2005-2009      101      0.45547  0.37099  0.50    1763     654    1436     3506   1.99
2005-2009      102      0.49206  0.39491  0.50    1109     438     890     2070   1.87
2005-2009      103      0.52874  0.41819  0.50     671     281     531     1180   1.76
2005-2009      104      0.56511  0.44061  0.50     390     172     304      649   1.66
2005-2009      105      0.60079  0.46201  0.50     218     101     168      345   1.58
2005-2009      106      0.63543  0.48222  0.50     117      57      89      177   1.51
2005-2009      107      0.66872  0.50116  0.50      61      30      46       88   1.44
2005-2009      108      0.70041  0.51874  0.50      30      16      22       42   1.39
2005-2009      109      0.73029  0.53495  0.50      15       8      11       20   1.35
2005-2009      110+     0.75822  1.00000  1.32       7       7       9        9   1.32
2010-2014        0      0.00448  0.00447  0.14  100000     447   99616  8420766  84.21
2010-2014        1      0.00022  0.00022  0.50   99553      22   99542  8321150  83.58
2010-2014        2      0.00018  0.00018  0.50   99531      18   99522  8221608  82.60
2010-2014        3      0.00014  0.00014  0.50   99513      14   99506  8122086  81.62
2010-2014        4      0.00015  0.00015  0.50   99499      15   99492  8022580  80.63
2010-2014        5      0.00008  0.00008  0.50   99484       8   99480  7923089  79.64
2010-2014        6      0.00011  0.00011  0.50   99476      11   99471  7823609  78.65
2010-2014        7      0.00011  0.00011  0.50   99465      11   99460  7724138  77.66
2010-2014        8      0.00012  0.00012  0.50   99454      12   99448  7624679  76.67
2010-2014        9      0.00010  0.00010  0.50   99443      10   99438  7525230  75.67
2010-2014       10      0.00006  0.00006  0.50   99433       6   99430  7425792  74.68
2010-2014       11      0.00002  0.00002  0.50   99428       2   99427  7326362  73.69
2010-2014       12      0.00012  0.00012  0.50   99426      12   99420  7226935  72.69
2010-2014       13      0.00006  0.00006  0.50   99414       5   99411  7127516  71.70
2010-2014       14      0.00010  0.00010  0.50   99408      10   99403  7028105  70.70
2010-2014       15      0.00023  0.00023  0.50   99398      23   99387  6928701  69.71
2010-2014       16      0.00021  0.00021  0.50   99375      21   99365  6829315  68.72
2010-2014       17      0.00030  0.00030  0.50   99354      29   99339  6729950  67.74
2010-2014       18      0.00032  0.00032  0.50   99325      32   99309  6630611  66.76
2010-2014       19      0.00026  0.00026  0.50   99293      26   99280  6531302  65.78
2010-2014       20      0.00031  0.00031  0.50   99267      31   99252  6432022  64.80
2010-2014       21      0.00036  0.00036  0.50   99237      35   99219  6332770  63.81
2010-2014       22      0.00026  0.00026  0.50   99201      25   99188  6233551  62.84
2010-2014       23      0.00027  0.00027  0.50   99176      27   99162  6134363  61.85
2010-2014       24      0.00029  0.00029  0.50   99149      29   99135  6035201  60.87
2010-2014       25      0.00029  0.00029  0.50   99120      29   99106  5936066  59.89
2010-2014       26      0.00030  0.00030  0.50   99092      30   99077  5836960  58.90
2010-2014       27      0.00040  0.00040  0.50   99062      39   99042  5737884  57.92
2010-2014       28      0.00036  0.00036  0.50   99023      36   99005  5638841  56.94
2010-2014       29      0.00036  0.00036  0.50   98987      35   98969  5539837  55.97
2010-2014       30      0.00040  0.00040  0.50   98952      40   98932  5440867  54.98
2010-2014       31      0.00046  0.00046  0.50   98912      45   98890  5341935  54.01
2010-2014       32      0.00054  0.00054  0.50   98867      53   98840  5243045  53.03
2010-2014       33      0.00045  0.00045  0.50   98814      45   98791  5144205  52.06
2010-2014       34      0.00044  0.00044  0.50   98769      44   98747  5045414  51.08
2010-2014       35      0.00061  0.00061  0.50   98725      60   98695  4946667  50.11
2010-2014       36      0.00051  0.00051  0.50   98665      50   98640  4847972  49.14
2010-2014       37      0.00061  0.00061  0.50   98615      60   98585  4749331  48.16
2010-2014       38      0.00071  0.00071  0.50   98555      70   98520  4650746  47.19
2010-2014       39      0.00083  0.00083  0.50   98485      82   98444  4552227  46.22
2010-2014       40      0.00076  0.00076  0.50   98403      75   98365  4453783  45.26
2010-2014       41      0.00083  0.00083  0.50   98328      82   98287  4355417  44.29
2010-2014       42      0.00090  0.00090  0.50   98246      88   98202  4257130  43.33
2010-2014       43      0.00098  0.00098  0.50   98158      96   98110  4158928  42.37
2010-2014       44      0.00111  0.00111  0.50   98061     109   98007  4060819  41.41
2010-2014       45      0.00107  0.00107  0.50   97952     105   97900  3962812  40.46
2010-2014       46      0.00140  0.00140  0.50   97848     137   97779  3864912  39.50
2010-2014       47      0.00138  0.00138  0.50   97711     135   97643  3767133  38.55
2010-2014       48      0.00158  0.00158  0.50   97576     154   97499  3669489  37.61
2010-2014       49      0.00183  0.00183  0.50   97422     178   97333  3571991  36.67
2010-2014       50      0.00192  0.00191  0.50   97244     186   97151  3474658  35.73
2010-2014       51      0.00196  0.00196  0.50   97057     190   96963  3377507  34.80
2010-2014       52      0.00207  0.00206  0.50   96868     200   96768  3280545  33.87
2010-2014       53      0.00228  0.00228  0.50   96668     221   96557  3183777  32.94
2010-2014       54      0.00239  0.00239  0.50   96447     230   96332  3087220  32.01
2010-2014       55      0.00275  0.00274  0.50   96217     264   96085  2990888  31.08
2010-2014       56      0.00289  0.00289  0.50   95953     277   95814  2894803  30.17
2010-2014       57      0.00308  0.00307  0.50   95676     294   95529  2798988  29.25
2010-2014       58      0.00315  0.00315  0.50   95382     300   95232  2703459  28.34
2010-2014       59      0.00373  0.00372  0.50   95081     354   94904  2608228  27.43
2010-2014       60      0.00373  0.00373  0.50   94728     353   94551  2513323  26.53
2010-2014       61      0.00449  0.00448  0.50   94374     423   94163  2418772  25.63
2010-2014       62      0.00457  0.00456  0.50   93951     428   93737  2324609  24.74
2010-2014       63      0.00524  0.00523  0.50   93523     489   93278  2230872  23.85
2010-2014       64      0.00581  0.00579  0.50   93034     539   92764  2137594  22.98
2010-2014       65      0.00594  0.00592  0.50   92495     548   92221  2044830  22.11
2010-2014       66      0.00649  0.00647  0.50   91947     595   91650  1952609  21.24
2010-2014       67      0.00741  0.00738  0.50   91352     674   91015  1860959  20.37
2010-2014       68      0.00758  0.00755  0.50   90678     685   90336  1769944  19.52
2010-2014       69      0.00888  0.00884  0.50   89993     795   89596  1679608  18.66
2010-2014       70      0.01068  0.01062  0.50   89198     947   88724  1590013  17.83
2010-2014       71      0.01180  0.01173  0.50   88251    1035   87733  1501288  17.01
2010-2014       72      0.01291  0.01283  0.50   87216    1119   86656  1413555  16.21
2010-2014       73      0.01369  0.01360  0.50   86097    1171   85511  1326899  15.41
2010-2014       74      0.01585  0.01573  0.50   84926    1336   84258  1241387  14.62
2010-2014       75      0.01756  0.01741  0.50   83590    1455   82863  1157130  13.84
2010-2014       76      0.01914  0.01896  0.50   82135    1557   81357  1074267  13.08
2010-2014       77      0.02218  0.02194  0.50   80578    1768   79694   992910  12.32
2010-2014       78      0.02528  0.02496  0.50   78810    1967   77827   913216  11.59
2010-2014       79      0.02904  0.02863  0.50   76843    2200   75743   835390  10.87
2010-2014       80      0.03354  0.03298  0.50   74643    2462   73412   759646  10.18
2010-2014       81      0.03754  0.03685  0.50   72181    2660   70852   686234   9.51
2010-2014       82      0.04484  0.04385  0.50   69522    3049   67997   615383   8.85
2010-2014       83      0.05130  0.05002  0.50   66473    3325   64811   547385   8.23
2010-2014       84      0.06034  0.05857  0.50   63148    3699   61299   482574   7.64
2010-2014       85      0.06752  0.06531  0.50   59450    3883   57508   421275   7.09
2010-2014       86      0.08004  0.07696  0.50   55567    4276   53429   363767   6.55
2010-2014       87      0.09159  0.08758  0.50   51291    4492   49044   310338   6.05
2010-2014       88      0.10426  0.09909  0.50   46798    4637   44480   261294   5.58
2010-2014       89      0.11755  0.11102  0.50   42161    4681   39821   216814   5.14
2010-2014       90      0.13866  0.12967  0.50   37480    4860   35050   176994   4.72
2010-2014       91      0.15827  0.14666  0.50   32620    4784   30228   141944   4.35
2010-2014       92      0.18288  0.16756  0.50   27836    4664   25504   111716   4.01
2010-2014       93      0.19524  0.17787  0.50   23172    4122   21111    86212   3.72
2010-2014       94      0.21664  0.19547  0.50   19050    3724   17188    65101   3.42
2010-2014       95      0.25158  0.22347  0.50   15326    3425   13614    47913   3.13
2010-2014       96      0.28120  0.24654  0.50   11901    2934   10434    34299   2.88
2010-2014       97      0.31284  0.27053  0.50    8967    2426    7754    23864   2.66
2010-2014       98      0.34634  0.29522  0.50    6541    1931    5576    16110   2.46
2010-2014       99      0.38142  0.32033  0.50    4610    1477    3872    10534   2.28
2010-2014      100      0.41780  0.34560  0.50    3133    1083    2592     6662   2.13
2010-2014      101      0.45508  0.37073  0.50    2051     760    1670     4071   1.99
2010-2014      102      0.49288  0.39543  0.50    1290     510    1035     2400   1.86
2010-2014      103      0.53076  0.41945  0.50     780     327     616     1365   1.75
2010-2014      104      0.56829  0.44254  0.50     453     200     353      748   1.65
2010-2014      105      0.60505  0.46452  0.50     252     117     194      396   1.57
2010-2014      106      0.64066  0.48522  0.50     135      66     102      202   1.49
2010-2014      107      0.67478  0.50455  0.50      70      35      52       99   1.43
2010-2014      108      0.70715  0.52243  0.50      34      18      25       47   1.38
2010-2014      109      0.73754  0.53884  0.50      16       9      12       22   1.33
2010-2014      110+     0.76583  1.00000  1.31       8       8      10       10   1.31
2015-2019        0      0.00367  0.00366  0.14  100000     366   99686  8484398  84.84
2015-2019        1      0.00026  0.00026  0.50   99634      26   99621  8384712  84.16
2015-2019        2      0.00014  0.00014  0.50   99608      14   99601  8285091  83.18
2015-2019        3      0.00012  0.00012  0.50   99594      12   99588  8185490  82.19
2015-2019        4      0.00004  0.00004  0.50   99582       4   99580  8085902  81.20
2015-2019        5      0.00007  0.00007  0.50   99578       7   99574  7986323  80.20
2015-2019        6      0.00009  0.00009  0.50   99570       9   99566  7886749  79.21
2015-2019        7      0.00009  0.00009  0.50   99561       9   99557  7787183  78.22
2015-2019        8      0.00009  0.00009  0.50   99553       9   99548  7687626  77.22
2015-2019        9      0.00008  0.00008  0.50   99544       8   99540  7588078  76.23
2015-2019       10      0.00006  0.00006  0.50   99536       6   99533  7488538  75.23
2015-2019       11      0.00006  0.00006  0.50   99529       6   99527  7389006  74.24
2015-2019       12      0.00009  0.00009  0.50   99524       9   99519  7289479  73.24
2015-2019       13      0.00007  0.00007  0.50   99515       7   99511  7189960  72.25
2015-2019       14      0.00013  0.00013  0.50   99508      13   99501  7090448  71.26
2015-2019       15      0.00015  0.00015  0.50   99495      15   99487  6990947  70.26
2015-2019       16      0.00025  0.00025  0.50   99480      25   99467  6891460  69.27
2015-2019       17      0.00029  0.00029  0.50   99455      29   99440  6791992  68.29
2015-2019       18      0.00025  0.00025  0.50   99425      25   99413  6692552  67.31
2015-2019       19      0.00022  0.00022  0.50   99401      22   99390  6593139  66.33
2015-2019       20      0.00022  0.00022  0.50   99379      22   99368  6493749  65.34
2015-2019       21      0.00025  0.00025  0.50   99357      25   99345  6394381  64.36
2015-2019       22      0.00028  0.00028  0.50   99332      28   99318  6295036  63.37
2015-2019       23      0.00033  0.00033  0.50   99304      33   99288  6195718  62.39
2015-2019       24      0.00024  0.00024  0.50   99272      24   99260  6096430  61.41
2015-2019       25      0.00024  0.00024  0.50   99248      23   99237  5997170  60.43
2015-2019       26      0.00031  0.00031  0.50   99225      30   99210  5897933  59.44
2015-2019       27      0.00030  0.00030  0.50   99194      29   99180  5798724  58.46
2015-2019       28      0.00031  0.00031  0.50   99165      31   99150  5699544  57.48
2015-2019       29      0.00031  0.00031  0.50   99135      31   99119  5600394  56.49
2015-2019       30      0.00038  0.00038  0.50   99104      38   99085  5501275  55.51
2015-2019       31      0.00036  0.00036  0.50   99066      35   99049  5402190  54.53
2015-2019       32      0.00047  0.00047  0.50   99031      47   99008  5303141  53.55
2015-2019       33      0.00045  0.00045  0.50   98984      44   98962  5204133  52.58
2015-2019       34      0.00057  0.00057  0.50   98940      56   98912  5105171  51.60
2015-2019       35      0.00055  0.00055  0.50   98884      54   98857  5006259  50.63
2015-2019       36      0.00058  0.00058  0.50   98830      58   98801  4907402  49.66
2015-2019       37      0.00050  0.00050  0.50   98772      49   98747  4808602  48.68
2015-2019       38      0.00065  0.00065  0.50   98722      64   98691  4709855  47.71
2015-2019       39      0.00073  0.00073  0.50   98659      72   98623  4611164  46.74
2015-2019       40      0.00081  0.00081  0.50   98587      80   98547  4512541  45.77
2015-2019       41      0.00080  0.00080  0.50   98507      79   98468  4413994  44.81
2015-2019       42      0.00090  0.00090  0.50   98428      89   98384  4315527  43.84
2015-2019       43      0.00105  0.00105  0.50   98340     103   98288  4217143  42.88
2015-2019       44      0.00116  0.00116  0.50   98237     114   98180  4118854  41.93
2015-2019       45      0.00124  0.00124  0.50   98123     121   98062  4020674  40.98
2015-2019       46      0.00135  0.00134  0.50   98001     132   97936  3922612  40.03
2015-2019       47      0.00134  0.00134  0.50   97870     131   97804  3824677  39.08
2015-2019       48      0.00145  0.00145  0.50   97738     142   97668  3726873  38.13
2015-2019       49      0.00160  0.00160  0.50   97597     156   97518  3629205  37.19
2015-2019       50      0.00158  0.00158  0.50   97440     154   97363  3531687  36.24
2015-2019       51      0.00205  0.00204  0.50   97286     199   97187  3434324  35.30
2015-2019       52      0.00198  0.00198  0.50   97088     192   96991  3337137  34.37
2015-2019       53      0.00208  0.00208  0.50   96895     202   96795  3240145  33.44
2015-2019       54      0.00252  0.00252  0.50   96694     243   96572  3143351  32.51
2015-2019       55      0.00282  0.00282  0.50   96450     272   96314  3046779  31.59
2015-2019       56      0.00274  0.00274  0.50   96179     263   96047  2950464  30.68
2015-2019       57      0.00290  0.00289  0.50   95915     278   95777  2854417  29.76
2015-2019       58      0.00343  0.00342  0.50   95638     327   95474  2758641  28.84
2015-2019       59      0.00341  0.00341  0.50   95311     325   95148  2663166  27.94
2015-2019       60      0.00411  0.00411  0.50   94986     390   94791  2568018  27.04
2015-2019       61      0.00400  0.00399  0.50   94596     377   94407  2473227  26.15
2015-2019       62      0.00444  0.00443  0.50   94219     418   94010  2378820  25.25
2015-2019       63      0.00495  0.00493  0.50   93801     463   93570  2284810  24.36
2015-2019       64      0.00520  0.00519  0.50   93338     484   93096  2191240  23.48
2015-2019       65      0.00599  0.00597  0.50   92854     554   92577  2098144  22.60
2015-2019       66      0.00604  0.00602  0.50   92300     556   92022  2005568  21.73
2015-2019       67      0.00704  0.00702  0.50   91744     644   91422  1913546  20.86
2015-2019       68      0.00826  0.00823  0.50   91100     749   90725  1822125  20.00
2015-2019       69      0.00827  0.00824  0.50   90350     744   89978  1731400  19.16
2015-2019       70      0.00997  0.00992  0.50   89606     889   89161  1641422  18.32
2015-2019       71      0.01036  0.01030  0.50   88717     914   88260  1552261  17.50
2015-2019       72      0.01160  0.01153  0.50   87803    1012   87296  1464001  16.67
2015-2019       73      0.01289  0.01280  0.50   86790    1111   86235  1376705  15.86
2015-2019       74      0.01417  0.01407  0.50   85679    1206   85076  1290470  15.06
2015-2019       75      0.01650  0.01637  0.50   84473    1383   83782  1205394  14.27
2015-2019       76      0.01837  0.01820  0.50   83090    1512   82334  1121612  13.50
2015-2019       77      0.02036  0.02016  0.50   81578    1645   80756  1039278  12.74
2015-2019       78      0.02429  0.02400  0.50   79933    1918   78974   958522  11.99
2015-2019       79      0.02756  0.02719  0.50   78015    2121   76955   879548  11.27
2015-2019       80      0.03026  0.02981  0.50   75894    2262   74763   802594  10.58
2015-2019       81      0.03488  0.03428  0.50   73632    2524   72370   727831   9.88
2015-2019       82      0.04056  0.03975  0.50   71108    2827   69694   655461   9.22
2015-2019       83      0.04538  0.04438  0.50   68281    3030   66766   585766   8.58
2015-2019       84      0.05622  0.05468  0.50   65251    3568   63467   519000   7.95
2015-2019       85      0.06357  0.06161  0.50   61683    3800   59783   455533   7.39
2015-2019       86      0.07270  0.07015  0.50   57883    4061   55852   395751   6.84
2015-2019       87      0.08378  0.08041  0.50   53822    4328   51658   339898   6.32
2015-2019       88      0.09368  0.08949  0.50   49494    4429   47279   288240   5.82
2015-2019       89      0.10833  0.10277  0.50   45065    4631   42749   240961   5.35
2015-2019       90      0.12773  0.12006  0.50   40434    4855   38006   198212   4.90
2015-2019       91      0.14754  0.13740  0.50   35579    4889   33135   160206   4.50
2015-2019       92      0.16511  0.15252  0.50   30690    4681   28350   127071   4.14
2015-2019       93      0.19044  0.17388  0.50   26010    4523   23748    98721   3.80
2015-2019       94      0.21833  0.19684  0.50   21487    4229   19372    74973   3.49
2015-2019       95      0.24006  0.21433  0.50   17257    3699   15408    55601   3.22
2015-2019       96      0.26945  0.23746  0.50   13559    3220   11949    40193   2.96
2015-2019       97      0.30101  0.26163  0.50   10339    2705    8986    28244   2.73
2015-2019       98      0.33458  0.28663  0.50    7634    2188    6540    19257   2.52
2015-2019       99      0.36990  0.31217  0.50    5446    1700    4596    12717   2.34
2015-2019      100      0.40668  0.33796  0.50    3746    1266    3113     8121   2.17
2015-2019      101      0.44453  0.36370  0.50    2480     902    2029     5009   2.02
2015-2019      102      0.48304  0.38907  0.50    1578     614    1271     2980   1.89
2015-2019      103      0.52176  0.41380  0.50     964     399     765     1709   1.77
2015-2019      104      0.56021  0.43763  0.50     565     247     441      944   1.67
2015-2019      105      0.59795  0.46032  0.50     318     146     245      503   1.58
2015-2019      106      0.63457  0.48172  0.50     172      83     130      258   1.50
2015-2019      107      0.66969  0.50170  0.50      89      45      67      128   1.44
2015-2019      108      0.70302  0.52017  0.50      44      23      33       61   1.38
2015-2019      109      0.73432  0.53711  0.50      21      11      16       28   1.34
2015-2019      110+     0.76343  1.00000  1.31      10      10      13       13   1.31
