NSW, Life tables (period 5x5), Total	Last modified: 02 Jul 2018;  Methods Protocol: v6 (2017)

  Year          Age         mx       qx    ax      lx      dx      Lx       Tx     ex
1971-1974        0      0.01777  0.01750  0.11  100000    1750   98447  7151322  71.51
1971-1974      1-4      0.00079  0.00316  1.62   98250     311  392261  7052875  71.78
1971-1974      5-9      0.00037  0.00184  2.18   97940     180  489190  6660613  68.01
1971-1974     10-14     0.00033  0.00163  2.75   97759     159  488438  6171423  63.13
1971-1974     15-19     0.00097  0.00486  2.93   97600     474  487020  5682985  58.23
1971-1974     20-24     0.00112  0.00560  2.39   97126     544  484207  5195965  53.50
1971-1974     25-29     0.00097  0.00483  2.54   96582     467  481762  4711758  48.79
1971-1974     30-34     0.00115  0.00572  2.60   96115     550  479256  4229996  44.01
1971-1974     35-39     0.00175  0.00872  2.72   95565     833  475928  3750740  39.25
1971-1974     40-44     0.00296  0.01472  2.73   94732    1394  470497  3274812  34.57
1971-1974     45-49     0.00502  0.02482  2.69   93338    2316  461329  2804315  30.04
1971-1974     50-54     0.00779  0.03825  2.69   91021    3482  447062  2342986  25.74
1971-1974     55-59     0.01247  0.06062  2.69   87539    5307  425458  1895924  21.66
1971-1974     60-64     0.01982  0.09472  2.66   82232    7789  392971  1470465  17.88
1971-1974     65-69     0.02985  0.13936  2.62   74443   10374  347511  1077495  14.47
1971-1974     70-74     0.04691  0.21084  2.61   64069   13508  287990   729984  11.39
1971-1974     75-79     0.07478  0.31583  2.54   50560   15968  213538   441994   8.74
1971-1974     80-84     0.11296  0.44048  2.50   34592   15237  134891   228456   6.60
1971-1974     85-89     0.17649  0.59729  2.29   19355   11561   65501    93565   4.83
1971-1974     90-94     0.25229  0.73590  2.17    7794    5736   22736    28064   3.60
1971-1974     95-99     0.37219  0.86201  1.89    2059    1774    4768     5328   2.59
1971-1974    100-104    0.49950  0.93216  1.64     284     265     530      561   1.97
1971-1974    105-109    0.62929  0.96719  1.42      19      19      30       30   1.58
1971-1974    110+       0.72975  1.00000  1.37       1       1       1        1   1.37
1975-1979        0      0.01360  0.01344  0.12  100000    1344   98819  7321725  73.22
1975-1979      1-4      0.00063  0.00251  1.63   98656     247  394037  7222906  73.21
1975-1979      5-9      0.00028  0.00142  2.33   98409     139  491670  6828869  69.39
1975-1979     10-14     0.00030  0.00152  2.70   98269     149  491003  6337199  64.49
1975-1979     15-19     0.00094  0.00469  2.97   98120     461  489663  5846196  59.58
1975-1979     20-24     0.00115  0.00574  2.40   97659     560  486842  5356533  54.85
1975-1979     25-29     0.00094  0.00471  2.49   97099     458  484345  4869692  50.15
1975-1979     30-34     0.00101  0.00503  2.62   96641     486  482048  4385347  45.38
1975-1979     35-39     0.00158  0.00787  2.67   96155     757  479009  3903299  40.59
1975-1979     40-44     0.00263  0.01306  2.79   95398    1246  474240  3424290  35.89
1975-1979     45-49     0.00444  0.02198  2.71   94153    2070  466035  2950050  31.33
1975-1979     50-54     0.00703  0.03461  2.70   92083    3187  453090  2484015  26.98
1975-1979     55-59     0.01083  0.05280  2.67   88896    4694  433545  2030926  22.85
1975-1979     60-64     0.01723  0.08284  2.68   84202    6975  404851  1597381  18.97
1975-1979     65-69     0.02642  0.12434  2.64   77227    9603  363471  1192530  15.44
1975-1979     70-74     0.04127  0.18794  2.63   67625   12710  307961   829059  12.26
1975-1979     75-79     0.06369  0.27518  2.53   54915   15112  237264   521098   9.49
1975-1979     80-84     0.09987  0.40003  2.51   39803   15922  159424   283834   7.13
1975-1979     85-89     0.15986  0.56172  2.35   23881   13415   83916   124410   5.21
1975-1979     90-94     0.23084  0.70067  2.20   10466    7334   31769    40494   3.87
1975-1979     95-99     0.34270  0.83765  1.95    3133    2624    7658     8725   2.78
1975-1979    100-104    0.46793  0.91914  1.70     509     468     999     1067   2.10
1975-1979    105-109    0.59947  0.96126  1.47      41      40      66       68   1.66
1975-1979    110+       0.70338  1.00000  1.42       2       2       2        2   1.42
1980-1984        0      0.01005  0.00997  0.13  100000     997   99131  7492281  74.92
1980-1984      1-4      0.00052  0.00207  1.62   99003     204  395526  7393150  74.68
1980-1984      5-9      0.00024  0.00122  2.29   98799     120  493668  6997624  70.83
1980-1984     10-14     0.00025  0.00123  2.68   98678     121  493111  6503956  65.91
1980-1984     15-19     0.00084  0.00419  2.93   98558     413  491934  6010844  60.99
1980-1984     20-24     0.00105  0.00522  2.44   98145     512  489414  5518910  56.23
1980-1984     25-29     0.00094  0.00468  2.43   97632     457  486984  5029496  51.51
1980-1984     30-34     0.00089  0.00446  2.58   97175     434  484827  4542512  46.75
1980-1984     35-39     0.00122  0.00607  2.71   96741     587  482362  4057685  41.94
1980-1984     40-44     0.00201  0.01001  2.73   96154     963  478583  3575323  37.18
1980-1984     45-49     0.00350  0.01736  2.71   95191    1653  472167  3096739  32.53
1980-1984     50-54     0.00592  0.02921  2.67   93538    2732  461340  2624572  28.06
1980-1984     55-59     0.00942  0.04608  2.70   90806    4184  444388  2163233  23.82
1980-1984     60-64     0.01467  0.07095  2.69   86622    6145  418925  1718844  19.84
1980-1984     65-69     0.02373  0.11234  2.63   80477    9041  380994  1299919  16.15
1980-1984     70-74     0.03687  0.16951  2.63   71436   12109  328429   918925  12.86
1980-1984     75-79     0.05815  0.25501  2.59   59327   15129  260167   590497   9.95
1980-1984     80-84     0.09372  0.38041  2.53   44198   16813  179404   330329   7.47
1980-1984     85-89     0.14585  0.52756  2.38   27385   14447   99053   150926   5.51
1980-1984     90-94     0.22125  0.68483  2.22   12938    8860   40047    51872   4.01
1980-1984     95-99     0.32703  0.82321  1.98    4078    3357   10264    11825   2.90
1980-1984    100-104    0.45222  0.91190  1.73     721     657    1454     1561   2.17
1980-1984    105-109    0.58567  0.95823  1.49      64      61     104      108   1.70
1980-1984    110+       0.69186  1.00000  1.45       3       3       4        4   1.45
1985-1989        0      0.00914  0.00907  0.13  100000     907   99212  7575709  75.76
1985-1989      1-4      0.00041  0.00163  1.69   99093     161  396002  7476498  75.45
1985-1989      5-9      0.00021  0.00103  2.27   98932     102  494383  7080496  71.57
1985-1989     10-14     0.00022  0.00112  2.63   98830     111  493889  6586113  66.64
1985-1989     15-19     0.00074  0.00370  2.99   98719     365  492861  6092225  61.71
1985-1989     20-24     0.00105  0.00526  2.45   98354     517  490453  5599364  56.93
1985-1989     25-29     0.00095  0.00473  2.46   97837     463  488011  5108911  52.22
1985-1989     30-34     0.00098  0.00487  2.56   97374     474  485717  4620900  47.46
1985-1989     35-39     0.00119  0.00593  2.62   96900     574  483137  4135183  42.67
1985-1989     40-44     0.00178  0.00888  2.70   96326     856  479659  3652046  37.91
1985-1989     45-49     0.00294  0.01462  2.71   95470    1395  474156  3172388  33.23
1985-1989     50-54     0.00505  0.02496  2.72   94075    2348  465016  2698232  28.68
1985-1989     55-59     0.00851  0.04175  2.71   91726    3830  449858  2233216  24.35
1985-1989     60-64     0.01357  0.06578  2.68   87897    5782  426062  1783357  20.29
1985-1989     65-69     0.02123  0.10111  2.66   82114    8303  391109  1357295  16.53
1985-1989     70-74     0.03478  0.16063  2.63   73812   11857  340946   966186  13.09
1985-1989     75-79     0.05533  0.24420  2.60   61955   15130  273446   625240  10.09
1985-1989     80-84     0.09161  0.37319  2.52   46825   17475  190752   351795   7.51
1985-1989     85-89     0.14657  0.52937  2.38   29351   15538  106009   161043   5.49
1985-1989     90-94     0.22268  0.69065  2.25   13813    9540   42842    55034   3.98
1985-1989     95-99     0.33277  0.82930  1.98    4273    3544   10649    12192   2.85
1985-1989    100-104    0.46359  0.91779  1.71     729     669    1444     1543   2.12
1985-1989    105-109    0.60232  0.96223  1.46      60      58      96       99   1.65
1985-1989    110+       0.71158  1.00000  1.41       2       2       3        3   1.41
1990-1994        0      0.00716  0.00711  0.13  100000     711   99384  7735529  77.36
1990-1994      1-4      0.00037  0.00148  1.56   99289     146  396797  7636145  76.91
1990-1994      5-9      0.00017  0.00086  2.46   99142      85  495495  7239347  73.02
1990-1994     10-14     0.00017  0.00083  2.75   99057      82  495100  6743852  68.08
1990-1994     15-19     0.00058  0.00289  2.95   98975     286  494288  6248752  63.13
1990-1994     20-24     0.00077  0.00382  2.51   98689     377  492508  5754464  58.31
1990-1994     25-29     0.00088  0.00439  2.54   98312     432  490501  5261956  53.52
1990-1994     30-34     0.00099  0.00494  2.52   97881     484  488203  4771455  48.75
1990-1994     35-39     0.00121  0.00603  2.59   97397     587  485570  4283251  43.98
1990-1994     40-44     0.00165  0.00822  2.62   96810     796  482152  3797681  39.23
1990-1994     45-49     0.00248  0.01231  2.69   96014    1182  477336  3315530  34.53
1990-1994     50-54     0.00414  0.02053  2.70   94832    1947  469678  2838193  29.93
1990-1994     55-59     0.00688  0.03387  2.73   92885    3146  457291  2368515  25.50
1990-1994     60-64     0.01161  0.05652  2.71   89739    5072  437057  1911224  21.30
1990-1994     65-69     0.01875  0.08981  2.65   84667    7604  405488  1474167  17.41
1990-1994     70-74     0.02966  0.13862  2.65   77063   10683  360190  1068679  13.87
1990-1994     75-79     0.04990  0.22302  2.62   66380   14804  296663   708489  10.67
1990-1994     80-84     0.08273  0.34387  2.55   51576   17735  214372   411826   7.98
1990-1994     85-89     0.13277  0.49487  2.43   33841   16747  126140   197454   5.83
1990-1994     90-94     0.20921  0.66314  2.24   17094   11336   54183    71314   4.17
1990-1994     95-99     0.31673  0.81388  2.01    5758    4687   14797    17131   2.98
1990-1994    100-104    0.44899  0.91118  1.74    1072     977    2175     2335   2.18
1990-1994    105-109    0.59215  0.96025  1.48      95      91     154      160   1.68
1990-1994    110+       0.70600  1.00000  1.42       4       4       5        5   1.42
1995-1999        0      0.00537  0.00534  0.14  100000     534   99539  7868189  78.68
1995-1999      1-4      0.00031  0.00125  1.60   99466     124  397566  7768650  78.10
1995-1999      5-9      0.00012  0.00059  2.35   99342      59  496552  7371084  74.20
1995-1999     10-14     0.00016  0.00081  2.69   99283      80  496228  6874532  69.24
1995-1999     15-19     0.00054  0.00272  2.90   99203     270  495446  6378304  64.30
1995-1999     20-24     0.00085  0.00422  2.49   98933     418  493617  5882858  59.46
1995-1999     25-29     0.00084  0.00421  2.51   98515     415  491546  5389241  54.70
1995-1999     30-34     0.00101  0.00503  2.59   98101     493  489317  4897695  49.93
1995-1999     35-39     0.00113  0.00563  2.56   97608     549  486699  4408378  45.16
1995-1999     40-44     0.00148  0.00737  2.64   97058     716  483606  3921678  40.41
1995-1999     45-49     0.00220  0.01094  2.67   96343    1054  479256  3438073  35.69
1995-1999     50-54     0.00339  0.01681  2.67   95289    1602  472709  2958817  31.05
1995-1999     55-59     0.00568  0.02805  2.72   93687    2628  462439  2486108  26.54
1995-1999     60-64     0.00975  0.04768  2.66   91059    4342  445128  2023669  22.22
1995-1999     65-69     0.01598  0.07704  2.68   86717    6681  418066  1578541  18.20
1995-1999     70-74     0.02651  0.12473  2.64   80037    9983  376606  1160476  14.50
1995-1999     75-79     0.04240  0.19252  2.62   70054   13487  318111   783869  11.19
1995-1999     80-84     0.07635  0.32168  2.55   56567   18197  238343   465759   8.23
1995-1999     85-89     0.12851  0.48246  2.42   38371   18512  144053   227416   5.93
1995-1999     90-94     0.20713  0.66178  2.27   19859   13142   63447    83363   4.20
1995-1999     95-99     0.31746  0.81533  2.02    6717    5476   17250    19915   2.97
1995-1999    100-104    0.45548  0.91489  1.73    1240    1135    2491     2665   2.15
1995-1999    105-109    0.60443  0.96318  1.46     106     102     168      174   1.64
1995-1999    110+       0.72171  1.00000  1.39       4       4       5        5   1.39
2000-2004        0      0.00487  0.00485  0.14  100000     485   99582  8017220  80.17
2000-2004      1-4      0.00026  0.00106  1.69   99515     105  397816  7917638  79.56
2000-2004      5-9      0.00010  0.00051  2.27   99410      51  496909  7519821  75.64
2000-2004     10-14     0.00011  0.00057  2.85   99359      57  496671  7022912  70.68
2000-2004     15-19     0.00042  0.00210  2.94   99302     209  496078  6526241  65.72
2000-2004     20-24     0.00059  0.00295  2.50   99093     293  494732  6030163  60.85
2000-2004     25-29     0.00065  0.00324  2.51   98800     320  493205  5535431  56.03
2000-2004     30-34     0.00077  0.00384  2.55   98480     378  491475  5042227  51.20
2000-2004     35-39     0.00096  0.00478  2.64   98102     469  489404  4550752  46.39
2000-2004     40-44     0.00136  0.00676  2.65   97633     660  486614  4061348  41.60
2000-2004     45-49     0.00198  0.00988  2.67   96973     958  482631  3574734  36.86
2000-2004     50-54     0.00302  0.01501  2.67   96015    1441  476716  3092104  32.20
2000-2004     55-59     0.00488  0.02411  2.72   94574    2280  467669  2615388  27.65
2000-2004     60-64     0.00818  0.04012  2.68   92293    3703  452894  2147719  23.27
2000-2004     65-69     0.01333  0.06464  2.68   88591    5727  429688  1694825  19.13
2000-2004     70-74     0.02266  0.10758  2.66   82864    8915  393487  1265137  15.27
2000-2004     75-79     0.03731  0.17144  2.63   73949   12678  339758   871650  11.79
2000-2004     80-84     0.06738  0.28998  2.60   61272   17767  263692   531891   8.68
2000-2004     85-89     0.11864  0.45652  2.48   43504   19861  167400   268199   6.16
2000-2004     90-94     0.20143  0.65194  2.29   23644   15414   76522   100799   4.26
2000-2004     95-99     0.31842  0.81773  2.03    8229    6729   21134    24276   2.95
2000-2004    100-104    0.46773  0.92152  1.71    1500    1382    2955     3142   2.09
2000-2004    105-109    0.62691  0.96797  1.43     118     114     182      187   1.59
2000-2004    110+       0.74909  1.00000  1.33       4       4       5        5   1.33
2005-2009        0      0.00434  0.00432  0.14  100000     432   99629  8156988  81.57
2005-2009      1-4      0.00019  0.00077  1.58   99568      77  398086  8057360  80.92
2005-2009      5-9      0.00009  0.00045  2.41   99491      44  497342  7659273  76.98
2005-2009     10-14     0.00009  0.00046  2.63   99447      46  497126  7161932  72.02
2005-2009     15-19     0.00032  0.00162  2.98   99401     161  496682  6664805  67.05
2005-2009     20-24     0.00045  0.00223  2.55   99240     221  495659  6168124  62.15
2005-2009     25-29     0.00051  0.00253  2.57   99019     251  494487  5672465  57.29
2005-2009     30-34     0.00066  0.00328  2.58   98769     324  493059  5177978  52.43
2005-2009     35-39     0.00084  0.00422  2.62   98444     415  491233  4684920  47.59
2005-2009     40-44     0.00123  0.00613  2.61   98029     601  488712  4193687  42.78
2005-2009     45-49     0.00192  0.00953  2.66   97429     929  484965  3704975  38.03
2005-2009     50-54     0.00286  0.01420  2.66   96500    1371  479287  3220010  33.37
2005-2009     55-59     0.00430  0.02128  2.69   95129    2025  470961  2740723  28.81
2005-2009     60-64     0.00687  0.03382  2.68   93104    3148  458217  2269762  24.38
2005-2009     65-69     0.01106  0.05390  2.67   89956    4848  438492  1811545  20.14
2005-2009     70-74     0.01852  0.08880  2.68   85107    7558  407994  1373053  16.13
2005-2009     75-79     0.03303  0.15325  2.65   77550   11885  359874   965058  12.44
2005-2009     80-84     0.05868  0.25750  2.62   65665   16909  288155   605184   9.22
2005-2009     85-89     0.10711  0.42315  2.52   48756   20631  192612   317029   6.50
2005-2009     90-94     0.19053  0.63187  2.34   28125   17771   93272   124417   4.42
2005-2009     95-99     0.31050  0.81050  2.05   10354    8392   27027    31146   3.01
2005-2009    100-104    0.46640  0.92162  1.72    1962    1808    3877     4119   2.10
2005-2009    105-109    0.63312  0.96937  1.42     154     149     235      242   1.57
2005-2009    110+       0.75987  1.00000  1.32       5       5       6        6   1.32
2010-2014        0      0.00362  0.00361  0.14  100000     361   99690  8247820  82.48
2010-2014      1-4      0.00015  0.00061  1.51   99639      60  398405  8148130  81.78
2010-2014      5-9      0.00008  0.00042  2.32   99578      42  497780  7749725  77.83
2010-2014     10-14     0.00008  0.00038  2.75   99537      38  497598  7251945  72.86
2010-2014     15-19     0.00028  0.00141  2.85   99499     140  497195  6754347  67.88
2010-2014     20-24     0.00039  0.00195  2.43   99359     194  496298  6257152  62.98
2010-2014     25-29     0.00043  0.00212  2.57   99165     211  495316  5760854  58.09
2010-2014     30-34     0.00057  0.00287  2.68   98955     284  494116  5265538  53.21
2010-2014     35-39     0.00079  0.00394  2.64   98671     389  492440  4771422  48.36
2010-2014     40-44     0.00115  0.00571  2.64   98283     561  490088  4278982  43.54
2010-2014     45-49     0.00181  0.00903  2.72   97721     882  486592  3788894  38.77
2010-2014     50-54     0.00271  0.01347  2.67   96839    1305  481154  3302302  34.10
2010-2014     55-59     0.00415  0.02053  2.65   95534    1962  473065  2821148  29.53
2010-2014     60-64     0.00640  0.03151  2.66   93573    2949  460953  2348083  25.09
2010-2014     65-69     0.01002  0.04897  2.66   90624    4438  442727  1887130  20.82
2010-2014     70-74     0.01666  0.08021  2.69   86186    6913  414935  1444403  16.76
2010-2014     75-79     0.02893  0.13552  2.67   79273   10743  371335  1029468  12.99
2010-2014     80-84     0.05358  0.23779  2.64   68529   16296  304156   658133   9.60
2010-2014     85-89     0.09932  0.39955  2.55   52233   20870  210118   353977   6.78
2010-2014     90-94     0.18077  0.61149  2.36   31364   19179  106092   143859   4.59
2010-2014     95-99     0.29934  0.79863  2.08   12185    9731   32510    37767   3.10
2010-2014    100-104    0.45609  0.91717  1.74    2454    2250    4934     5257   2.14
2010-2014    105-109    0.62600  0.96825  1.43     203     197     314      323   1.59
2010-2014    110+       0.75603  1.00000  1.32       6       6       9        9   1.32
2015-2016        0      0.00299  0.00298  0.14  100000     298   99744  8277606  82.78
2015-2016      1-4      0.00016  0.00063  1.64   99702      63  398659  8177862  82.02
2015-2016      5-9      0.00007  0.00037  2.69   99639      37  498109  7779203  78.07
2015-2016     10-14     0.00008  0.00042  2.65   99602      42  497912  7281094  73.10
2015-2016     15-19     0.00029  0.00144  2.81   99560     143  497489  6783182  68.13
2015-2016     20-24     0.00036  0.00181  2.44   99417     180  496626  6285693  63.23
2015-2016     25-29     0.00044  0.00221  2.64   99237     220  495668  5789067  58.34
2015-2016     30-34     0.00054  0.00271  2.62   99018     269  494449  5293399  53.46
2015-2016     35-39     0.00076  0.00379  2.69   98749     374  492881  4798950  48.60
2015-2016     40-44     0.00118  0.00587  2.70   98375     577  490548  4306069  43.77
2015-2016     45-49     0.00178  0.00886  2.69   97798     867  486993  3815521  39.01
2015-2016     50-54     0.00285  0.01418  2.65   96932    1374  481427  3328528  34.34
2015-2016     55-59     0.00421  0.02086  2.61   95557    1994  473031  2847101  29.79
2015-2016     60-64     0.00620  0.03055  2.66   93564    2858  461139  2374070  25.37
2015-2016     65-69     0.00941  0.04605  2.68   90706    4177  443851  1912930  21.09
2015-2016     70-74     0.01610  0.07766  2.72   86529    6720  417322  1469079  16.98
2015-2016     75-79     0.02761  0.12969  2.67   79809   10351  374953  1051758  13.18
2015-2016     80-84     0.05208  0.23225  2.67   69458   16131  309764   676804   9.74
2015-2016     85-89     0.09739  0.39310  2.55   53327   20963  215251   367040   6.88
2015-2016     90-94     0.17413  0.59788  2.38   32364   19350  111124   151789   4.69
2015-2016     95-99     0.29615  0.79536  2.09   13014   10351   34952    40665   3.12
2015-2016    100-104    0.45533  0.91713  1.74    2663    2443    5364     5714   2.15
2015-2016    105-109    0.62873  0.96888  1.43     221     214     340      349   1.58
2015-2016    110+       0.76099  1.00000  1.31       7       7       9        9   1.31
