NSW, Life tables (period 5x10), Total	Last modified: 23 May 2023;  Methods Protocol: v6 (2017)

  Year          Age         mx       qx    ax      lx      dx      Lx       Tx     ex
1971-1979        0      0.01560  0.01538  0.12  100000    1538   98642  7245450  72.45
1971-1979      1-4      0.00070  0.00281  1.62   98462     277  393188  7146809  72.58
1971-1979      5-9      0.00032  0.00160  2.26   98185     157  490494  6753620  68.78
1971-1979     10-14     0.00031  0.00157  2.73   98028     154  489790  6263126  63.89
1971-1979     15-19     0.00095  0.00477  2.95   97874     466  488416  5773336  58.99
1971-1979     20-24     0.00114  0.00567  2.40   97408     553  485599  5284921  54.26
1971-1979     25-29     0.00095  0.00476  2.51   96855     461  483126  4799321  49.55
1971-1979     30-34     0.00106  0.00531  2.61   96394     512  480747  4316195  44.78
1971-1979     35-39     0.00165  0.00823  2.69   95882     789  477589  3835448  40.00
1971-1979     40-44     0.00278  0.01381  2.76   95093    1313  472531  3357859  35.31
1971-1979     45-49     0.00471  0.02328  2.70   93780    2183  463880  2885328  30.77
1971-1979     50-54     0.00736  0.03618  2.69   91597    3314  450345  2421449  26.44
1971-1979     55-59     0.01153  0.05615  2.68   88283    4957  429930  1971104  22.33
1971-1979     60-64     0.01834  0.08793  2.67   83326    7327  399580  1541174  18.50
1971-1979     65-69     0.02783  0.13053  2.63   75999    9920  356492  1141594  15.02
1971-1979     70-74     0.04362  0.19755  2.62   66079   13054  299301   785101  11.88
1971-1979     75-79     0.06831  0.29238  2.54   53025   15503  226952   485801   9.16
1971-1979     80-84     0.10563  0.41809  2.51   37522   15687  148513   258849   6.90
1971-1979     85-89     0.16661  0.57644  2.33   21834   12586   75545   110336   5.05
1971-1979     90-94     0.23918  0.71474  2.19    9248    6610   27637    34790   3.76
1971-1979     95-99     0.35332  0.84676  1.93    2638    2234    6323     7154   2.71
1971-1979    100-104    0.47846  0.92366  1.68     404     373     780      831   2.06
1971-1979    105-109    0.60860  0.96314  1.45      31      30      49       50   1.63
1971-1979    110+       0.71084  1.00000  1.41       1       1       2        2   1.41
1980-1989        0      0.00959  0.00951  0.13  100000     951   99172  7535439  75.35
1980-1989      1-4      0.00046  0.00184  1.65   99049     182  395768  7436267  75.08
1980-1989      5-9      0.00023  0.00112  2.28   98867     111  494032  7040499  71.21
1980-1989     10-14     0.00024  0.00118  2.66   98756     116  493506  6546467  66.29
1980-1989     15-19     0.00079  0.00393  2.96   98640     388  492405  6052962  61.36
1980-1989     20-24     0.00105  0.00524  2.45   98251     515  489942  5560556  56.60
1980-1989     25-29     0.00094  0.00471  2.44   97737     460  487507  5070614  51.88
1980-1989     30-34     0.00094  0.00467  2.57   97276     454  485279  4583107  47.11
1980-1989     35-39     0.00120  0.00599  2.66   96822     580  482756  4097828  42.32
1980-1989     40-44     0.00189  0.00939  2.71   96242     904  479144  3615072  37.56
1980-1989     45-49     0.00320  0.01590  2.71   95339    1516  473220  3135928  32.89
1980-1989     50-54     0.00549  0.02710  2.70   93822    2542  463258  2662708  28.38
1980-1989     55-59     0.00897  0.04394  2.70   91280    4011  447178  2199450  24.10
1980-1989     60-64     0.01409  0.06823  2.68   87269    5954  422557  1752272  20.08
1980-1989     65-69     0.02241  0.10644  2.65   81315    8655  386207  1329715  16.35
1980-1989     70-74     0.03576  0.16480  2.63   72660   11974  334878   943509  12.99
1980-1989     75-79     0.05659  0.24906  2.59   60685   15114  267070   608630  10.03
1980-1989     80-84     0.09257  0.37648  2.52   45571   17157  185340   341560   7.50
1980-1989     85-89     0.14623  0.52853  2.38   28415   15018  102699   156220   5.50
1980-1989     90-94     0.22208  0.68808  2.24   13397    9218   41508    53521   4.00
1980-1989     95-99     0.33011  0.82649  1.98    4179    3454   10462    12013   2.87
1980-1989    100-104    0.45823  0.91505  1.72     725     663    1448     1551   2.14
1980-1989    105-109    0.59445  0.96039  1.48      62      59     100      103   1.67
1980-1989    110+       0.70231  1.00000  1.42       2       2       3        3   1.42
1990-1999        0      0.00627  0.00624  0.14  100000     624   99461  7803423  78.03
1990-1999      1-4      0.00034  0.00136  1.58   99376     135  397178  7703962  77.52
1990-1999      5-9      0.00015  0.00072  2.42   99241      72  496019  7306784  73.63
1990-1999     10-14     0.00016  0.00082  2.72   99169      81  495661  6810765  68.68
1990-1999     15-19     0.00056  0.00281  2.92   99088     278  494863  6315104  63.73
1990-1999     20-24     0.00080  0.00401  2.50   98810     397  493060  5820241  58.90
1990-1999     25-29     0.00086  0.00430  2.53   98413     423  491022  5327181  54.13
1990-1999     30-34     0.00100  0.00499  2.56   97990     489  488758  4836159  49.35
1990-1999     35-39     0.00117  0.00582  2.58   97502     567  486134  4347400  44.59
1990-1999     40-44     0.00156  0.00778  2.63   96934     755  482884  3861266  39.83
1990-1999     45-49     0.00233  0.01158  2.68   96180    1114  478311  3378382  35.13
1990-1999     50-54     0.00373  0.01848  2.69   95066    1757  471265  2900070  30.51
1990-1999     55-59     0.00625  0.03079  2.73   93310    2873  460016  2428805  26.03
1990-1999     60-64     0.01069  0.05214  2.69   90437    4716  441271  1968789  21.77
1990-1999     65-69     0.01737  0.08346  2.66   85721    7155  411879  1527519  17.82
1990-1999     70-74     0.02799  0.13128  2.64   78566   10314  368504  1115639  14.20
1990-1999     75-79     0.04589  0.20685  2.62   68252   14118  307660   747135  10.95
1990-1999     80-84     0.07932  0.33205  2.55   54134   17975  226623   439475   8.12
1990-1999     85-89     0.13039  0.48796  2.42   36159   17644  135316   212852   5.89
1990-1999     90-94     0.20803  0.66236  2.26   18515   12264   58951    77536   4.19
1990-1999     95-99     0.31673  0.81423  2.02    6251    5090   16071    18585   2.97
1990-1999    100-104    0.45183  0.91285  1.74    1161    1060    2346     2514   2.17
1990-1999    105-109    0.59791  0.96166  1.47     101      97     163      168   1.66
1990-1999    110+       0.71358  1.00000  1.40       4       4       5        5   1.40
2000-2009        0      0.00459  0.00457  0.14  100000     457   99607  8086491  80.86
2000-2009      1-4      0.00023  0.00091  1.64   99543      91  397956  7986884  80.24
2000-2009      5-9      0.00010  0.00048  2.33   99452      48  497132  7588928  76.31
2000-2009     10-14     0.00010  0.00052  2.75   99404      51  496905  7091795  71.34
2000-2009     15-19     0.00037  0.00186  2.96   99353     185  496387  6594890  66.38
2000-2009     20-24     0.00052  0.00257  2.52   99168     255  495207  6098503  61.50
2000-2009     25-29     0.00058  0.00288  2.54   98913     285  493865  5603295  56.65
2000-2009     30-34     0.00071  0.00356  2.56   98628     352  492285  5109430  51.80
2000-2009     35-39     0.00090  0.00450  2.63   98277     442  490336  4617146  46.98
2000-2009     40-44     0.00129  0.00645  2.63   97835     631  487680  4126809  42.18
2000-2009     45-49     0.00195  0.00970  2.66   97204     943  483815  3639129  37.44
2000-2009     50-54     0.00294  0.01460  2.66   96261    1405  478022  3155314  32.78
2000-2009     55-59     0.00457  0.02261  2.70   94856    2144  469350  2677292  28.22
2000-2009     60-64     0.00746  0.03666  2.68   92712    3399  455685  2207942  23.82
2000-2009     65-69     0.01213  0.05898  2.68   89313    5268  434336  1752257  19.62
2000-2009     70-74     0.02058  0.09821  2.67   84045    8254  401019  1317921  15.68
2000-2009     75-79     0.03515  0.16229  2.64   75791   12300  349964   916903  12.10
2000-2009     80-84     0.06336  0.27510  2.61   63491   17466  275663   566938   8.93
2000-2009     85-89     0.11305  0.44058  2.50   46025   20277  179366   291275   6.33
2000-2009     90-94     0.19588  0.64180  2.31   25747   16525   84363   111909   4.35
2000-2009     95-99     0.31354  0.81307  2.04    9223    7499   23915    27546   2.99
2000-2009    100-104    0.46494  0.92052  1.72    1724    1587    3413     3631   2.11
2000-2009    105-109    0.62691  0.96808  1.43     137     133     212      217   1.59
2000-2009    110+       0.75109  1.00000  1.33       4       4       6        6   1.33
2010-2019        0      0.00338  0.00337  0.14  100000     337   99711  8271532  82.72
2010-2019      1-4      0.00014  0.00057  1.55   99663      57  398513  8171821  81.99
2010-2019      5-9      0.00008  0.00039  2.44   99606      39  497931  7773308  78.04
2010-2019     10-14     0.00008  0.00041  2.85   99567      41  497748  7275377  73.07
2010-2019     15-19     0.00029  0.00143  2.93   99526     143  497335  6777629  68.10
2010-2019     20-24     0.00039  0.00195  2.45   99384     193  496425  6280294  63.19
2010-2019     25-29     0.00043  0.00215  2.61   99190     213  495441  5783868  58.31
2010-2019     30-34     0.00054  0.00271  2.66   98977     268  494257  5288428  53.43
2010-2019     35-39     0.00077  0.00386  2.64   98708     381  492643  4794171  48.57
2010-2019     40-44     0.00115  0.00572  2.66   98327     562  490320  4301528  43.75
2010-2019     45-49     0.00177  0.00881  2.69   97765     862  486834  3811208  38.98
2010-2019     50-54     0.00271  0.01346  2.67   96903    1304  481480  3324375  34.31
2010-2019     55-59     0.00412  0.02040  2.65   95599    1950  473412  2842894  29.74
2010-2019     60-64     0.00626  0.03084  2.66   93649    2888  461479  2369482  25.30
2010-2019     65-69     0.00962  0.04707  2.67   90761    4272  443834  1908003  21.02
2010-2019     70-74     0.01601  0.07721  2.69   86489    6678  417012  1464169  16.93
2010-2019     75-79     0.02778  0.13046  2.68   79812   10412  374860  1047156  13.12
2010-2019     80-84     0.05193  0.23143  2.65   69399   16061  309263   672296   9.69
2010-2019     85-89     0.09796  0.39527  2.56   53338   21083  215230   363033   6.81
2010-2019     90-94     0.18026  0.61105  2.37   32255   19710  109341   147803   4.58
2010-2019     95-99     0.30297  0.80320  2.08   12546   10077   33260    38461   3.07
2010-2019    100-104    0.46434  0.92131  1.73    2469    2275    4899     5202   2.11
2010-2019    105-109    0.63778  0.97043  1.42     194     189     296      303   1.56
2010-2019    110+       0.76863  1.00000  1.30       6       6       7        7   1.30
