NSW, Life tables (period 1x10), Total	Last modified: 02 Jul 2018;  Methods Protocol: v6 (2017)

  Year          Age         mx       qx    ax      lx      dx      Lx       Tx     ex
1971-1979        0      0.01560  0.01538  0.12  100000    1538   98642  7245450  72.45
1971-1979        1      0.00112  0.00112  0.50   98462     110   98407  7146809  72.58
1971-1979        2      0.00070  0.00070  0.50   98352      69   98317  7048402  71.67
1971-1979        3      0.00054  0.00054  0.50   98283      53   98256  6950084  70.71
1971-1979        4      0.00046  0.00046  0.50   98230      45   98207  6851828  69.75
1971-1979        5      0.00039  0.00039  0.50   98185      39   98166  6753620  68.78
1971-1979        6      0.00037  0.00037  0.50   98146      36   98128  6655455  67.81
1971-1979        7      0.00031  0.00031  0.50   98110      30   98095  6557326  66.84
1971-1979        8      0.00030  0.00030  0.50   98080      29   98066  6459231  65.86
1971-1979        9      0.00024  0.00024  0.50   98051      23   98040  6361166  64.88
1971-1979       10      0.00025  0.00025  0.50   98028      25   98016  6263126  63.89
1971-1979       11      0.00030  0.00030  0.50   98003      29   97989  6165111  62.91
1971-1979       12      0.00028  0.00028  0.50   97974      28   97960  6067122  61.93
1971-1979       13      0.00032  0.00032  0.50   97947      31   97931  5969162  60.94
1971-1979       14      0.00042  0.00042  0.50   97915      41   97895  5871231  59.96
1971-1979       15      0.00049  0.00049  0.50   97874      48   97850  5773336  58.99
1971-1979       16      0.00070  0.00070  0.50   97826      68   97792  5675486  58.02
1971-1979       17      0.00105  0.00105  0.50   97758     102   97707  5577694  57.06
1971-1979       18      0.00124  0.00124  0.50   97656     121   97595  5479987  56.12
1971-1979       19      0.00130  0.00130  0.50   97534     127   97471  5382392  55.18
1971-1979       20      0.00128  0.00128  0.50   97408     124   97346  5284921  54.26
1971-1979       21      0.00120  0.00120  0.50   97284     117   97225  5187575  53.32
1971-1979       22      0.00109  0.00109  0.50   97167     106   97114  5090350  52.39
1971-1979       23      0.00107  0.00107  0.50   97061     104   97009  4993236  51.44
1971-1979       24      0.00105  0.00105  0.50   96957     102   96906  4896227  50.50
1971-1979       25      0.00094  0.00093  0.50   96855      91   96810  4799321  49.55
1971-1979       26      0.00096  0.00096  0.50   96765      93   96718  4702511  48.60
1971-1979       27      0.00098  0.00098  0.50   96672      94   96625  4605793  47.64
1971-1979       28      0.00093  0.00093  0.50   96577      89   96533  4509169  46.69
1971-1979       29      0.00098  0.00097  0.50   96488      94   96441  4412636  45.73
1971-1979       30      0.00098  0.00098  0.50   96394      94   96347  4316195  44.78
1971-1979       31      0.00094  0.00094  0.50   96300      90   96254  4219848  43.82
1971-1979       32      0.00111  0.00111  0.50   96209     107   96156  4123594  42.86
1971-1979       33      0.00109  0.00109  0.50   96102     105   96050  4027438  41.91
1971-1979       34      0.00120  0.00120  0.50   95998     116   95940  3931388  40.95
1971-1979       35      0.00137  0.00137  0.50   95882     131   95816  3835448  40.00
1971-1979       36      0.00146  0.00146  0.50   95751     140   95681  3739632  39.06
1971-1979       37      0.00160  0.00160  0.50   95611     153   95535  3643951  38.11
1971-1979       38      0.00185  0.00185  0.50   95458     177   95370  3548417  37.17
1971-1979       39      0.00198  0.00198  0.50   95282     188   95187  3453047  36.24
1971-1979       40      0.00200  0.00199  0.50   95093     190   94998  3357859  35.31
1971-1979       41      0.00237  0.00237  0.50   94904     225   94791  3262861  34.38
1971-1979       42      0.00286  0.00285  0.50   94679     270   94544  3168070  33.46
1971-1979       43      0.00324  0.00323  0.50   94409     305   94256  3073526  32.56
1971-1979       44      0.00344  0.00343  0.50   94103     323   93942  2979270  31.66
1971-1979       45      0.00370  0.00370  0.50   93780     347   93607  2885328  30.77
1971-1979       46      0.00428  0.00427  0.50   93434     399   93234  2791721  29.88
1971-1979       47      0.00476  0.00475  0.50   93034     442   92813  2698487  29.01
1971-1979       48      0.00500  0.00498  0.50   92592     461   92362  2605674  28.14
1971-1979       49      0.00581  0.00579  0.50   92131     534   91864  2513313  27.28
1971-1979       50      0.00610  0.00608  0.50   91597     557   91319  2421449  26.44
1971-1979       51      0.00624  0.00622  0.50   91040     566   90757  2330130  25.59
1971-1979       52      0.00743  0.00741  0.50   90474     670   90139  2239373  24.75
1971-1979       53      0.00803  0.00799  0.50   89804     718   89445  2149234  23.93
1971-1979       54      0.00906  0.00902  0.50   89086     803   88685  2059788  23.12
1971-1979       55      0.00925  0.00921  0.50   88283     813   87877  1971104  22.33
1971-1979       56      0.01036  0.01031  0.50   87470     902   87019  1883227  21.53
1971-1979       57      0.01153  0.01147  0.50   86569     993   86072  1796208  20.75
1971-1979       58      0.01253  0.01245  0.50   85576    1066   85043  1710135  19.98
1971-1979       59      0.01411  0.01401  0.50   84510    1184   83918  1625092  19.23
1971-1979       60      0.01500  0.01489  0.50   83326    1241   82706  1541174  18.50
1971-1979       61      0.01552  0.01540  0.50   82085    1264   81453  1458468  17.77
1971-1979       62      0.01878  0.01861  0.50   80821    1504   80069  1377015  17.04
1971-1979       63      0.02068  0.02046  0.50   79317    1623   78506  1296946  16.35
1971-1979       64      0.02206  0.02181  0.50   77694    1695   76847  1218440  15.68
1971-1979       65      0.02360  0.02332  0.50   75999    1772   75113  1141594  15.02
1971-1979       66      0.02442  0.02413  0.50   74227    1791   73331  1066481  14.37
1971-1979       67      0.02780  0.02742  0.50   72436    1986   71442   993149  13.71
1971-1979       68      0.03037  0.02992  0.50   70449    2108   69395   921707  13.08
1971-1979       69      0.03366  0.03310  0.50   68341    2262   67210   852312  12.47
1971-1979       70      0.03543  0.03481  0.50   66079    2300   64929   785101  11.88
1971-1979       71      0.03854  0.03781  0.50   63779    2411   62573   720172  11.29
1971-1979       72      0.04469  0.04372  0.50   61368    2683   60026   657599  10.72
1971-1979       73      0.04830  0.04716  0.50   58685    2768   57301   597573  10.18
1971-1979       74      0.05309  0.05172  0.50   55917    2892   54471   540272   9.66
1971-1979       75      0.05836  0.05671  0.50   53025    3007   51522   485801   9.16
1971-1979       76      0.06344  0.06149  0.50   50018    3076   48480   434279   8.68
1971-1979       77      0.06529  0.06323  0.50   46943    2968   45459   385798   8.22
1971-1979       78      0.07629  0.07349  0.50   43974    3232   42359   340340   7.74
1971-1979       79      0.08231  0.07906  0.50   40743    3221   39132   297981   7.31
1971-1979       80      0.08815  0.08443  0.50   37522    3168   35938   258849   6.90
1971-1979       81      0.09153  0.08752  0.50   34354    3007   32851   222911   6.49
1971-1979       82      0.10736  0.10189  0.50   31347    3194   29750   190060   6.06
1971-1979       83      0.11944  0.11271  0.50   28153    3173   26567   160310   5.69
1971-1979       84      0.13439  0.12593  0.50   24980    3146   23407   133743   5.35
1971-1979       85      0.14221  0.13277  0.50   21834    2899   20385   110336   5.05
1971-1979       86      0.16362  0.15125  0.50   18935    2864   17503    89951   4.75
1971-1979       87      0.16609  0.15336  0.50   16072    2465   14839    72447   4.51
1971-1979       88      0.17735  0.16291  0.50   13607    2217   12499    57608   4.23
1971-1979       89      0.20758  0.18806  0.50   11390    2142   10319    45110   3.96
1971-1979       90      0.21445  0.19368  0.50    9248    1791    8353    34790   3.76
1971-1979       91      0.21745  0.19612  0.50    7457    1462    6726    26438   3.55
1971-1979       92      0.24544  0.21861  0.50    5995    1310    5339    19712   3.29
1971-1979       93      0.27323  0.24039  0.50    4684    1126    4121    14373   3.07
1971-1979       94      0.29693  0.25854  0.50    3558     920    3098    10252   2.88
1971-1979       95      0.32113  0.27670  0.50    2638     730    2273     7154   2.71
1971-1979       96      0.34507  0.29430  0.50    1908     562    1627     4880   2.56
1971-1979       97      0.36990  0.31217  0.50    1347     420    1136     3253   2.42
1971-1979       98      0.39552  0.33022  0.50     926     306     773     2117   2.29
1971-1979       99      0.42180  0.34833  0.50     620     216     512     1343   2.17
1971-1979      100      0.44860  0.36642  0.50     404     148     330      831   2.06
1971-1979      101      0.47579  0.38435  0.50     256      98     207      501   1.95
1971-1979      102      0.50319  0.40204  0.50     158      63     126      294   1.86
1971-1979      103      0.53064  0.41937  0.50      94      40      75      168   1.78
1971-1979      104      0.55798  0.43627  0.50      55      24      43       93   1.70
1971-1979      105      0.58503  0.45263  0.50      31      14      24       50   1.63
1971-1979      106      0.61164  0.46840  0.50      17       8      13       27   1.57
1971-1979      107      0.63765  0.48350  0.50       9       4       7       14   1.52
1971-1979      108      0.66294  0.49790  0.50       5       2       3        7   1.47
1971-1979      109      0.68736  0.51155  0.50       2       1       2        3   1.43
1971-1979      110+     0.71084  1.00000  1.41       1       1       2        2   1.41
1980-1989        0      0.00959  0.00951  0.13  100000     951   99172  7535439  75.35
1980-1989        1      0.00069  0.00069  0.50   99049      68   99015  7436267  75.08
1980-1989        2      0.00048  0.00048  0.50   98981      48   98957  7337252  74.13
1980-1989        3      0.00038  0.00038  0.50   98933      37   98915  7238295  73.16
1980-1989        4      0.00029  0.00029  0.50   98896      29   98881  7139380  72.19
1980-1989        5      0.00028  0.00028  0.50   98867      27   98853  7040499  71.21
1980-1989        6      0.00025  0.00025  0.50   98840      24   98827  6941646  70.23
1980-1989        7      0.00022  0.00022  0.50   98815      22   98804  6842818  69.25
1980-1989        8      0.00022  0.00022  0.50   98794      22   98783  6744014  68.26
1980-1989        9      0.00017  0.00017  0.50   98772      17   98764  6645231  67.28
1980-1989       10      0.00022  0.00022  0.50   98756      22   98745  6546467  66.29
1980-1989       11      0.00021  0.00021  0.50   98734      20   98724  6447722  65.30
1980-1989       12      0.00021  0.00021  0.50   98713      21   98703  6348999  64.32
1980-1989       13      0.00025  0.00025  0.50   98693      25   98680  6250296  63.33
1980-1989       14      0.00029  0.00029  0.50   98668      29   98654  6151615  62.35
1980-1989       15      0.00039  0.00039  0.50   98640      38   98620  6052961  61.36
1980-1989       16      0.00057  0.00057  0.50   98601      56   98573  5954341  60.39
1980-1989       17      0.00087  0.00087  0.50   98545      85   98502  5855768  59.42
1980-1989       18      0.00108  0.00108  0.50   98460     106   98407  5757265  58.47
1980-1989       19      0.00104  0.00104  0.50   98354     102   98302  5658859  57.54
1980-1989       20      0.00113  0.00113  0.50   98251     111   98196  5560556  56.60
1980-1989       21      0.00104  0.00104  0.50   98141     102   98090  5462360  55.66
1980-1989       22      0.00108  0.00108  0.50   98039     105   97986  5364271  54.72
1980-1989       23      0.00100  0.00100  0.50   97933      97   97885  5266285  53.77
1980-1989       24      0.00101  0.00101  0.50   97836      99   97786  5168400  52.83
1980-1989       25      0.00098  0.00098  0.50   97737      96   97689  5070614  51.88
1980-1989       26      0.00100  0.00099  0.50   97641      97   97592  4972925  50.93
1980-1989       27      0.00093  0.00093  0.50   97544      91   97498  4875333  49.98
1980-1989       28      0.00092  0.00092  0.50   97453      89   97408  4777835  49.03
1980-1989       29      0.00089  0.00089  0.50   97363      87   97320  4680427  48.07
1980-1989       30      0.00085  0.00085  0.50   97276      83   97235  4583107  47.11
1980-1989       31      0.00090  0.00090  0.50   97193      87   97150  4485872  46.15
1980-1989       32      0.00094  0.00094  0.50   97106      91   97060  4388723  45.20
1980-1989       33      0.00102  0.00102  0.50   97015      99   96965  4291662  44.24
1980-1989       34      0.00097  0.00097  0.50   96916      94   96869  4194697  43.28
1980-1989       35      0.00105  0.00105  0.50   96822     102   96771  4097828  42.32
1980-1989       36      0.00104  0.00104  0.50   96720     100   96670  4001056  41.37
1980-1989       37      0.00122  0.00122  0.50   96620     118   96561  3904386  40.41
1980-1989       38      0.00127  0.00126  0.50   96502     122   96441  3807825  39.46
1980-1989       39      0.00144  0.00143  0.50   96380     138   96311  3711383  38.51
1980-1989       40      0.00153  0.00153  0.50   96242     147   96169  3615072  37.56
1980-1989       41      0.00159  0.00159  0.50   96095     153   96019  3518903  36.62
1980-1989       42      0.00189  0.00189  0.50   95943     181   95852  3422884  35.68
1980-1989       43      0.00217  0.00216  0.50   95761     207   95658  3327032  34.74
1980-1989       44      0.00226  0.00226  0.50   95554     216   95446  3231374  33.82
1980-1989       45      0.00241  0.00241  0.50   95339     230   95224  3135928  32.89
1980-1989       46      0.00305  0.00304  0.50   95109     289   94964  3040704  31.97
1980-1989       47      0.00319  0.00318  0.50   94819     302   94669  2945740  31.07
1980-1989       48      0.00343  0.00342  0.50   94518     324   94356  2851072  30.16
1980-1989       49      0.00395  0.00395  0.50   94194     372   94008  2756716  29.27
1980-1989       50      0.00449  0.00448  0.50   93822     420   93612  2662708  28.38
1980-1989       51      0.00471  0.00470  0.50   93402     439   93183  2569095  27.51
1980-1989       52      0.00549  0.00547  0.50   92963     509   92709  2475913  26.63
1980-1989       53      0.00617  0.00615  0.50   92455     569   92170  2383203  25.78
1980-1989       54      0.00662  0.00659  0.50   91886     606   91583  2291033  24.93
1980-1989       55      0.00703  0.00701  0.50   91280     640   90960  2199450  24.10
1980-1989       56      0.00805  0.00802  0.50   90640     727   90277  2108490  23.26
1980-1989       57      0.00892  0.00888  0.50   89914     798   89514  2018213  22.45
1980-1989       58      0.00993  0.00988  0.50   89115     881   88675  1928698  21.64
1980-1989       59      0.01100  0.01094  0.50   88235     966   87752  1840023  20.85
1980-1989       60      0.01141  0.01134  0.50   87269     990   86774  1752272  20.08
1980-1989       61      0.01211  0.01204  0.50   86279    1039   85760  1665498  19.30
1980-1989       62      0.01437  0.01427  0.50   85240    1216   84632  1579738  18.53
1980-1989       63      0.01562  0.01550  0.50   84024    1303   83373  1495106  17.79
1980-1989       64      0.01715  0.01700  0.50   82721    1406   82018  1411733  17.07
1980-1989       65      0.01871  0.01853  0.50   81315    1507   80561  1329715  16.35
1980-1989       66      0.01982  0.01963  0.50   79808    1567   79025  1249154  15.65
1980-1989       67      0.02254  0.02228  0.50   78241    1744   77369  1170129  14.96
1980-1989       68      0.02415  0.02386  0.50   76498    1825   75585  1092760  14.28
1980-1989       69      0.02732  0.02695  0.50   74673    2013   73666  1017175  13.62
1980-1989       70      0.02920  0.02878  0.50   72660    2091   71614   943508  12.99
1980-1989       71      0.03199  0.03149  0.50   70569    2222   69458   871894  12.36
1980-1989       72      0.03622  0.03557  0.50   68347    2431   67131   802436  11.74
1980-1989       73      0.03930  0.03854  0.50   65915    2540   64645   735305  11.16
1980-1989       74      0.04336  0.04244  0.50   63375    2690   62030   670660  10.58
1980-1989       75      0.04646  0.04541  0.50   60685    2756   59308   608630  10.03
1980-1989       76      0.05102  0.04975  0.50   57930    2882   56489   549322   9.48
1980-1989       77      0.05528  0.05379  0.50   55048    2961   53567   492834   8.95
1980-1989       78      0.06356  0.06160  0.50   52086    3209   50482   439267   8.43
1980-1989       79      0.07001  0.06765  0.50   48878    3306   47225   388785   7.95
1980-1989       80      0.07730  0.07443  0.50   45571    3392   43876   341560   7.50
1980-1989       81      0.08165  0.07844  0.50   42180    3309   40525   297685   7.06
1980-1989       82      0.09359  0.08941  0.50   38871    3475   37133   257159   6.62
1980-1989       83      0.10386  0.09874  0.50   35396    3495   33648   220026   6.22
1980-1989       84      0.11559  0.10928  0.50   31901    3486   30158   186378   5.84
1980-1989       85      0.12492  0.11757  0.50   28415    3341   26744   156220   5.50
1980-1989       86      0.13750  0.12865  0.50   25074    3226   23461   129476   5.16
1980-1989       87      0.14811  0.13790  0.50   21848    3013   20342   106015   4.85
1980-1989       88      0.16056  0.14863  0.50   18835    2800   17436    85673   4.55
1980-1989       89      0.17935  0.16459  0.50   16036    2639   14716    68237   4.26
1980-1989       90      0.18673  0.17078  0.50   13397    2288   12253    53521   4.00
1980-1989       91      0.20857  0.18887  0.50   11109    2098   10060    41268   3.71
1980-1989       92      0.23693  0.21184  0.50    9011    1909    8056    31209   3.46
1980-1989       93      0.25432  0.22563  0.50    7102    1602    6301    23152   3.26
1980-1989       94      0.27295  0.24017  0.50    5499    1321    4839    16852   3.06
1980-1989       95      0.29662  0.25831  0.50    4179    1079    3639    12013   2.87
1980-1989       96      0.32060  0.27631  0.50    3099     856    2671     8374   2.70
1980-1989       97      0.34567  0.29473  0.50    2243     661    1912     5703   2.54
1980-1989       98      0.37172  0.31346  0.50    1582     496    1334     3790   2.40
1980-1989       99      0.39863  0.33238  0.50    1086     361     906     2456   2.26
1980-1989      100      0.42626  0.35137  0.50     725     255     598     1551   2.14
1980-1989      101      0.45444  0.37030  0.50     470     174     383      953   2.03
1980-1989      102      0.48300  0.38904  0.50     296     115     239      570   1.92
1980-1989      103      0.51174  0.40748  0.50     181      74     144      331   1.83
1980-1989      104      0.54047  0.42549  0.50     107      46      84      187   1.75
1980-1989      105      0.56899  0.44297  0.50      62      27      48      103   1.67
1980-1989      106      0.59712  0.45983  0.50      34      16      26       55   1.60
1980-1989      107      0.62467  0.47600  0.50      19       9      14       29   1.54
1980-1989      108      0.65148  0.49141  0.50      10       5       7       14   1.49
1980-1989      109      0.67740  0.50601  0.50       5       2       4        7   1.45
1980-1989      110+     0.70230  1.00000  1.42       2       2       3        3   1.42
1990-1999        0      0.00627  0.00624  0.14  100000     624   99461  7803542  78.04
1990-1999        1      0.00055  0.00055  0.50   99376      55   99349  7704081  77.52
1990-1999        2      0.00035  0.00035  0.50   99322      35   99304  7604732  76.57
1990-1999        3      0.00026  0.00026  0.50   99286      26   99274  7505428  75.59
1990-1999        4      0.00020  0.00020  0.50   99261      20   99251  7406154  74.61
1990-1999        5      0.00015  0.00015  0.50   99241      15   99234  7306903  73.63
1990-1999        6      0.00015  0.00015  0.50   99226      15   99219  7207669  72.64
1990-1999        7      0.00016  0.00016  0.50   99211      16   99203  7108451  71.65
1990-1999        8      0.00014  0.00014  0.50   99195      14   99189  7009247  70.66
1990-1999        9      0.00013  0.00013  0.50   99182      13   99175  6910059  69.67
1990-1999       10      0.00014  0.00014  0.50   99169      14   99162  6810884  68.68
1990-1999       11      0.00015  0.00015  0.50   99155      15   99148  6711721  67.69
1990-1999       12      0.00014  0.00014  0.50   99141      14   99133  6612574  66.70
1990-1999       13      0.00016  0.00016  0.50   99126      16   99118  6513440  65.71
1990-1999       14      0.00022  0.00022  0.50   99110      22   99099  6414322  64.72
1990-1999       15      0.00030  0.00030  0.50   99088      30   99073  6315223  63.73
1990-1999       16      0.00043  0.00043  0.50   99058      42   99037  6216150  62.75
1990-1999       17      0.00061  0.00061  0.50   99016      60   98986  6117113  61.78
1990-1999       18      0.00072  0.00072  0.50   98956      71   98920  6018127  60.82
1990-1999       19      0.00076  0.00076  0.50   98885      75   98847  5919207  59.86
1990-1999       20      0.00081  0.00081  0.50   98810      80   98770  5820359  58.90
1990-1999       21      0.00079  0.00079  0.50   98730      78   98691  5721589  57.95
1990-1999       22      0.00080  0.00080  0.50   98652      79   98613  5622898  57.00
1990-1999       23      0.00082  0.00082  0.50   98574      81   98533  5524285  56.04
1990-1999       24      0.00080  0.00080  0.50   98492      79   98453  5425752  55.09
1990-1999       25      0.00079  0.00079  0.50   98413      78   98375  5327300  54.13
1990-1999       26      0.00092  0.00092  0.50   98336      90   98291  5228925  53.17
1990-1999       27      0.00087  0.00087  0.50   98245      85   98203  5130634  52.22
1990-1999       28      0.00083  0.00083  0.50   98160      82   98120  5032431  51.27
1990-1999       29      0.00090  0.00090  0.50   98079      88   98035  4934312  50.31
1990-1999       30      0.00093  0.00093  0.50   97990      91   97945  4836277  49.35
1990-1999       31      0.00099  0.00099  0.50   97900      97   97851  4738332  48.40
1990-1999       32      0.00102  0.00102  0.50   97803     100   97753  4640481  47.45
1990-1999       33      0.00099  0.00098  0.50   97703      96   97655  4542728  46.50
1990-1999       34      0.00108  0.00108  0.50   97607     105   97554  4445073  45.54
1990-1999       35      0.00107  0.00107  0.50   97502     104   97450  4347519  44.59
1990-1999       36      0.00114  0.00113  0.50   97398     111   97342  4250069  43.64
1990-1999       37      0.00117  0.00117  0.50   97287     114   97230  4152727  42.69
1990-1999       38      0.00119  0.00119  0.50   97173     115   97116  4055497  41.73
1990-1999       39      0.00127  0.00127  0.50   97058     124   96996  3958381  40.78
1990-1999       40      0.00133  0.00133  0.50   96934     129   96870  3861385  39.83
1990-1999       41      0.00147  0.00147  0.50   96806     142   96735  3764515  38.89
1990-1999       42      0.00161  0.00161  0.50   96664     155   96586  3667780  37.94
1990-1999       43      0.00165  0.00165  0.50   96508     159   96429  3571194  37.00
1990-1999       44      0.00176  0.00176  0.50   96349     169   96265  3474765  36.06
1990-1999       45      0.00196  0.00195  0.50   96180     188   96086  3378500  35.13
1990-1999       46      0.00208  0.00208  0.50   95992     199   95892  3282414  34.19
1990-1999       47      0.00231  0.00231  0.50   95793     221   95682  3186522  33.26
1990-1999       48      0.00251  0.00251  0.50   95572     240   95452  3090840  32.34
1990-1999       49      0.00279  0.00278  0.50   95332     265   95199  2995388  31.42
1990-1999       50      0.00306  0.00306  0.50   95066     291   94921  2900189  30.51
1990-1999       51      0.00334  0.00333  0.50   94776     316   94618  2805268  29.60
1990-1999       52      0.00364  0.00363  0.50   94460     343   94288  2710650  28.70
1990-1999       53      0.00417  0.00416  0.50   94117     391   93921  2616362  27.80
1990-1999       54      0.00444  0.00443  0.50   93725     416   93517  2522441  26.91
1990-1999       55      0.00489  0.00488  0.50   93310     455   93082  2428924  26.03
1990-1999       56      0.00541  0.00540  0.50   92855     501   92604  2335842  25.16
1990-1999       57      0.00617  0.00615  0.50   92353     568   92070  2243238  24.29
1990-1999       58      0.00696  0.00694  0.50   91786     637   91467  2151168  23.44
1990-1999       59      0.00784  0.00781  0.50   91149     712   90793  2059701  22.60
1990-1999       60      0.00850  0.00847  0.50   90437     766   90054  1968908  21.77
1990-1999       61      0.00958  0.00953  0.50   89671     855   89244  1878854  20.95
1990-1999       62      0.01064  0.01058  0.50   88816     940   88346  1789611  20.15
1990-1999       63      0.01200  0.01193  0.50   87877    1048   87352  1701264  19.36
1990-1999       64      0.01284  0.01275  0.50   86828    1107   86275  1613912  18.59
1990-1999       65      0.01413  0.01404  0.50   85721    1203   85119  1527637  17.82
1990-1999       66      0.01552  0.01540  0.50   84518    1301   83867  1442518  17.07
1990-1999       67      0.01740  0.01725  0.50   83217    1436   82499  1358651  16.33
1990-1999       68      0.01927  0.01908  0.50   81781    1561   81001  1276152  15.60
1990-1999       69      0.02083  0.02062  0.50   80220    1654   79393  1195151  14.90
1990-1999       70      0.02291  0.02265  0.50   78566    1780   77676  1115758  14.20
1990-1999       71      0.02506  0.02475  0.50   76787    1901   75836  1038081  13.52
1990-1999       72      0.02794  0.02756  0.50   74886    2064   73854   962245  12.85
1990-1999       73      0.03099  0.03052  0.50   72822    2222   71711   888391  12.20
1990-1999       74      0.03382  0.03326  0.50   70600    2348   69426   816680  11.57
1990-1999       75      0.03731  0.03663  0.50   68252    2500   67002   747254  10.95
1990-1999       76      0.04095  0.04013  0.50   65752    2638   64433   680252  10.35
1990-1999       77      0.04576  0.04474  0.50   63114    2824   61702   615819   9.76
1990-1999       78      0.05066  0.04941  0.50   60290    2979   58800   554117   9.19
1990-1999       79      0.05701  0.05543  0.50   57311    3177   55723   495317   8.64
1990-1999       80      0.06525  0.06319  0.50   54134    3421   52424   439594   8.12
1990-1999       81      0.07089  0.06847  0.50   50714    3472   48978   387170   7.63
1990-1999       82      0.07941  0.07637  0.50   47242    3608   45438   338192   7.16
1990-1999       83      0.08884  0.08506  0.50   43633    3711   41778   292755   6.71
1990-1999       84      0.09859  0.09395  0.50   39922    3751   38047   250977   6.29
1990-1999       85      0.10903  0.10339  0.50   36171    3740   34301   212930   5.89
1990-1999       86      0.12140  0.11445  0.50   32431    3712   30575   178629   5.51
1990-1999       87      0.13394  0.12553  0.50   28719    3605   26917   148053   5.16
1990-1999       88      0.14330  0.13372  0.50   25114    3358   23435   121137   4.82
1990-1999       89      0.16056  0.14863  0.50   21756    3234   20139    97701   4.49
1990-1999       90      0.17764  0.16315  0.50   18523    3022   17012    77562   4.19
1990-1999       91      0.19441  0.17719  0.50   15501    2746   14127    60550   3.91
1990-1999       92      0.21837  0.19688  0.50   12754    2511   11499    46423   3.64
1990-1999       93      0.23505  0.21033  0.50   10243    2154    9166    34924   3.41
1990-1999       94      0.25585  0.22683  0.50    8089    1835    7171    25758   3.18
1990-1999       95      0.28133  0.24663  0.50    6254    1542    5483    18587   2.97
1990-1999       96      0.30615  0.26551  0.50    4711    1251    4086    13104   2.78
1990-1999       97      0.33229  0.28495  0.50    3461     986    2968     9018   2.61
1990-1999       98      0.35966  0.30484  0.50    2474     754    2097     6051   2.45
1990-1999       99      0.38812  0.32504  0.50    1720     559    1441     3953   2.30
1990-1999      100      0.41751  0.34540  0.50    1161     401     961     2513   2.16
1990-1999      101      0.44763  0.36577  0.50     760     278     621     1552   2.04
1990-1999      102      0.47828  0.38598  0.50     482     186     389      931   1.93
1990-1999      103      0.50922  0.40588  0.50     296     120     236      542   1.83
1990-1999      104      0.54021  0.42533  0.50     176      75     138      306   1.74
1990-1999      105      0.57099  0.44418  0.50     101      45      79      168   1.66
1990-1999      106      0.60132  0.46232  0.50      56      26      43       89   1.59
1990-1999      107      0.63098  0.47965  0.50      30      14      23       46   1.53
1990-1999      108      0.65975  0.49610  0.50      16       8      12       23   1.47
1990-1999      109      0.68744  0.51159  0.50       8       4       6       11   1.43
1990-1999      110+     0.71391  1.00000  1.40       4       4       5        5   1.40
2000-2009        0      0.00459  0.00457  0.14  100000     457   99607  8089104  80.89
2000-2009        1      0.00036  0.00036  0.50   99543      36   99524  7989497  80.26
2000-2009        2      0.00021  0.00021  0.50   99506      21   99496  7889973  79.29
2000-2009        3      0.00018  0.00018  0.50   99485      18   99476  7790477  78.31
2000-2009        4      0.00016  0.00016  0.50   99468      16   99460  7691000  77.32
2000-2009        5      0.00012  0.00012  0.50   99452      12   99446  7591541  76.33
2000-2009        6      0.00010  0.00010  0.50   99440      10   99435  7492095  75.34
2000-2009        7      0.00010  0.00010  0.50   99430      10   99425  7392659  74.35
2000-2009        8      0.00007  0.00007  0.50   99420       7   99417  7293234  73.36
2000-2009        9      0.00010  0.00010  0.50   99414       9   99409  7193817  72.36
2000-2009       10      0.00008  0.00008  0.50   99404       8   99400  7094408  71.37
2000-2009       11      0.00008  0.00008  0.50   99396       8   99392  6995008  70.38
2000-2009       12      0.00011  0.00011  0.50   99388      10   99382  6895617  69.38
2000-2009       13      0.00011  0.00011  0.50   99377      11   99372  6796234  68.39
2000-2009       14      0.00014  0.00014  0.50   99366      13   99360  6696862  67.40
2000-2009       15      0.00018  0.00018  0.50   99353      18   99344  6597503  66.40
2000-2009       16      0.00028  0.00028  0.50   99335      28   99321  6498159  65.42
2000-2009       17      0.00041  0.00041  0.50   99307      40   99286  6398838  64.44
2000-2009       18      0.00048  0.00048  0.50   99266      47   99243  6299552  63.46
2000-2009       19      0.00051  0.00051  0.50   99219      51   99194  6200309  62.49
2000-2009       20      0.00056  0.00056  0.50   99168      55   99141  6101116  61.52
2000-2009       21      0.00050  0.00050  0.50   99113      49   99088  6001975  60.56
2000-2009       22      0.00043  0.00043  0.50   99064      42   99043  5902886  59.59
2000-2009       23      0.00054  0.00054  0.50   99022      54   98995  5803844  58.61
2000-2009       24      0.00056  0.00056  0.50   98968      55   98941  5704849  57.64
2000-2009       25      0.00056  0.00056  0.50   98913      55   98885  5605908  56.68
2000-2009       26      0.00058  0.00058  0.50   98858      57   98829  5507023  55.71
2000-2009       27      0.00057  0.00057  0.50   98801      56   98773  5408194  54.74
2000-2009       28      0.00054  0.00054  0.50   98745      54   98718  5309421  53.77
2000-2009       29      0.00064  0.00064  0.50   98691      63   98660  5210703  52.80
2000-2009       30      0.00068  0.00068  0.50   98628      67   98595  5112043  51.83
2000-2009       31      0.00068  0.00068  0.50   98561      67   98528  5013449  50.87
2000-2009       32      0.00070  0.00070  0.50   98494      69   98460  4914921  49.90
2000-2009       33      0.00076  0.00076  0.50   98426      75   98388  4816461  48.93
2000-2009       34      0.00075  0.00075  0.50   98351      74   98314  4718072  47.97
2000-2009       35      0.00076  0.00076  0.50   98277      74   98240  4619759  47.01
2000-2009       36      0.00089  0.00089  0.50   98202      87   98159  4521519  46.04
2000-2009       37      0.00089  0.00089  0.50   98115      87   98072  4423360  45.08
2000-2009       38      0.00096  0.00096  0.50   98028      94   97981  4325288  44.12
2000-2009       39      0.00102  0.00102  0.50   97934     100   97885  4227307  43.16
2000-2009       40      0.00115  0.00115  0.50   97835     113   97778  4129422  42.21
2000-2009       41      0.00121  0.00121  0.50   97722     118   97663  4031644  41.26
2000-2009       42      0.00122  0.00121  0.50   97604     119   97545  3933981  40.31
2000-2009       43      0.00140  0.00140  0.50   97485     136   97417  3836436  39.35
2000-2009       44      0.00149  0.00149  0.50   97349     145   97276  3739019  38.41
2000-2009       45      0.00168  0.00168  0.50   97204     163   97122  3641742  37.46
2000-2009       46      0.00172  0.00172  0.50   97041     167   96957  3544620  36.53
2000-2009       47      0.00194  0.00194  0.50   96874     188   96780  3447663  35.59
2000-2009       48      0.00211  0.00211  0.50   96686     204   96584  3350883  34.66
2000-2009       49      0.00229  0.00229  0.50   96482     221   96372  3254299  33.73
2000-2009       50      0.00250  0.00250  0.50   96261     241   96141  3157927  32.81
2000-2009       51      0.00267  0.00267  0.50   96021     256   95892  3061786  31.89
2000-2009       52      0.00284  0.00284  0.50   95764     272   95629  2965894  30.97
2000-2009       53      0.00322  0.00321  0.50   95493     307   95339  2870265  30.06
2000-2009       54      0.00347  0.00347  0.50   95186     330   95021  2774926  29.15
2000-2009       55      0.00370  0.00370  0.50   94856     351   94681  2679905  28.25
2000-2009       56      0.00402  0.00401  0.50   94505     379   94316  2585224  27.36
2000-2009       57      0.00453  0.00452  0.50   94126     425   93914  2490909  26.46
2000-2009       58      0.00501  0.00500  0.50   93701     468   93467  2396995  25.58
2000-2009       59      0.00561  0.00559  0.50   93233     521   92972  2303528  24.71
2000-2009       60      0.00620  0.00618  0.50   92712     573   92425  2210555  23.84
2000-2009       61      0.00651  0.00649  0.50   92139     598   91840  2118130  22.99
2000-2009       62      0.00742  0.00739  0.50   91541     677   91202  2026291  22.14
2000-2009       63      0.00811  0.00808  0.50   90864     734   90497  1935088  21.30
2000-2009       64      0.00911  0.00907  0.50   90130     817   89721  1844591  20.47
2000-2009       65      0.00968  0.00964  0.50   89313     861   88882  1754870  19.65
2000-2009       66      0.01097  0.01091  0.50   88452     965   87969  1665988  18.83
2000-2009       67      0.01220  0.01212  0.50   87487    1060   86957  1578019  18.04
2000-2009       68      0.01322  0.01313  0.50   86427    1135   85859  1491062  17.25
2000-2009       69      0.01472  0.01462  0.50   85292    1247   84668  1405203  16.48
2000-2009       70      0.01686  0.01672  0.50   84045    1405   83342  1320534  15.71
2000-2009       71      0.01812  0.01796  0.50   82640    1484   81898  1237192  14.97
2000-2009       72      0.02013  0.01993  0.50   81156    1617   80347  1155295  14.24
2000-2009       73      0.02252  0.02227  0.50   79538    1771   78653  1074947  13.51
2000-2009       74      0.02573  0.02541  0.50   77767    1976   76779   996295  12.81
2000-2009       75      0.02847  0.02807  0.50   75791    2127   74728   919516  12.13
2000-2009       76      0.03127  0.03079  0.50   73664    2268   72530   844788  11.47
2000-2009       77      0.03516  0.03455  0.50   71396    2467   70162   772258  10.82
2000-2009       78      0.03836  0.03763  0.50   68929    2594   67632   702096  10.19
2000-2009       79      0.04381  0.04287  0.50   66335    2844   64913   634464   9.56
2000-2009       80      0.04965  0.04844  0.50   63491    3076   61953   569551   8.97
2000-2009       81      0.05551  0.05401  0.50   60415    3263   58784   507598   8.40
2000-2009       82      0.06239  0.06050  0.50   57153    3458   55424   448814   7.85
2000-2009       83      0.07063  0.06822  0.50   53695    3663   51863   393390   7.33
2000-2009       84      0.07952  0.07648  0.50   50032    3826   48119   341527   6.83
2000-2009       85      0.09039  0.08648  0.50   46206    3996   44208   293409   6.35
2000-2009       86      0.10107  0.09621  0.50   42210    4061   40179   249201   5.90
2000-2009       87      0.11348  0.10739  0.50   38149    4097   36100   209022   5.48
2000-2009       88      0.12898  0.12117  0.50   34052    4126   31989   172921   5.08
2000-2009       89      0.14219  0.13275  0.50   29926    3973   27940   140932   4.71
2000-2009       90      0.16180  0.14969  0.50   25953    3885   24011   112993   4.35
2000-2009       91      0.18118  0.16613  0.50   22068    3666   20235    88982   4.03
2000-2009       92      0.20273  0.18407  0.50   18402    3387   16708    68746   3.74
2000-2009       93      0.22124  0.19921  0.50   15015    2991   13519    52038   3.47
2000-2009       94      0.25285  0.22447  0.50   12024    2699   10674    38519   3.20
2000-2009       95      0.27340  0.24052  0.50    9325    2243    8203    27844   2.99
2000-2009       96      0.30124  0.26181  0.50    7082    1854    6155    19641   2.77
2000-2009       97      0.33076  0.28382  0.50    5228    1484    4486    13486   2.58
2000-2009       98      0.36181  0.30638  0.50    3744    1147    3171     9000   2.40
2000-2009       99      0.39420  0.32930  0.50    2597     855    2169     5829   2.24
2000-2009      100      0.42769  0.35235  0.50    1742     614    1435     3660   2.10
2000-2009      101      0.46200  0.37530  0.50    1128     423     916     2225   1.97
2000-2009      102      0.49680  0.39795  0.50     705     280     564     1309   1.86
2000-2009      103      0.53175  0.42007  0.50     424     178     335      744   1.75
2000-2009      104      0.56651  0.44146  0.50     246     109     192      409   1.66
2000-2009      105      0.60073  0.46197  0.50     137      63     106      217   1.58
2000-2009      106      0.63409  0.48145  0.50      74      36      56      112   1.51
2000-2009      107      0.66628  0.49978  0.50      38      19      29       56   1.45
2000-2009      108      0.69707  0.51691  0.50      19      10      14       27   1.40
2000-2009      109      0.72624  0.53278  0.50       9       5       7       13   1.35
2000-2009      110+     0.75364  1.00000  1.33       4       4       6        6   1.33
2010-2016        0      0.00344  0.00343  0.14  100000     343   99706  8256834  82.57
2010-2016        1      0.00024  0.00024  0.50   99657      24   99645  8157128  81.85
2010-2016        2      0.00017  0.00017  0.50   99633      17   99624  8057483  80.87
2010-2016        3      0.00012  0.00012  0.50   99616      12   99609  7957859  79.89
2010-2016        4      0.00007  0.00007  0.50   99603       7   99600  7858249  78.90
2010-2016        5      0.00009  0.00009  0.50   99596       9   99591  7758649  77.90
2010-2016        6      0.00008  0.00008  0.50   99587       8   99583  7659058  76.91
2010-2016        7      0.00008  0.00008  0.50   99579       8   99575  7559475  75.91
2010-2016        8      0.00009  0.00009  0.50   99571       9   99567  7459900  74.92
2010-2016        9      0.00007  0.00007  0.50   99562       7   99559  7360333  73.93
2010-2016       10      0.00007  0.00007  0.50   99556       7   99552  7260774  72.93
2010-2016       11      0.00006  0.00006  0.50   99548       6   99545  7161222  71.94
2010-2016       12      0.00006  0.00006  0.50   99542       6   99539  7061677  70.94
2010-2016       13      0.00010  0.00010  0.50   99537      10   99531  6962138  69.95
2010-2016       14      0.00009  0.00009  0.50   99526       9   99521  6862606  68.95
2010-2016       15      0.00017  0.00017  0.50   99517      17   99508  6763085  67.96
2010-2016       16      0.00021  0.00021  0.50   99499      21   99489  6663577  66.97
2010-2016       17      0.00033  0.00033  0.50   99478      33   99462  6564088  65.99
2010-2016       18      0.00035  0.00035  0.50   99445      35   99428  6464626  65.01
2010-2016       19      0.00035  0.00035  0.50   99411      35   99393  6365198  64.03
2010-2016       20      0.00041  0.00041  0.50   99376      41   99355  6265805  63.05
2010-2016       21      0.00038  0.00038  0.50   99335      38   99316  6166449  62.08
2010-2016       22      0.00038  0.00038  0.50   99297      38   99278  6067133  61.10
2010-2016       23      0.00038  0.00038  0.50   99259      38   99240  5967855  60.12
2010-2016       24      0.00035  0.00035  0.50   99221      35   99204  5868615  59.15
2010-2016       25      0.00039  0.00039  0.50   99186      38   99167  5769412  58.17
2010-2016       26      0.00042  0.00042  0.50   99148      42   99127  5670244  57.19
2010-2016       27      0.00043  0.00043  0.50   99106      43   99085  5571117  56.21
2010-2016       28      0.00042  0.00042  0.50   99063      42   99042  5472033  55.24
2010-2016       29      0.00049  0.00049  0.50   99022      48   98997  5372990  54.26
2010-2016       30      0.00047  0.00047  0.50   98973      46   98950  5273993  53.29
2010-2016       31      0.00053  0.00053  0.50   98927      52   98901  5175043  52.31
2010-2016       32      0.00056  0.00056  0.50   98875      56   98847  5076142  51.34
2010-2016       33      0.00062  0.00062  0.50   98819      61   98789  4977295  50.37
2010-2016       34      0.00065  0.00065  0.50   98758      64   98726  4878506  49.40
2010-2016       35      0.00065  0.00065  0.50   98694      64   98662  4779780  48.43
2010-2016       36      0.00073  0.00073  0.50   98630      72   98594  4681118  47.46
2010-2016       37      0.00076  0.00076  0.50   98558      75   98520  4582524  46.50
2010-2016       38      0.00086  0.00086  0.50   98482      84   98440  4484004  45.53
2010-2016       39      0.00090  0.00090  0.50   98398      88   98354  4385564  44.57
2010-2016       40      0.00098  0.00098  0.50   98310      96   98262  4287210  43.61
2010-2016       41      0.00104  0.00104  0.50   98213     103   98162  4188948  42.65
2010-2016       42      0.00113  0.00113  0.50   98111     111   98056  4090786  41.70
2010-2016       43      0.00131  0.00131  0.50   98000     128   97936  3992730  40.74
2010-2016       44      0.00131  0.00131  0.50   97872     128   97808  3894794  39.79
2010-2016       45      0.00143  0.00143  0.50   97744     140   97674  3796987  38.85
2010-2016       46      0.00157  0.00157  0.50   97604     153   97527  3699313  37.90
2010-2016       47      0.00178  0.00178  0.50   97451     173   97364  3601786  36.96
2010-2016       48      0.00211  0.00211  0.50   97278     205   97175  3504422  36.02
2010-2016       49      0.00213  0.00213  0.50   97073     207   96969  3407247  35.10
2010-2016       50      0.00230  0.00230  0.50   96866     223   96754  3310277  34.17
2010-2016       51      0.00251  0.00251  0.50   96643     242   96522  3213523  33.25
2010-2016       52      0.00275  0.00274  0.50   96401     264   96268  3117001  32.33
2010-2016       53      0.00296  0.00296  0.50   96136     284   95994  3020733  31.42
2010-2016       54      0.00324  0.00324  0.50   95852     310   95697  2924739  30.51
2010-2016       55      0.00365  0.00364  0.50   95542     348   95368  2829042  29.61
2010-2016       56      0.00381  0.00380  0.50   95194     362   95013  2733674  28.72
2010-2016       57      0.00407  0.00406  0.50   94832     385   94639  2638662  27.82
2010-2016       58      0.00444  0.00443  0.50   94446     418   94237  2544022  26.94
2010-2016       59      0.00488  0.00487  0.50   94028     458   93799  2449785  26.05
2010-2016       60      0.00536  0.00535  0.50   93570     500   93320  2355986  25.18
2010-2016       61      0.00575  0.00573  0.50   93070     533   92803  2262665  24.31
2010-2016       62      0.00629  0.00627  0.50   92537     580   92246  2169862  23.45
2010-2016       63      0.00676  0.00674  0.50   91956     620   91647  2077616  22.59
2010-2016       64      0.00756  0.00754  0.50   91337     688   90993  1985969  21.74
2010-2016       65      0.00808  0.00804  0.50   90648     729   90284  1894976  20.90
2010-2016       66      0.00894  0.00890  0.50   89919     800   89519  1804692  20.07
2010-2016       67      0.00984  0.00979  0.50   89119     872   88683  1715173  19.25
2010-2016       68      0.01069  0.01064  0.50   88247     939   87778  1626490  18.43
2010-2016       69      0.01173  0.01166  0.50   87309    1018   86800  1538712  17.62
2010-2016       70      0.01288  0.01279  0.50   86291    1104   85739  1451912  16.83
2010-2016       71      0.01480  0.01469  0.50   85187    1252   84561  1366174  16.04
2010-2016       72      0.01613  0.01600  0.50   83935    1343   83263  1281613  15.27
2010-2016       73      0.01831  0.01814  0.50   82592    1498   81843  1198349  14.51
2010-2016       74      0.02062  0.02041  0.50   81094    1655   80266  1116507  13.77
2010-2016       75      0.02272  0.02246  0.50   79439    1784   78547  1036241  13.04
2010-2016       76      0.02473  0.02443  0.50   77654    1897   76706   957694  12.33
2010-2016       77      0.02879  0.02838  0.50   75758    2150   74683   880988  11.63
2010-2016       78      0.03183  0.03133  0.50   73608    2306   72455   806305  10.95
2010-2016       79      0.03552  0.03490  0.50   71302    2488   70057   733851  10.29
2010-2016       80      0.04071  0.03990  0.50   68813    2746   67440   663793   9.65
2010-2016       81      0.04680  0.04573  0.50   66067    3021   64557   596353   9.03
2010-2016       82      0.05351  0.05212  0.50   63046    3286   61403   531796   8.44
2010-2016       83      0.05988  0.05814  0.50   59760    3475   58023   470393   7.87
2010-2016       84      0.06846  0.06619  0.50   56286    3726   54423   412370   7.33
2010-2016       85      0.07696  0.07411  0.50   52560    3895   50613   357947   6.81
2010-2016       86      0.08828  0.08455  0.50   48665    4114   46608   307334   6.32
2010-2016       87      0.09996  0.09520  0.50   44551    4241   42430   260726   5.85
2010-2016       88      0.11261  0.10660  0.50   40309    4297   38161   218296   5.42
2010-2016       89      0.12855  0.12078  0.50   36012    4350   33837   180135   5.00
2010-2016       90      0.14772  0.13756  0.50   31663    4356   29485   146298   4.62
2010-2016       91      0.16238  0.15019  0.50   27307    4101   25256   116813   4.28
2010-2016       92      0.18176  0.16662  0.50   23206    3867   21273    91557   3.95
2010-2016       93      0.20650  0.18718  0.50   19339    3620   17529    70284   3.63
2010-2016       94      0.23265  0.20841  0.50   15719    3276   14081    52755   3.36
2010-2016       95      0.25648  0.22733  0.50   12443    2829   11029    38674   3.11
2010-2016       96      0.28469  0.24922  0.50    9615    2396    8417    27645   2.88
2010-2016       97      0.31481  0.27200  0.50    7219    1963    6237    19228   2.66
2010-2016       98      0.34672  0.29549  0.50    5255    1553    4479    12991   2.47
2010-2016       99      0.38020  0.31947  0.50    3702    1183    3111     8513   2.30
2010-2016      100      0.41502  0.34370  0.50    2519     866    2087     5402   2.14
2010-2016      101      0.45085  0.36791  0.50    1654     608    1349     3315   2.00
2010-2016      102      0.48733  0.39185  0.50    1045     410     840     1966   1.88
2010-2016      103      0.52409  0.41527  0.50     636     264     504     1125   1.77
2010-2016      104      0.56071  0.43793  0.50     372     163     290      622   1.67
2010-2016      105      0.59680  0.45964  0.50     209      96     161      332   1.59
2010-2016      106      0.63196  0.48022  0.50     113      54      86      171   1.51
2010-2016      107      0.66586  0.49955  0.50      59      29      44       85   1.45
2010-2016      108      0.69821  0.51753  0.50      29      15      22       41   1.39
2010-2016      109      0.72876  0.53413  0.50      14       8      10       19   1.35
2010-2016      110+     0.75734  1.00000  1.32       7       7       9        9   1.32
