NSW, Life tables (period 1x5), Males	Last modified: 02 Jul 2018;  Methods Protocol: v6 (2017)

  Year          Age         mx       qx    ax      lx      dx      Lx       Tx     ex
1971-1974        0      0.02032  0.01996  0.11  100000    1996   98221  6822168  68.22
1971-1974        1      0.00138  0.00138  0.50   98004     135   97937  6723947  68.61
1971-1974        2      0.00089  0.00089  0.50   97869      87   97826  6626010  67.70
1971-1974        3      0.00074  0.00074  0.50   97782      72   97746  6528185  66.76
1971-1974        4      0.00061  0.00061  0.50   97710      60   97680  6430439  65.81
1971-1974        5      0.00056  0.00056  0.50   97650      55   97622  6332759  64.85
1971-1974        6      0.00048  0.00048  0.50   97595      47   97571  6235137  63.89
1971-1974        7      0.00041  0.00041  0.50   97548      40   97528  6137565  62.92
1971-1974        8      0.00040  0.00040  0.50   97508      39   97488  6040037  61.94
1971-1974        9      0.00028  0.00028  0.50   97469      27   97455  5942549  60.97
1971-1974       10      0.00031  0.00031  0.50   97442      30   97427  5845093  59.99
1971-1974       11      0.00035  0.00035  0.50   97411      34   97394  5747667  59.00
1971-1974       12      0.00038  0.00038  0.50   97377      37   97359  5650272  58.02
1971-1974       13      0.00038  0.00038  0.50   97340      37   97322  5552914  57.05
1971-1974       14      0.00050  0.00050  0.50   97303      49   97279  5455592  56.07
1971-1974       15      0.00068  0.00068  0.50   97254      66   97221  5358313  55.10
1971-1974       16      0.00091  0.00091  0.50   97188      88   97144  5261092  54.13
1971-1974       17      0.00150  0.00150  0.50   97100     145   97027  5163949  53.18
1971-1974       18      0.00187  0.00186  0.50   96954     181   96864  5066922  52.26
1971-1974       19      0.00202  0.00201  0.50   96774     195   96676  4970058  51.36
1971-1974       20      0.00206  0.00206  0.50   96579     199   96479  4873382  50.46
1971-1974       21      0.00184  0.00184  0.50   96380     178   96291  4776902  49.56
1971-1974       22      0.00161  0.00161  0.50   96202     155   96125  4680612  48.65
1971-1974       23      0.00137  0.00137  0.50   96047     132   95981  4584487  47.73
1971-1974       24      0.00159  0.00159  0.50   95915     153   95839  4488506  46.80
1971-1974       25      0.00134  0.00134  0.50   95763     128   95699  4392667  45.87
1971-1974       26      0.00135  0.00134  0.50   95635     129   95571  4296968  44.93
1971-1974       27      0.00117  0.00116  0.50   95506     111   95451  4201397  43.99
1971-1974       28      0.00129  0.00129  0.50   95395     123   95333  4105947  43.04
1971-1974       29      0.00145  0.00145  0.50   95272     138   95202  4010613  42.10
1971-1974       30      0.00133  0.00133  0.50   95133     127   95070  3915411  41.16
1971-1974       31      0.00129  0.00129  0.50   95006     122   94945  3820341  40.21
1971-1974       32      0.00159  0.00159  0.50   94884     151   94809  3725396  39.26
1971-1974       33      0.00128  0.00128  0.50   94733     121   94673  3630587  38.32
1971-1974       34      0.00159  0.00159  0.50   94612     150   94537  3535914  37.37
1971-1974       35      0.00177  0.00177  0.50   94462     167   94379  3441377  36.43
1971-1974       36      0.00182  0.00182  0.50   94295     171   94209  3346998  35.49
1971-1974       37      0.00175  0.00175  0.50   94124     165   94041  3252789  34.56
1971-1974       38      0.00256  0.00255  0.50   93959     240   93839  3158747  33.62
1971-1974       39      0.00246  0.00246  0.50   93719     230   93604  3064908  32.70
1971-1974       40      0.00257  0.00257  0.50   93489     240   93369  2971304  31.78
1971-1974       41      0.00314  0.00314  0.50   93249     293   93102  2877935  30.86
1971-1974       42      0.00374  0.00373  0.50   92956     347   92783  2784833  29.96
1971-1974       43      0.00404  0.00403  0.50   92609     374   92422  2692051  29.07
1971-1974       44      0.00430  0.00429  0.50   92235     396   92038  2599628  28.18
1971-1974       45      0.00487  0.00486  0.50   91840     446   91617  2507591  27.30
1971-1974       46      0.00575  0.00574  0.50   91393     524   91131  2415974  26.43
1971-1974       47      0.00612  0.00610  0.50   90869     555   90592  2324843  25.58
1971-1974       48      0.00670  0.00668  0.50   90314     603   90013  2234251  24.74
1971-1974       49      0.00770  0.00767  0.50   89711     688   89367  2144239  23.90
1971-1974       50      0.00828  0.00824  0.50   89023     734   88656  2054872  23.08
1971-1974       51      0.00802  0.00798  0.50   88289     705   87936  1966216  22.27
1971-1974       52      0.00986  0.00981  0.50   87584     859   87154  1878280  21.45
1971-1974       53      0.01095  0.01089  0.50   86724     945   86252  1791125  20.65
1971-1974       54      0.01254  0.01246  0.50   85780    1069   85245  1704873  19.88
1971-1974       55      0.01288  0.01279  0.50   84711    1084   84169  1619628  19.12
1971-1974       56      0.01488  0.01477  0.50   83627    1235   83009  1535459  18.36
1971-1974       57      0.01656  0.01643  0.50   82391    1353   81715  1452450  17.63
1971-1974       58      0.01835  0.01818  0.50   81038    1473   80301  1370736  16.91
1971-1974       59      0.02025  0.02005  0.50   79565    1595   78767  1290434  16.22
1971-1974       60      0.02206  0.02182  0.50   77970    1701   77119  1211667  15.54
1971-1974       61      0.02326  0.02300  0.50   76269    1754   75392  1134548  14.88
1971-1974       62      0.02820  0.02781  0.50   74515    2072   73479  1059156  14.21
1971-1974       63      0.03107  0.03060  0.50   72443    2216   71335   985677  13.61
1971-1974       64      0.03299  0.03246  0.50   70226    2279   69087   914342  13.02
1971-1974       65      0.03639  0.03574  0.50   67947    2428   66733   845255  12.44
1971-1974       66      0.03583  0.03520  0.50   65519    2306   64366   778522  11.88
1971-1974       67      0.04136  0.04052  0.50   63213    2561   61932   714157  11.30
1971-1974       68      0.04346  0.04254  0.50   60651    2580   59361   652225  10.75
1971-1974       69      0.04881  0.04765  0.50   58071    2767   56688   592864  10.21
1971-1974       70      0.05075  0.04950  0.50   55304    2737   53936   536176   9.69
1971-1974       71      0.05832  0.05667  0.50   52567    2979   51078   482240   9.17
1971-1974       72      0.06823  0.06598  0.50   49588    3272   47952   431163   8.69
1971-1974       73      0.07091  0.06848  0.50   46316    3172   44730   383210   8.27
1971-1974       74      0.07407  0.07143  0.50   43144    3082   41604   338480   7.85
1971-1974       75      0.08379  0.08042  0.50   40063    3222   38452   296876   7.41
1971-1974       76      0.09365  0.08946  0.50   36841    3296   35193   258425   7.01
1971-1974       77      0.09425  0.09000  0.50   33545    3019   32035   223232   6.65
1971-1974       78      0.11341  0.10733  0.50   30526    3276   28888   191196   6.26
1971-1974       79      0.11998  0.11319  0.50   27250    3084   25707   162309   5.96
1971-1974       80      0.12074  0.11386  0.50   24165    2752   22789   136601   5.65
1971-1974       81      0.12349  0.11631  0.50   21414    2491   20168   113812   5.31
1971-1974       82      0.14887  0.13855  0.50   18923    2622   17612    93644   4.95
1971-1974       83      0.16189  0.14977  0.50   16301    2441   15080    76032   4.66
1971-1974       84      0.18023  0.16534  0.50   13860    2292   12714    60951   4.40
1971-1974       85      0.18400  0.16850  0.50   11568    1949   10594    48237   4.17
1971-1974       86      0.21339  0.19282  0.50    9619    1855    8692    37644   3.91
1971-1974       87      0.21684  0.19563  0.50    7764    1519    7005    28952   3.73
1971-1974       88      0.22970  0.20603  0.50    6245    1287    5602    21947   3.51
1971-1974       89      0.25445  0.22573  0.50    4959    1119    4399    16345   3.30
1971-1974       90      0.27375  0.24079  0.50    3839     924    3377    11946   3.11
1971-1974       91      0.26102  0.23089  0.50    2915     673    2578     8569   2.94
1971-1974       92      0.33865  0.28961  0.50    2242     649    1917     5991   2.67
1971-1974       93      0.33956  0.29027  0.50    1593     462    1361     4074   2.56
1971-1974       94      0.39967  0.33310  0.50    1130     376     942     2712   2.40
1971-1974       95      0.38562  0.32329  0.50     754     244     632     1770   2.35
1971-1974       96      0.40975  0.34008  0.50     510     173     423     1138   2.23
1971-1974       97      0.43433  0.35684  0.50     337     120     277      715   2.12
1971-1974       98      0.45923  0.37347  0.50     217      81     176      438   2.03
1971-1974       99      0.48433  0.38991  0.50     136      53     109      262   1.93
1971-1974      100      0.50952  0.40607  0.50      83      34      66      153   1.85
1971-1974      101      0.53466  0.42188  0.50      49      21      39       87   1.77
1971-1974      102      0.55962  0.43727  0.50      28      12      22       48   1.70
1971-1974      103      0.58429  0.45218  0.50      16       7      12       26   1.64
1971-1974      104      0.60854  0.46657  0.50       9       4       7       14   1.58
1971-1974      105      0.63226  0.48039  0.50       5       2       4        7   1.53
1971-1974      106      0.65536  0.49361  0.50       2       1       2        4   1.48
1971-1974      107      0.67775  0.50621  0.50       1       1       1        2   1.44
1971-1974      108      0.69936  0.51816  0.50       1       0       0        1   1.40
1971-1974      109      0.72011  0.52947  0.50       0       0       0        0   1.37
1971-1974      110+     0.73996  1.00000  1.35       0       0       0        0   1.35
1975-1979        0      0.01559  0.01537  0.12  100000    1537   98644  6979335  69.79
1975-1979        1      0.00107  0.00107  0.50   98463     105   98410  6880691  69.88
1975-1979        2      0.00067  0.00067  0.50   98358      66   98324  6782281  68.96
1975-1979        3      0.00057  0.00057  0.50   98291      56   98263  6683956  68.00
1975-1979        4      0.00048  0.00048  0.50   98235      47   98212  6585693  67.04
1975-1979        5      0.00038  0.00038  0.50   98188      37   98170  6487481  66.07
1975-1979        6      0.00036  0.00036  0.50   98151      36   98133  6389312  65.10
1975-1979        7      0.00032  0.00032  0.50   98115      32   98099  6291179  64.12
1975-1979        8      0.00031  0.00031  0.50   98084      30   98068  6193079  63.14
1975-1979        9      0.00027  0.00027  0.50   98053      26   98040  6095011  62.16
1975-1979       10      0.00030  0.00030  0.50   98027      29   98013  5996971  61.18
1975-1979       11      0.00037  0.00037  0.50   97998      37   97980  5898958  60.19
1975-1979       12      0.00036  0.00036  0.50   97961      35   97944  5800979  59.22
1975-1979       13      0.00039  0.00038  0.50   97926      38   97907  5703035  58.24
1975-1979       14      0.00050  0.00050  0.50   97888      49   97864  5605128  57.26
1975-1979       15      0.00059  0.00059  0.50   97839      58   97810  5507264  56.29
1975-1979       16      0.00101  0.00101  0.50   97782      99   97732  5409454  55.32
1975-1979       17      0.00150  0.00150  0.50   97683     147   97609  5311721  54.38
1975-1979       18      0.00183  0.00183  0.50   97536     178   97447  5214112  53.46
1975-1979       19      0.00203  0.00203  0.50   97358     198   97259  5116665  52.56
1975-1979       20      0.00198  0.00198  0.50   97160     192   97064  5019407  51.66
1975-1979       21      0.00188  0.00187  0.50   96967     182   96877  4922343  50.76
1975-1979       22      0.00164  0.00164  0.50   96786     159   96706  4825466  49.86
1975-1979       23      0.00167  0.00167  0.50   96627     161   96547  4728760  48.94
1975-1979       24      0.00147  0.00147  0.50   96466     142   96395  4632213  48.02
1975-1979       25      0.00136  0.00135  0.50   96324     131   96259  4535818  47.09
1975-1979       26      0.00139  0.00138  0.50   96193     133   96127  4439560  46.15
1975-1979       27      0.00138  0.00138  0.50   96060     132   95994  4343433  45.22
1975-1979       28      0.00128  0.00128  0.50   95928     123   95867  4247439  44.28
1975-1979       29      0.00120  0.00120  0.50   95805     115   95748  4151572  43.33
1975-1979       30      0.00119  0.00119  0.50   95691     114   95633  4055824  42.38
1975-1979       31      0.00115  0.00115  0.50   95576     110   95521  3960191  41.43
1975-1979       32      0.00138  0.00138  0.50   95466     132   95400  3864670  40.48
1975-1979       33      0.00140  0.00140  0.50   95334     134   95267  3769270  39.54
1975-1979       34      0.00135  0.00135  0.50   95200     128   95136  3674002  38.59
1975-1979       35      0.00157  0.00157  0.50   95072     149   94997  3578866  37.64
1975-1979       36      0.00174  0.00174  0.50   94923     165   94840  3483869  36.70
1975-1979       37      0.00197  0.00197  0.50   94758     186   94665  3389028  35.77
1975-1979       38      0.00211  0.00210  0.50   94572     199   94472  3294364  34.83
1975-1979       39      0.00225  0.00225  0.50   94373     212   94267  3199891  33.91
1975-1979       40      0.00219  0.00218  0.50   94161     206   94058  3105624  32.98
1975-1979       41      0.00282  0.00281  0.50   93955     264   93823  3011567  32.05
1975-1979       42      0.00326  0.00326  0.50   93691     305   93538  2917744  31.14
1975-1979       43      0.00388  0.00387  0.50   93386     362   93205  2824205  30.24
1975-1979       44      0.00400  0.00399  0.50   93024     371   92838  2731001  29.36
1975-1979       45      0.00419  0.00418  0.50   92653     387   92459  2638162  28.47
1975-1979       46      0.00497  0.00495  0.50   92266     457   92037  2545703  27.59
1975-1979       47      0.00579  0.00577  0.50   91808     530   91543  2453666  26.73
1975-1979       48      0.00596  0.00595  0.50   91279     543   91007  2362123  25.88
1975-1979       49      0.00724  0.00721  0.50   90736     654   90409  2271116  25.03
1975-1979       50      0.00715  0.00713  0.50   90081     642   89760  2180707  24.21
1975-1979       51      0.00785  0.00782  0.50   89439     700   89089  2090947  23.38
1975-1979       52      0.00923  0.00918  0.50   88739     815   88332  2001858  22.56
1975-1979       53      0.01040  0.01034  0.50   87925     909   87470  1913526  21.76
1975-1979       54      0.01152  0.01145  0.50   87015     996   86517  1826056  20.99
1975-1979       55      0.01197  0.01190  0.50   86019    1024   85507  1739538  20.22
1975-1979       56      0.01338  0.01329  0.50   84995    1129   84430  1654031  19.46
1975-1979       57      0.01415  0.01405  0.50   83866    1178   83277  1569601  18.72
1975-1979       58      0.01553  0.01541  0.50   82687    1274   82050  1486324  17.98
1975-1979       59      0.01774  0.01758  0.50   81413    1432   80697  1404274  17.25
1975-1979       60      0.01892  0.01874  0.50   79982    1499   79232  1323577  16.55
1975-1979       61      0.01959  0.01940  0.50   78483    1523   77721  1244345  15.86
1975-1979       62      0.02411  0.02382  0.50   76960    1834   76043  1166623  15.16
1975-1979       63      0.02616  0.02583  0.50   75127    1940   74156  1090580  14.52
1975-1979       64      0.02842  0.02802  0.50   73186    2051   72161  1016424  13.89
1975-1979       65      0.03065  0.03018  0.50   71135    2147   70062   944263  13.27
1975-1979       66      0.03138  0.03090  0.50   68988    2132   67923   874201  12.67
1975-1979       67      0.03656  0.03591  0.50   66857    2401   65657   806278  12.06
1975-1979       68      0.03990  0.03912  0.50   64456    2522   63195   740622  11.49
1975-1979       69      0.04418  0.04322  0.50   61935    2677   60596   677426  10.94
1975-1979       70      0.04719  0.04610  0.50   59258    2732   57892   616830  10.41
1975-1979       71      0.05007  0.04884  0.50   56526    2761   55145   558939   9.89
1975-1979       72      0.05635  0.05480  0.50   53765    2946   52292   503793   9.37
1975-1979       73      0.06127  0.05945  0.50   50819    3021   49308   451501   8.88
1975-1979       74      0.06978  0.06742  0.50   47797    3223   46186   402193   8.41
1975-1979       75      0.07457  0.07189  0.50   44575    3205   42972   356007   7.99
1975-1979       76      0.07908  0.07607  0.50   41370    3147   39797   313035   7.57
1975-1979       77      0.08580  0.08227  0.50   38223    3145   36651   273238   7.15
1975-1979       78      0.09518  0.09086  0.50   35079    3187   33485   236587   6.74
1975-1979       79      0.10052  0.09571  0.50   31891    3052   30365   203102   6.37
1975-1979       80      0.11381  0.10768  0.50   28839    3105   27286   172737   5.99
1975-1979       81      0.11617  0.10979  0.50   25734    2825   24321   145451   5.65
1975-1979       82      0.13427  0.12583  0.50   22908    2882   21467   121130   5.29
1975-1979       83      0.14520  0.13538  0.50   20026    2711   18670    99663   4.98
1975-1979       84      0.16652  0.15372  0.50   17315    2662   15984    80993   4.68
1975-1979       85      0.16864  0.15553  0.50   14653    2279   13514    65009   4.44
1975-1979       86      0.19799  0.18015  0.50   12374    2229   11260    51495   4.16
1975-1979       87      0.20299  0.18428  0.50   10145    1870    9210    40235   3.97
1975-1979       88      0.20556  0.18640  0.50    8275    1543    7504    31025   3.75
1975-1979       89      0.24836  0.22092  0.50    6733    1487    5989    23521   3.49
1975-1979       90      0.25946  0.22966  0.50    5245    1205    4643    17532   3.34
1975-1979       91      0.23820  0.21285  0.50    4041     860    3611    12889   3.19
1975-1979       92      0.27882  0.24470  0.50    3181     778    2792     9278   2.92
1975-1979       93      0.34532  0.29448  0.50    2402     707    2049     6486   2.70
1975-1979       94      0.34455  0.29391  0.50    1695     498    1446     4438   2.62
1975-1979       95      0.35843  0.30395  0.50    1197     364    1015     2992   2.50
1975-1979       96      0.38148  0.32037  0.50     833     267     700     1977   2.37
1975-1979       97      0.40508  0.33686  0.50     566     191     471     1277   2.26
1975-1979       98      0.42913  0.35332  0.50     375     133     309      807   2.15
1975-1979       99      0.45352  0.36969  0.50     243      90     198      498   2.05
1975-1979      100      0.47814  0.38588  0.50     153      59     124      300   1.96
1975-1979      101      0.50286  0.40183  0.50      94      38      75      176   1.87
1975-1979      102      0.52757  0.41745  0.50      56      23      44      101   1.80
1975-1979      103      0.55214  0.43269  0.50      33      14      26       57   1.73
1975-1979      104      0.57646  0.44748  0.50      19       8      14       31   1.66
1975-1979      105      0.60041  0.46178  0.50      10       5       8       16   1.60
1975-1979      106      0.62390  0.47555  0.50       6       3       4        9   1.55
1975-1979      107      0.64682  0.48875  0.50       3       1       2        4   1.50
1975-1979      108      0.66908  0.50135  0.50       1       1       1        2   1.46
1975-1979      109      0.69061  0.51335  0.50       1       0       1        1   1.43
1975-1979      110+     0.71134  1.00000  1.41       0       0       1        1   1.41
1980-1984        0      0.01143  0.01132  0.13  100000    1132   99011  7153613  71.54
1980-1984        1      0.00086  0.00086  0.50   98868      85   98826  7054602  71.35
1980-1984        2      0.00063  0.00063  0.50   98783      62   98752  6955777  70.41
1980-1984        3      0.00050  0.00050  0.50   98721      50   98696  6857024  69.46
1980-1984        4      0.00036  0.00036  0.50   98672      36   98654  6758328  68.49
1980-1984        5      0.00035  0.00035  0.50   98636      35   98619  6659674  67.52
1980-1984        6      0.00036  0.00036  0.50   98601      36   98583  6561056  66.54
1980-1984        7      0.00031  0.00031  0.50   98566      30   98550  6462473  65.57
1980-1984        8      0.00031  0.00031  0.50   98535      30   98520  6363922  64.59
1980-1984        9      0.00025  0.00025  0.50   98505      25   98493  6265402  63.60
1980-1984       10      0.00029  0.00029  0.50   98480      29   98466  6166909  62.62
1980-1984       11      0.00020  0.00020  0.50   98452      20   98442  6068443  61.64
1980-1984       12      0.00025  0.00025  0.50   98432      25   98419  5970001  60.65
1980-1984       13      0.00029  0.00029  0.50   98407      29   98392  5871582  59.67
1980-1984       14      0.00035  0.00035  0.50   98378      34   98361  5773190  58.68
1980-1984       15      0.00051  0.00051  0.50   98343      51   98318  5674830  57.70
1980-1984       16      0.00082  0.00082  0.50   98293      81   98252  5576511  56.73
1980-1984       17      0.00154  0.00154  0.50   98212     151   98136  5478259  55.78
1980-1984       18      0.00166  0.00166  0.50   98061     163   97979  5380123  54.87
1980-1984       19      0.00160  0.00159  0.50   97898     156   97820  5282143  53.96
1980-1984       20      0.00173  0.00173  0.50   97742     169   97657  5184323  53.04
1980-1984       21      0.00161  0.00161  0.50   97573     157   97494  5086666  52.13
1980-1984       22      0.00164  0.00164  0.50   97416     160   97336  4989171  51.22
1980-1984       23      0.00150  0.00150  0.50   97256     146   97183  4891835  50.30
1980-1984       24      0.00144  0.00144  0.50   97110     139   97040  4794652  49.37
1980-1984       25      0.00143  0.00143  0.50   96971     139   96901  4697612  48.44
1980-1984       26      0.00149  0.00149  0.50   96832     144   96760  4600711  47.51
1980-1984       27      0.00135  0.00135  0.50   96687     130   96622  4503951  46.58
1980-1984       28      0.00138  0.00138  0.50   96557     133   96490  4407329  45.64
1980-1984       29      0.00121  0.00121  0.50   96424     117   96365  4310839  44.71
1980-1984       30      0.00117  0.00117  0.50   96307     113   96251  4214473  43.76
1980-1984       31      0.00111  0.00111  0.50   96194     107   96141  4118223  42.81
1980-1984       32      0.00118  0.00118  0.50   96087     113   96030  4022082  41.86
1980-1984       33      0.00128  0.00128  0.50   95974     122   95912  3926052  40.91
1980-1984       34      0.00119  0.00119  0.50   95851     114   95794  3830139  39.96
1980-1984       35      0.00130  0.00130  0.50   95737     124   95675  3734345  39.01
1980-1984       36      0.00134  0.00134  0.50   95612     128   95549  3638671  38.06
1980-1984       37      0.00153  0.00153  0.50   95485     146   95412  3543122  37.11
1980-1984       38      0.00163  0.00163  0.50   95339     155   95261  3447710  36.16
1980-1984       39      0.00190  0.00190  0.50   95184     181   95093  3352449  35.22
1980-1984       40      0.00193  0.00193  0.50   95003     183   94911  3257356  34.29
1980-1984       41      0.00194  0.00194  0.50   94820     184   94728  3162444  33.35
1980-1984       42      0.00245  0.00245  0.50   94636     232   94520  3067716  32.42
1980-1984       43      0.00286  0.00285  0.50   94404     269   94270  2973196  31.49
1980-1984       44      0.00289  0.00288  0.50   94135     271   93999  2878927  30.58
1980-1984       45      0.00327  0.00327  0.50   93864     307   93710  2784927  29.67
1980-1984       46      0.00417  0.00416  0.50   93557     389   93362  2691217  28.77
1980-1984       47      0.00424  0.00423  0.50   93168     394   92970  2597855  27.88
1980-1984       48      0.00478  0.00476  0.50   92773     442   92552  2504884  27.00
1980-1984       49      0.00576  0.00574  0.50   92331     530   92066  2412332  26.13
1980-1984       50      0.00648  0.00646  0.50   91801     593   91504  2320266  25.27
1980-1984       51      0.00682  0.00680  0.50   91208     620   90898  2228761  24.44
1980-1984       52      0.00777  0.00774  0.50   90588     701   90237  2137864  23.60
1980-1984       53      0.00836  0.00832  0.50   89887     748   89513  2047626  22.78
1980-1984       54      0.00920  0.00916  0.50   89139     816   88730  1958113  21.97
1980-1984       55      0.00968  0.00963  0.50   88322     851   87897  1869383  21.17
1980-1984       56      0.01151  0.01144  0.50   87472    1001   86971  1781486  20.37
1980-1984       57      0.01218  0.01211  0.50   86471    1047   85947  1694515  19.60
1980-1984       58      0.01399  0.01389  0.50   85424    1187   84830  1608567  18.83
1980-1984       59      0.01574  0.01561  0.50   84237    1315   83579  1523737  18.09
1980-1984       60      0.01558  0.01546  0.50   82922    1282   82281  1440158  17.37
1980-1984       61      0.01692  0.01678  0.50   81640    1370   80955  1357877  16.63
1980-1984       62      0.02033  0.02012  0.50   80270    1615   79462  1276922  15.91
1980-1984       63      0.02176  0.02152  0.50   78655    1693   77808  1197460  15.22
1980-1984       64      0.02448  0.02418  0.50   76962    1861   76031  1119651  14.55
1980-1984       65      0.02822  0.02783  0.50   75101    2090   74056  1043620  13.90
1980-1984       66      0.02876  0.02835  0.50   73011    2070   71976   969564  13.28
1980-1984       67      0.03288  0.03234  0.50   70941    2294   69793   897589  12.65
1980-1984       68      0.03416  0.03359  0.50   68646    2306   67493   827795  12.06
1980-1984       69      0.03940  0.03864  0.50   66340    2563   65059   760302  11.46
1980-1984       70      0.04150  0.04066  0.50   63777    2593   62480   695243  10.90
1980-1984       71      0.04532  0.04431  0.50   61184    2711   59828   632763  10.34
1980-1984       72      0.05299  0.05162  0.50   58473    3019   56963   572935   9.80
1980-1984       73      0.05679  0.05523  0.50   55454    3063   53923   515971   9.30
1980-1984       74      0.06174  0.05989  0.50   52392    3138   50823   462049   8.82
1980-1984       75      0.06718  0.06500  0.50   49254    3201   47653   411226   8.35
1980-1984       76      0.07297  0.07040  0.50   46052    3242   44431   363573   7.89
1980-1984       77      0.07932  0.07630  0.50   42810    3266   41177   319142   7.45
1980-1984       78      0.08786  0.08416  0.50   39544    3328   37880   277965   7.03
1980-1984       79      0.09798  0.09340  0.50   36216    3383   34524   240085   6.63
1980-1984       80      0.10546  0.10018  0.50   32833    3289   31189   205560   6.26
1980-1984       81      0.10826  0.10270  0.50   29544    3034   28027   174372   5.90
1980-1984       82      0.12462  0.11731  0.50   26510    3110   24955   146345   5.52
1980-1984       83      0.13938  0.13030  0.50   23400    3049   21875   121390   5.19
1980-1984       84      0.15315  0.14226  0.50   20351    2895   18903    99515   4.89
1980-1984       85      0.16633  0.15356  0.50   17456    2681   16115    80612   4.62
1980-1984       86      0.16891  0.15575  0.50   14775    2301   13624    64497   4.37
1980-1984       87      0.18715  0.17113  0.50   12474    2135   11407    50872   4.08
1980-1984       88      0.20271  0.18406  0.50   10339    1903    9388    39466   3.82
1980-1984       89      0.23271  0.20846  0.50    8436    1759    7557    30078   3.57
1980-1984       90      0.23839  0.21300  0.50    6678    1422    5966    22521   3.37
1980-1984       91      0.27456  0.24142  0.50    5255    1269    4621    16555   3.15
1980-1984       92      0.28214  0.24726  0.50    3986     986    3494    11934   2.99
1980-1984       93      0.31556  0.27256  0.50    3001     818    2592     8440   2.81
1980-1984       94      0.31982  0.27573  0.50    2183     602    1882     5848   2.68
1980-1984       95      0.35492  0.30143  0.50    1581     477    1343     3966   2.51
1980-1984       96      0.37915  0.31873  0.50    1104     352     928     2623   2.38
1980-1984       97      0.40400  0.33611  0.50     752     253     626     1695   2.25
1980-1984       98      0.42935  0.35347  0.50     500     177     411     1069   2.14
1980-1984       99      0.45508  0.37072  0.50     323     120     263      658   2.04
1980-1984      100      0.48104  0.38778  0.50     203      79     164      395   1.94
1980-1984      101      0.50712  0.40454  0.50     124      50      99      231   1.86
1980-1984      102      0.53315  0.42094  0.50      74      31      58      132   1.78
1980-1984      103      0.55900  0.43689  0.50      43      19      34       73   1.70
1980-1984      104      0.58454  0.45233  0.50      24      11      19       40   1.64
1980-1984      105      0.60963  0.46722  0.50      13       6      10       21   1.58
1980-1984      106      0.63415  0.48149  0.50       7       3       5       11   1.53
1980-1984      107      0.65800  0.49511  0.50       4       2       3        5   1.48
1980-1984      108      0.68108  0.50806  0.50       2       1       1        3   1.44
1980-1984      109      0.70330  0.52033  0.50       1       0       1        1   1.40
1980-1984      110+     0.72459  1.00000  1.38       0       0       1        1   1.38
1985-1989        0      0.01021  0.01012  0.13  100000    1012   99118  7257779  72.58
1985-1989        1      0.00060  0.00060  0.50   98988      59   98958  7158661  72.32
1985-1989        2      0.00047  0.00047  0.50   98928      46   98905  7059704  71.36
1985-1989        3      0.00045  0.00045  0.50   98882      44   98860  6960799  70.40
1985-1989        4      0.00033  0.00033  0.50   98838      33   98821  6861939  69.43
1985-1989        5      0.00029  0.00029  0.50   98805      29   98791  6763118  68.45
1985-1989        6      0.00024  0.00024  0.50   98776      23   98765  6664327  67.47
1985-1989        7      0.00020  0.00020  0.50   98753      19   98743  6565563  66.48
1985-1989        8      0.00029  0.00029  0.50   98734      28   98719  6466819  65.50
1985-1989        9      0.00017  0.00017  0.50   98705      17   98697  6368100  64.52
1985-1989       10      0.00026  0.00026  0.50   98689      26   98676  6269403  63.53
1985-1989       11      0.00026  0.00026  0.50   98663      26   98650  6170727  62.54
1985-1989       12      0.00026  0.00026  0.50   98637      26   98624  6072077  61.56
1985-1989       13      0.00032  0.00032  0.50   98611      32   98595  5973454  60.58
1985-1989       14      0.00038  0.00038  0.50   98579      37   98561  5874858  59.60
1985-1989       15      0.00047  0.00047  0.50   98542      46   98519  5776298  58.62
1985-1989       16      0.00071  0.00071  0.50   98496      70   98461  5677779  57.64
1985-1989       17      0.00105  0.00105  0.50   98426     104   98374  5579318  56.69
1985-1989       18      0.00150  0.00150  0.50   98322     148   98248  5480944  55.74
1985-1989       19      0.00147  0.00147  0.50   98174     144   98102  5382696  54.83
1985-1989       20      0.00170  0.00170  0.50   98030     167   97947  5284593  53.91
1985-1989       21      0.00154  0.00154  0.50   97864     151   97788  5186646  53.00
1985-1989       22      0.00160  0.00160  0.50   97713     156   97635  5088858  52.08
1985-1989       23      0.00142  0.00142  0.50   97557     138   97488  4991223  51.16
1985-1989       24      0.00166  0.00166  0.50   97418     161   97338  4893735  50.23
1985-1989       25      0.00150  0.00150  0.50   97257     146   97184  4796398  49.32
1985-1989       26      0.00138  0.00138  0.50   97111     134   97044  4699214  48.39
1985-1989       27      0.00144  0.00143  0.50   96977     139   96907  4602170  47.46
1985-1989       28      0.00132  0.00132  0.50   96838     128   96774  4505262  46.52
1985-1989       29      0.00139  0.00139  0.50   96710     135   96643  4408488  45.58
1985-1989       30      0.00132  0.00132  0.50   96576     128   96512  4311845  44.65
1985-1989       31      0.00134  0.00134  0.50   96448     129   96384  4215333  43.71
1985-1989       32      0.00135  0.00135  0.50   96319     130   96254  4118950  42.76
1985-1989       33      0.00148  0.00148  0.50   96189     142   96118  4022696  41.82
1985-1989       34      0.00133  0.00133  0.50   96046     127   95983  3926578  40.88
1985-1989       35      0.00153  0.00153  0.50   95919     147   95845  3830595  39.94
1985-1989       36      0.00135  0.00135  0.50   95772     130   95707  3734750  39.00
1985-1989       37      0.00158  0.00158  0.50   95642     151   95567  3639043  38.05
1985-1989       38      0.00158  0.00158  0.50   95491     151   95416  3543476  37.11
1985-1989       39      0.00184  0.00184  0.50   95340     176   95252  3448060  36.17
1985-1989       40      0.00187  0.00187  0.50   95164     178   95075  3352808  35.23
1985-1989       41      0.00201  0.00201  0.50   94986     191   94891  3257733  34.30
1985-1989       42      0.00221  0.00221  0.50   94796     210   94691  3162841  33.36
1985-1989       43      0.00257  0.00257  0.50   94586     243   94465  3068150  32.44
1985-1989       44      0.00265  0.00265  0.50   94344     250   94219  2973685  31.52
1985-1989       45      0.00256  0.00255  0.50   94094     240   93974  2879467  30.60
1985-1989       46      0.00335  0.00334  0.50   93853     314   93697  2785493  29.68
1985-1989       47      0.00358  0.00358  0.50   93540     335   93372  2691797  28.78
1985-1989       48      0.00407  0.00406  0.50   93205     378   93016  2598424  27.88
1985-1989       49      0.00426  0.00425  0.50   92827     395   92629  2505408  26.99
1985-1989       50      0.00524  0.00523  0.50   92432     483   92190  2412779  26.10
1985-1989       51      0.00530  0.00528  0.50   91949     486   91706  2320589  25.24
1985-1989       52      0.00621  0.00619  0.50   91463     566   91180  2228883  24.37
1985-1989       53      0.00747  0.00744  0.50   90897     676   90558  2137703  23.52
1985-1989       54      0.00784  0.00781  0.50   90220     705   89868  2047145  22.69
1985-1989       55      0.00863  0.00859  0.50   89515     769   89131  1957277  21.87
1985-1989       56      0.00955  0.00951  0.50   88746     844   88324  1868146  21.05
1985-1989       57      0.01142  0.01135  0.50   87902     998   87404  1779821  20.25
1985-1989       58      0.01271  0.01263  0.50   86905    1097   86356  1692418  19.47
1985-1989       59      0.01361  0.01352  0.50   85807    1160   85227  1606062  18.72
1985-1989       60      0.01481  0.01470  0.50   84648    1244   84026  1520835  17.97
1985-1989       61      0.01552  0.01540  0.50   83403    1284   82761  1436809  17.23
1985-1989       62      0.01801  0.01785  0.50   82119    1466   81386  1354048  16.49
1985-1989       63      0.01999  0.01979  0.50   80653    1597   79855  1272661  15.78
1985-1989       64      0.02207  0.02183  0.50   79057    1726   78194  1192806  15.09
1985-1989       65      0.02388  0.02360  0.50   77331    1825   76418  1114612  14.41
1985-1989       66      0.02578  0.02545  0.50   75506    1921   74545  1038194  13.75
1985-1989       67      0.02871  0.02830  0.50   73584    2082   72543   963649  13.10
1985-1989       68      0.03158  0.03109  0.50   71502    2223   70390   891105  12.46
1985-1989       69      0.03545  0.03484  0.50   69279    2413   68072   820715  11.85
1985-1989       70      0.03862  0.03789  0.50   66865    2533   65599   752643  11.26
1985-1989       71      0.04233  0.04145  0.50   64332    2667   62999   687044  10.68
1985-1989       72      0.04742  0.04633  0.50   61665    2857   60237   624045  10.12
1985-1989       73      0.05157  0.05027  0.50   58809    2957   57330   563808   9.59
1985-1989       74      0.05761  0.05600  0.50   55852    3128   54288   506478   9.07
1985-1989       75      0.06145  0.05962  0.50   52725    3143   51153   452190   8.58
1985-1989       76      0.06780  0.06558  0.50   49581    3251   47956   401037   8.09
1985-1989       77      0.07292  0.07036  0.50   46330    3260   44700   353081   7.62
1985-1989       78      0.08494  0.08148  0.50   43070    3509   41316   308381   7.16
1985-1989       79      0.09296  0.08883  0.50   39561    3514   37804   267065   6.75
1985-1989       80      0.10155  0.09664  0.50   36047    3484   34305   229261   6.36
1985-1989       81      0.10569  0.10039  0.50   32563    3269   30929   194956   5.99
1985-1989       82      0.12162  0.11465  0.50   29294    3359   27615   164027   5.60
1985-1989       83      0.13233  0.12412  0.50   25936    3219   24326   136412   5.26
1985-1989       84      0.14396  0.13429  0.50   22717    3051   21191   112086   4.93
1985-1989       85      0.16074  0.14878  0.50   19666    2926   18203    90895   4.62
1985-1989       86      0.18105  0.16602  0.50   16740    2779   15350    72692   4.34
1985-1989       87      0.19173  0.17496  0.50   13961    2443   12740    57341   4.11
1985-1989       88      0.21165  0.19140  0.50   11518    2205   10416    44602   3.87
1985-1989       89      0.21974  0.19799  0.50    9314    1844    8392    34186   3.67
1985-1989       90      0.23708  0.21196  0.50    7470    1583    6678    25794   3.45
1985-1989       91      0.25224  0.22399  0.50    5886    1319    5227    19116   3.25
1985-1989       92      0.28736  0.25126  0.50    4568    1148    3994    13889   3.04
1985-1989       93      0.28716  0.25111  0.50    3420     859    2991     9895   2.89
1985-1989       94      0.31695  0.27359  0.50    2561     701    2211     6904   2.70
1985-1989       95      0.35204  0.29935  0.50    1861     557    1582     4693   2.52
1985-1989       96      0.37651  0.31686  0.50    1304     413    1097     3111   2.39
1985-1989       97      0.40163  0.33447  0.50     891     298     742     2014   2.26
1985-1989       98      0.42728  0.35207  0.50     593     209     488     1272   2.15
1985-1989       99      0.45333  0.36956  0.50     384     142     313      784   2.04
1985-1989      100      0.47964  0.38686  0.50     242      94     195      471   1.95
1985-1989      101      0.50606  0.40387  0.50     148      60     118      276   1.86
1985-1989      102      0.53244  0.42050  0.50      88      37      70      157   1.78
1985-1989      103      0.55865  0.43667  0.50      51      22      40       87   1.70
1985-1989      104      0.58453  0.45233  0.50      29      13      22       47   1.64
1985-1989      105      0.60995  0.46741  0.50      16       7      12       25   1.58
1985-1989      106      0.63479  0.48185  0.50       8       4       6       13   1.52
1985-1989      107      0.65894  0.49564  0.50       4       2       3        6   1.47
1985-1989      108      0.68228  0.50873  0.50       2       1       2        3   1.43
1985-1989      109      0.70475  0.52112  0.50       1       1       1        2   1.40
1985-1989      110+     0.72626  1.00000  1.38       1       1       1        1   1.38
1990-1994        0      0.00802  0.00797  0.13  100000     797   99309  7430364  74.30
1990-1994        1      0.00066  0.00066  0.50   99203      66   99170  7331055  73.90
1990-1994        2      0.00044  0.00044  0.50   99138      43   99116  7231885  72.95
1990-1994        3      0.00034  0.00034  0.50   99094      34   99077  7132769  71.98
1990-1994        4      0.00026  0.00026  0.50   99060      26   99048  7033691  71.00
1990-1994        5      0.00023  0.00023  0.50   99035      23   99023  6934644  70.02
1990-1994        6      0.00019  0.00019  0.50   99012      19   99002  6835620  69.04
1990-1994        7      0.00023  0.00023  0.50   98993      23   98982  6736618  68.05
1990-1994        8      0.00016  0.00016  0.50   98970      15   98962  6637636  67.07
1990-1994        9      0.00019  0.00019  0.50   98955      19   98945  6538674  66.08
1990-1994       10      0.00012  0.00012  0.50   98936      12   98930  6439729  65.09
1990-1994       11      0.00021  0.00021  0.50   98923      21   98913  6340799  64.10
1990-1994       12      0.00017  0.00017  0.50   98902      17   98894  6241886  63.11
1990-1994       13      0.00017  0.00017  0.50   98885      17   98877  6142992  62.12
1990-1994       14      0.00028  0.00028  0.50   98868      27   98855  6044115  61.13
1990-1994       15      0.00041  0.00041  0.50   98841      40   98821  5945261  60.15
1990-1994       16      0.00054  0.00054  0.50   98801      54   98774  5846440  59.17
1990-1994       17      0.00091  0.00091  0.50   98747      90   98702  5747666  58.21
1990-1994       18      0.00116  0.00116  0.50   98657     114   98600  5648964  57.26
1990-1994       19      0.00112  0.00112  0.50   98543     110   98488  5550364  56.32
1990-1994       20      0.00111  0.00111  0.50   98433     109   98379  5451875  55.39
1990-1994       21      0.00105  0.00105  0.50   98324     104   98272  5353497  54.45
1990-1994       22      0.00112  0.00112  0.50   98221     110   98165  5255225  53.50
1990-1994       23      0.00120  0.00120  0.50   98110     118   98052  5157059  52.56
1990-1994       24      0.00116  0.00116  0.50   97993     113   97936  5059008  51.63
1990-1994       25      0.00115  0.00115  0.50   97879     113   97823  4961071  50.69
1990-1994       26      0.00148  0.00148  0.50   97767     144   97695  4863248  49.74
1990-1994       27      0.00142  0.00142  0.50   97623     139   97553  4765553  48.82
1990-1994       28      0.00131  0.00131  0.50   97484     128   97420  4668000  47.88
1990-1994       29      0.00140  0.00140  0.50   97356     136   97288  4570580  46.95
1990-1994       30      0.00142  0.00142  0.50   97220     138   97151  4473292  46.01
1990-1994       31      0.00144  0.00144  0.50   97082     140   97012  4376141  45.08
1990-1994       32      0.00158  0.00158  0.50   96942     153   96865  4279129  44.14
1990-1994       33      0.00137  0.00137  0.50   96789     132   96723  4182264  43.21
1990-1994       34      0.00147  0.00147  0.50   96657     142   96585  4085541  42.27
1990-1994       35      0.00145  0.00145  0.50   96514     140   96444  3988956  41.33
1990-1994       36      0.00161  0.00161  0.50   96374     155   96297  3892511  40.39
1990-1994       37      0.00163  0.00163  0.50   96219     156   96141  3796215  39.45
1990-1994       38      0.00170  0.00170  0.50   96063     163   95981  3700074  38.52
1990-1994       39      0.00184  0.00184  0.50   95900     176   95812  3604093  37.58
1990-1994       40      0.00188  0.00188  0.50   95723     180   95634  3508281  36.65
1990-1994       41      0.00221  0.00221  0.50   95544     211   95438  3412647  35.72
1990-1994       42      0.00223  0.00223  0.50   95333     212   95227  3317209  34.80
1990-1994       43      0.00219  0.00219  0.50   95120     208   95016  3221983  33.87
1990-1994       44      0.00238  0.00237  0.50   94912     225   94800  3126966  32.95
1990-1994       45      0.00249  0.00248  0.50   94687     235   94570  3032167  32.02
1990-1994       46      0.00278  0.00277  0.50   94452     262   94321  2937597  31.10
1990-1994       47      0.00317  0.00317  0.50   94190     298   94041  2843276  30.19
1990-1994       48      0.00322  0.00322  0.50   93891     302   93740  2749235  29.28
1990-1994       49      0.00371  0.00371  0.50   93589     347   93416  2655495  28.37
1990-1994       50      0.00397  0.00397  0.50   93242     370   93057  2562079  27.48
1990-1994       51      0.00470  0.00469  0.50   92873     436   92655  2469021  26.59
1990-1994       52      0.00504  0.00503  0.50   92437     465   92204  2376367  25.71
1990-1994       53      0.00576  0.00574  0.50   91972     528   91708  2284163  24.84
1990-1994       54      0.00625  0.00623  0.50   91444     569   91159  2192454  23.98
1990-1994       55      0.00680  0.00678  0.50   90875     616   90567  2101295  23.12
1990-1994       56      0.00786  0.00783  0.50   90259     707   89905  2010728  22.28
1990-1994       57      0.00865  0.00861  0.50   89552     771   89166  1920823  21.45
1990-1994       58      0.00970  0.00966  0.50   88780     857   88352  1831657  20.63
1990-1994       59      0.01163  0.01156  0.50   87923    1017   87415  1743306  19.83
1990-1994       60      0.01207  0.01200  0.50   86906    1042   86385  1655891  19.05
1990-1994       61      0.01334  0.01325  0.50   85864    1138   85295  1569506  18.28
1990-1994       62      0.01555  0.01543  0.50   84726    1307   84072  1484211  17.52
1990-1994       63      0.01731  0.01716  0.50   83419    1432   82703  1400139  16.78
1990-1994       64      0.01906  0.01888  0.50   81987    1548   81213  1317436  16.07
1990-1994       65      0.02103  0.02081  0.50   80439    1674   79602  1236223  15.37
1990-1994       66      0.02241  0.02216  0.50   78765    1745   77893  1156621  14.68
1990-1994       67      0.02558  0.02525  0.50   77020    1945   76047  1078729  14.01
1990-1994       68      0.02713  0.02677  0.50   75075    2009   74070  1002681  13.36
1990-1994       69      0.03008  0.02963  0.50   73065    2165   71983   928611  12.71
1990-1994       70      0.03204  0.03154  0.50   70901    2236   69782   856628  12.08
1990-1994       71      0.03554  0.03492  0.50   68664    2398   67466   786846  11.46
1990-1994       72      0.03842  0.03769  0.50   66267    2498   65018   719380  10.86
1990-1994       73      0.04423  0.04328  0.50   63769    2760   62389   654362  10.26
1990-1994       74      0.04784  0.04672  0.50   61009    2850   59584   591973   9.70
1990-1994       75      0.05408  0.05266  0.50   58159    3063   56628   532389   9.15
1990-1994       76      0.06018  0.05842  0.50   55096    3219   53487   475762   8.64
1990-1994       77      0.06636  0.06423  0.50   51877    3332   50211   422275   8.14
1990-1994       78      0.07353  0.07092  0.50   48545    3443   46824   372064   7.66
1990-1994       79      0.08181  0.07860  0.50   45102    3545   43330   325240   7.21
1990-1994       80      0.08959  0.08575  0.50   41557    3564   39775   281910   6.78
1990-1994       81      0.09775  0.09320  0.50   37994    3541   36223   242134   6.37
1990-1994       82      0.10957  0.10388  0.50   34453    3579   32663   205911   5.98
1990-1994       83      0.12294  0.11582  0.50   30874    3576   29086   173248   5.61
1990-1994       84      0.13629  0.12760  0.50   27298    3483   25556   144162   5.28
1990-1994       85      0.14060  0.13136  0.50   23815    3128   22251   118606   4.98
1990-1994       86      0.15583  0.14457  0.50   20686    2991   19191    96355   4.66
1990-1994       87      0.17073  0.15730  0.50   17696    2784   16304    77164   4.36
1990-1994       88      0.18369  0.16824  0.50   14912    2509   13658    60860   4.08
1990-1994       89      0.20645  0.18714  0.50   12404    2321   11243    47202   3.81
1990-1994       90      0.22446  0.20181  0.50   10082    2035    9065    35959   3.57
1990-1994       91      0.24182  0.21573  0.50    8048    1736    7180    26894   3.34
1990-1994       92      0.27053  0.23830  0.50    6312    1504    5560    19714   3.12
1990-1994       93      0.30440  0.26419  0.50    4808    1270    4172    14154   2.94
1990-1994       94      0.29508  0.25714  0.50    3537     910    3083     9982   2.82
1990-1994       95      0.33408  0.28626  0.50    2628     752    2252     6899   2.63
1990-1994       96      0.35868  0.30413  0.50    1876     570    1590     4648   2.48
1990-1994       97      0.38404  0.32218  0.50    1305     420    1095     3057   2.34
1990-1994       98      0.41005  0.34028  0.50     885     301     734     1962   2.22
1990-1994       99      0.43657  0.35835  0.50     584     209     479     1228   2.10
1990-1994      100      0.46346  0.37627  0.50     374     141     304      749   2.00
1990-1994      101      0.49056  0.39394  0.50     234      92     188      445   1.91
1990-1994      102      0.51772  0.41126  0.50     142      58     112      257   1.82
1990-1994      103      0.54478  0.42816  0.50      83      36      66      145   1.74
1990-1994      104      0.57157  0.44453  0.50      48      21      37       80   1.67
1990-1994      105      0.59795  0.46033  0.50      26      12      20       42   1.60
1990-1994      106      0.62378  0.47548  0.50      14       7      11       22   1.55
1990-1994      107      0.64892  0.48995  0.50       7       4       6       11   1.49
1990-1994      108      0.67326  0.50370  0.50       4       2       3        6   1.45
1990-1994      109      0.69670  0.51671  0.50       2       1       1        3   1.41
1990-1994      110+     0.71916  1.00000  1.39       1       1       1        1   1.39
1995-1999        0      0.00580  0.00577  0.14  100000     577   99502  7583283  75.83
1995-1999        1      0.00055  0.00055  0.50   99423      54   99396  7483780  75.27
1995-1999        2      0.00041  0.00041  0.50   99368      41   99348  7384385  74.31
1995-1999        3      0.00025  0.00025  0.50   99328      25   99315  7285037  73.34
1995-1999        4      0.00022  0.00022  0.50   99303      21   99292  7185722  72.36
1995-1999        5      0.00013  0.00013  0.50   99281      13   99275  7086430  71.38
1995-1999        6      0.00014  0.00014  0.50   99268      14   99261  6987155  70.39
1995-1999        7      0.00013  0.00013  0.50   99254      13   99247  6887895  69.40
1995-1999        8      0.00016  0.00016  0.50   99241      16   99233  6788647  68.41
1995-1999        9      0.00009  0.00009  0.50   99225       9   99220  6689414  67.42
1995-1999       10      0.00019  0.00019  0.50   99215      19   99206  6590194  66.42
1995-1999       11      0.00013  0.00013  0.50   99196      13   99190  6490988  65.44
1995-1999       12      0.00018  0.00018  0.50   99183      18   99174  6391799  64.44
1995-1999       13      0.00016  0.00016  0.50   99165      16   99157  6292624  63.46
1995-1999       14      0.00031  0.00031  0.50   99150      30   99134  6193467  62.47
1995-1999       15      0.00042  0.00042  0.50   99119      41   99099  6094332  61.48
1995-1999       16      0.00055  0.00055  0.50   99078      55   99051  5995234  60.51
1995-1999       17      0.00080  0.00080  0.50   99023      79   98984  5896183  59.54
1995-1999       18      0.00093  0.00093  0.50   98944      92   98898  5797199  58.59
1995-1999       19      0.00109  0.00109  0.50   98852     108   98798  5698301  57.64
1995-1999       20      0.00125  0.00125  0.50   98744     124   98682  5599503  56.71
1995-1999       21      0.00128  0.00128  0.50   98621     126   98557  5500820  55.78
1995-1999       22      0.00129  0.00129  0.50   98494     127   98431  5402263  54.85
1995-1999       23      0.00131  0.00131  0.50   98368     129   98303  5303832  53.92
1995-1999       24      0.00126  0.00126  0.50   98239     124   98177  5205529  52.99
1995-1999       25      0.00128  0.00128  0.50   98115     125   98053  5107352  52.05
1995-1999       26      0.00139  0.00139  0.50   97990     136   97922  5009299  51.12
1995-1999       27      0.00127  0.00127  0.50   97854     125   97791  4911377  50.19
1995-1999       28      0.00121  0.00121  0.50   97729     118   97670  4813586  49.25
1995-1999       29      0.00137  0.00137  0.50   97611     134   97544  4715916  48.31
1995-1999       30      0.00129  0.00129  0.50   97477     125   97414  4618372  47.38
1995-1999       31      0.00153  0.00153  0.50   97352     149   97277  4520958  46.44
1995-1999       32      0.00154  0.00154  0.50   97203     150   97128  4423680  45.51
1995-1999       33      0.00144  0.00143  0.50   97053     139   96984  4326552  44.58
1995-1999       34      0.00160  0.00160  0.50   96914     155   96837  4229568  43.64
1995-1999       35      0.00155  0.00155  0.50   96760     150   96685  4132732  42.71
1995-1999       36      0.00149  0.00149  0.50   96610     143   96538  4036047  41.78
1995-1999       37      0.00160  0.00160  0.50   96466     154   96389  3939509  40.84
1995-1999       38      0.00147  0.00147  0.50   96312     142   96241  3843120  39.90
1995-1999       39      0.00169  0.00169  0.50   96171     163   96089  3746879  38.96
1995-1999       40      0.00175  0.00175  0.50   96008     168   95924  3650790  38.03
1995-1999       41      0.00169  0.00169  0.50   95840     162   95759  3554865  37.09
1995-1999       42      0.00192  0.00191  0.50   95678     183   95587  3459106  36.15
1995-1999       43      0.00213  0.00213  0.50   95495     203   95393  3363519  35.22
1995-1999       44      0.00217  0.00216  0.50   95292     206   95189  3268126  34.30
1995-1999       45      0.00239  0.00238  0.50   95085     227   94972  3172938  33.37
1995-1999       46      0.00245  0.00245  0.50   94859     232   94743  3077965  32.45
1995-1999       47      0.00253  0.00253  0.50   94627     239   94507  2983223  31.53
1995-1999       48      0.00298  0.00297  0.50   94388     281   94247  2888715  30.60
1995-1999       49      0.00310  0.00309  0.50   94107     291   93961  2794468  29.69
1995-1999       50      0.00343  0.00342  0.50   93816     321   93655  2700507  28.79
1995-1999       51      0.00373  0.00372  0.50   93495     348   93321  2606851  27.88
1995-1999       52      0.00417  0.00416  0.50   93147     388   92953  2513531  26.98
1995-1999       53      0.00459  0.00458  0.50   92759     425   92547  2420577  26.10
1995-1999       54      0.00483  0.00481  0.50   92334     445   92112  2328031  25.21
1995-1999       55      0.00545  0.00543  0.50   91890     499   91640  2235919  24.33
1995-1999       56      0.00632  0.00630  0.50   91390     576   91102  2144279  23.46
1995-1999       57      0.00706  0.00703  0.50   90815     639   90495  2053177  22.61
1995-1999       58      0.00803  0.00800  0.50   90176     721   89815  1962681  21.77
1995-1999       59      0.00860  0.00857  0.50   89455     766   89072  1872866  20.94
1995-1999       60      0.01018  0.01013  0.50   88689     898   88240  1783794  20.11
1995-1999       61      0.01131  0.01124  0.50   87791     987   87297  1695554  19.31
1995-1999       62      0.01255  0.01247  0.50   86804    1083   86262  1608257  18.53
1995-1999       63      0.01397  0.01387  0.50   85721    1189   85126  1521995  17.76
1995-1999       64      0.01491  0.01480  0.50   84532    1251   83906  1436869  17.00
1995-1999       65      0.01631  0.01618  0.50   83280    1347   82607  1352963  16.25
1995-1999       66      0.01888  0.01870  0.50   81933    1532   81167  1270356  15.50
1995-1999       67      0.02096  0.02074  0.50   80401    1668   79567  1189189  14.79
1995-1999       68      0.02420  0.02391  0.50   78733    1882   77792  1109622  14.09
1995-1999       69      0.02511  0.02480  0.50   76851    1906   75898  1031830  13.43
1995-1999       70      0.02859  0.02819  0.50   74945    2112   73889   955932  12.76
1995-1999       71      0.03143  0.03095  0.50   72832    2254   71705   882043  12.11
1995-1999       72      0.03555  0.03493  0.50   70579    2465   69346   810338  11.48
1995-1999       73      0.03888  0.03814  0.50   68113    2598   66814   740992  10.88
1995-1999       74      0.04266  0.04177  0.50   65516    2737   64147   674177  10.29
1995-1999       75      0.04676  0.04569  0.50   62779    2869   61345   610030   9.72
1995-1999       76      0.04981  0.04860  0.50   59910    2912   58454   548686   9.16
1995-1999       77      0.05505  0.05358  0.50   56999    3054   55472   490231   8.60
1995-1999       78      0.05957  0.05785  0.50   53945    3120   52384   434760   8.06
1995-1999       79      0.06890  0.06660  0.50   50824    3385   49132   382375   7.52
1995-1999       80      0.08264  0.07936  0.50   47439    3765   45557   333244   7.02
1995-1999       81      0.09093  0.08697  0.50   43674    3799   41775   287687   6.59
1995-1999       82      0.10024  0.09546  0.50   39876    3806   37972   245912   6.17
1995-1999       83      0.11140  0.10552  0.50   36069    3806   34166   207940   5.77
1995-1999       84      0.12262  0.11554  0.50   32263    3728   30399   173774   5.39
1995-1999       85      0.14045  0.13124  0.50   28535    3745   26663   143374   5.02
1995-1999       86      0.15034  0.13983  0.50   24791    3466   23057   116711   4.71
1995-1999       87      0.16823  0.15518  0.50   21324    3309   19670    93654   4.39
1995-1999       88      0.18405  0.16854  0.50   18015    3036   16497    73984   4.11
1995-1999       89      0.19936  0.18129  0.50   14979    2716   13621    57487   3.84
1995-1999       90      0.22078  0.19883  0.50   12263    2438   11044    43866   3.58
1995-1999       91      0.24234  0.21615  0.50    9825    2124    8763    32822   3.34
1995-1999       92      0.27036  0.23816  0.50    7701    1834    6784    24059   3.12
1995-1999       93      0.28466  0.24919  0.50    5867    1462    5136    17275   2.94
1995-1999       94      0.30949  0.26802  0.50    4405    1181    3815    12138   2.76
1995-1999       95      0.33819  0.28928  0.50    3224     933    2758     8324   2.58
1995-1999       96      0.36476  0.30850  0.50    2292     707    1938     5565   2.43
1995-1999       97      0.39218  0.32788  0.50    1585     520    1325     3627   2.29
1995-1999       98      0.42029  0.34731  0.50    1065     370     880     2302   2.16
1995-1999       99      0.44893  0.36664  0.50     695     255     568     1422   2.05
1995-1999      100      0.47792  0.38574  0.50     440     170     355      854   1.94
1995-1999      101      0.50705  0.40450  0.50     270     109     216      499   1.85
1995-1999      102      0.53613  0.42280  0.50     161      68     127      283   1.76
1995-1999      103      0.56498  0.44053  0.50      93      41      72      156   1.68
1995-1999      104      0.59338  0.45761  0.50      52      24      40       84   1.61
1995-1999      105      0.62118  0.47397  0.50      28      13      22       44   1.55
1995-1999      106      0.64821  0.48954  0.50      15       7      11       22   1.49
1995-1999      107      0.67431  0.50429  0.50       8       4       6       11   1.44
1995-1999      108      0.69938  0.51818  0.50       4       2       3        5   1.40
1995-1999      109      0.72331  0.53120  0.50       2       1       1        2   1.36
1995-1999      110+     0.74603  1.00000  1.34       1       1       1        1   1.34
2000-2004        0      0.00523  0.00521  0.14  100000     521   99551  7763234  77.63
2000-2004        1      0.00044  0.00044  0.50   99479      44   99457  7663683  77.04
2000-2004        2      0.00028  0.00028  0.50   99435      28   99421  7564226  76.07
2000-2004        3      0.00025  0.00025  0.50   99407      25   99395  7464805  75.09
2000-2004        4      0.00017  0.00017  0.50   99382      16   99374  7365410  74.11
2000-2004        5      0.00014  0.00014  0.50   99366      14   99359  7266036  73.12
2000-2004        6      0.00012  0.00012  0.50   99352      11   99346  7166677  72.13
2000-2004        7      0.00017  0.00017  0.50   99341      17   99332  7067330  71.14
2000-2004        8      0.00005  0.00005  0.50   99324       5   99321  6967998  70.15
2000-2004        9      0.00015  0.00015  0.50   99319      15   99311  6868677  69.16
2000-2004       10      0.00011  0.00011  0.50   99304      11   99299  6769365  68.17
2000-2004       11      0.00012  0.00012  0.50   99293      12   99287  6670067  67.18
2000-2004       12      0.00013  0.00013  0.50   99281      13   99275  6570780  66.18
2000-2004       13      0.00016  0.00016  0.50   99268      16   99260  6471505  65.19
2000-2004       14      0.00021  0.00021  0.50   99252      21   99241  6372245  64.20
2000-2004       15      0.00021  0.00021  0.50   99231      21   99220  6273004  63.22
2000-2004       16      0.00040  0.00040  0.50   99210      40   99190  6173783  62.23
2000-2004       17      0.00064  0.00064  0.50   99170      63   99138  6074593  61.25
2000-2004       18      0.00078  0.00078  0.50   99107      78   99068  5975455  60.29
2000-2004       19      0.00083  0.00083  0.50   99029      82   98988  5876387  59.34
2000-2004       20      0.00096  0.00096  0.50   98947      95   98899  5777399  58.39
2000-2004       21      0.00081  0.00081  0.50   98852      80   98812  5678500  57.44
2000-2004       22      0.00077  0.00077  0.50   98772      76   98734  5579688  56.49
2000-2004       23      0.00087  0.00087  0.50   98696      86   98654  5480954  55.53
2000-2004       24      0.00095  0.00095  0.50   98611      93   98564  5382300  54.58
2000-2004       25      0.00102  0.00102  0.50   98518     100   98467  5283736  53.63
2000-2004       26      0.00100  0.00100  0.50   98417      98   98368  5185268  52.69
2000-2004       27      0.00092  0.00092  0.50   98319      90   98274  5086900  51.74
2000-2004       28      0.00089  0.00089  0.50   98229      87   98185  4988626  50.79
2000-2004       29      0.00110  0.00110  0.50   98142     108   98088  4890441  49.83
2000-2004       30      0.00112  0.00112  0.50   98034     110   97979  4792353  48.88
2000-2004       31      0.00099  0.00099  0.50   97924      97   97876  4694374  47.94
2000-2004       32      0.00109  0.00109  0.50   97828     106   97774  4596498  46.99
2000-2004       33      0.00121  0.00121  0.50   97721     118   97662  4498724  46.04
2000-2004       34      0.00111  0.00111  0.50   97603     108   97549  4401061  45.09
2000-2004       35      0.00112  0.00112  0.50   97495     110   97440  4303512  44.14
2000-2004       36      0.00124  0.00124  0.50   97386     121   97325  4206072  43.19
2000-2004       37      0.00134  0.00134  0.50   97265     130   97200  4108747  42.24
2000-2004       38      0.00131  0.00131  0.50   97135     127   97071  4011547  41.30
2000-2004       39      0.00142  0.00142  0.50   97007     138   96938  3914476  40.35
2000-2004       40      0.00149  0.00149  0.50   96869     144   96797  3817537  39.41
2000-2004       41      0.00159  0.00159  0.50   96725     154   96648  3720740  38.47
2000-2004       42      0.00169  0.00169  0.50   96571     163   96489  3624092  37.53
2000-2004       43      0.00196  0.00196  0.50   96408     189   96313  3527603  36.59
2000-2004       44      0.00204  0.00204  0.50   96219     196   96121  3431290  35.66
2000-2004       45      0.00214  0.00214  0.50   96023     205   95920  3335169  34.73
2000-2004       46      0.00229  0.00229  0.50   95818     219   95708  3239249  33.81
2000-2004       47      0.00238  0.00238  0.50   95598     228   95485  3143541  32.88
2000-2004       48      0.00289  0.00288  0.50   95371     275   95233  3048056  31.96
2000-2004       49      0.00302  0.00302  0.50   95096     287   94953  2952823  31.05
2000-2004       50      0.00306  0.00305  0.50   94809     290   94664  2857870  30.14
2000-2004       51      0.00333  0.00332  0.50   94519     314   94363  2763206  29.23
2000-2004       52      0.00374  0.00373  0.50   94206     351   94030  2668843  28.33
2000-2004       53      0.00416  0.00415  0.50   93854     390   93659  2574813  27.43
2000-2004       54      0.00431  0.00431  0.50   93464     402   93263  2481154  26.55
2000-2004       55      0.00464  0.00463  0.50   93062     431   92846  2387891  25.66
2000-2004       56      0.00511  0.00510  0.50   92631     473   92395  2295044  24.78
2000-2004       57      0.00622  0.00620  0.50   92158     572   91873  2202650  23.90
2000-2004       58      0.00646  0.00644  0.50   91587     589   91292  2110777  23.05
2000-2004       59      0.00757  0.00754  0.50   90997     686   90654  2019485  22.19
2000-2004       60      0.00826  0.00822  0.50   90311     743   89940  1928831  21.36
2000-2004       61      0.00909  0.00905  0.50   89568     810   89163  1838892  20.53
2000-2004       62      0.01044  0.01039  0.50   88758     922   88297  1749729  19.71
2000-2004       63      0.01151  0.01144  0.50   87836    1005   87333  1661432  18.92
2000-2004       64      0.01220  0.01213  0.50   86830    1053   86304  1574099  18.13
2000-2004       65      0.01338  0.01329  0.50   85777    1140   85207  1487795  17.34
2000-2004       66      0.01588  0.01576  0.50   84637    1334   83970  1402588  16.57
2000-2004       67      0.01697  0.01683  0.50   83303    1402   82602  1318618  15.83
2000-2004       68      0.01853  0.01836  0.50   81901    1504   81150  1236016  15.09
2000-2004       69      0.02066  0.02045  0.50   80398    1644   79576  1154866  14.36
2000-2004       70      0.02444  0.02415  0.50   78754    1902   77803  1075291  13.65
2000-2004       71      0.02605  0.02572  0.50   76852    1977   75864   997488  12.98
2000-2004       72      0.02908  0.02866  0.50   74875    2146   73802   921624  12.31
2000-2004       73      0.03231  0.03180  0.50   72729    2312   71573   847822  11.66
2000-2004       74      0.03662  0.03596  0.50   70417    2532   69151   776249  11.02
2000-2004       75      0.03949  0.03873  0.50   67884    2629   66570   707098  10.42
2000-2004       76      0.04393  0.04299  0.50   65255    2805   63853   640528   9.82
2000-2004       77      0.04761  0.04650  0.50   62450    2904   60998   576676   9.23
2000-2004       78      0.05248  0.05114  0.50   59546    3045   58024   515677   8.66
2000-2004       79      0.06132  0.05950  0.50   56501    3362   54820   457653   8.10
2000-2004       80      0.06881  0.06652  0.50   53140    3535   51372   402833   7.58
2000-2004       81      0.07847  0.07551  0.50   49605    3745   47732   351461   7.09
2000-2004       82      0.08691  0.08329  0.50   45859    3820   43949   303729   6.62
2000-2004       83      0.09507  0.09076  0.50   42040    3815   40132   259779   6.18
2000-2004       84      0.10978  0.10407  0.50   38224    3978   36235   219647   5.75
2000-2004       85      0.12390  0.11667  0.50   34246    3996   32248   183412   5.36
2000-2004       86      0.13448  0.12600  0.50   30251    3812   28345   151164   5.00
2000-2004       87      0.14800  0.13780  0.50   26439    3643   24617   122819   4.65
2000-2004       88      0.17219  0.15854  0.50   22796    3614   20989    98202   4.31
2000-2004       89      0.18097  0.16595  0.50   19181    3183   17590    77213   4.03
2000-2004       90      0.21540  0.19446  0.50   15998    3111   14443    59624   3.73
2000-2004       91      0.21730  0.19600  0.50   12887    2526   11624    45181   3.51
2000-2004       92      0.25590  0.22687  0.50   10361    2351    9186    33557   3.24
2000-2004       93      0.26143  0.23121  0.50    8011    1852    7085    24371   3.04
2000-2004       94      0.30341  0.26345  0.50    6158    1622    5347    17286   2.81
2000-2004       95      0.32685  0.28094  0.50    4536    1274    3899    11939   2.63
2000-2004       96      0.35501  0.30149  0.50    3262     983    2770     8040   2.46
2000-2004       97      0.38421  0.32229  0.50    2278     734    1911     5270   2.31
2000-2004       98      0.41427  0.34318  0.50    1544     530    1279     3359   2.18
2000-2004       99      0.44498  0.36399  0.50    1014     369     830     2080   2.05
2000-2004      100      0.47612  0.38457  0.50     645     248     521     1250   1.94
2000-2004      101      0.50744  0.40475  0.50     397     161     317      729   1.84
2000-2004      102      0.53871  0.42440  0.50     236     100     186      412   1.75
2000-2004      103      0.56967  0.44338  0.50     136      60     106      226   1.66
2000-2004      104      0.60010  0.46160  0.50      76      35      58      120   1.59
2000-2004      105      0.62978  0.47896  0.50      41      20      31       62   1.52
2000-2004      106      0.65850  0.49539  0.50      21      11      16       31   1.47
2000-2004      107      0.68611  0.51086  0.50      11       5       8       15   1.42
2000-2004      108      0.71246  0.52533  0.50       5       3       4        7   1.37
2000-2004      109      0.73745  0.53879  0.50       2       1       2        3   1.34
2000-2004      110+     0.76099  1.00000  1.31       1       1       2        2   1.31
2005-2009        0      0.00486  0.00484  0.14  100000     484   99583  7923983  79.24
2005-2009        1      0.00035  0.00035  0.50   99516      35   99498  7824400  78.62
2005-2009        2      0.00023  0.00023  0.50   99481      23   99470  7724902  77.65
2005-2009        3      0.00011  0.00011  0.50   99458      11   99453  7625432  76.67
2005-2009        4      0.00015  0.00015  0.50   99447      15   99440  7525979  75.68
2005-2009        5      0.00011  0.00011  0.50   99433      11   99427  7426539  74.69
2005-2009        6      0.00013  0.00013  0.50   99422      12   99416  7327112  73.70
2005-2009        7      0.00005  0.00005  0.50   99410       5   99407  7227696  72.71
2005-2009        8      0.00008  0.00008  0.50   99404       8   99400  7128289  71.71
2005-2009        9      0.00012  0.00012  0.50   99396      12   99390  7028889  70.72
2005-2009       10      0.00011  0.00011  0.50   99384      11   99379  6929498  69.72
2005-2009       11      0.00010  0.00010  0.50   99373      10   99369  6830120  68.73
2005-2009       12      0.00012  0.00012  0.50   99364      12   99358  6730751  67.74
2005-2009       13      0.00013  0.00013  0.50   99352      12   99346  6631393  66.75
2005-2009       14      0.00014  0.00014  0.50   99340      14   99333  6532047  65.75
2005-2009       15      0.00020  0.00020  0.50   99326      20   99316  6432714  64.76
2005-2009       16      0.00028  0.00028  0.50   99307      28   99293  6333398  63.78
2005-2009       17      0.00046  0.00046  0.50   99279      46   99256  6234105  62.79
2005-2009       18      0.00059  0.00059  0.50   99233      59   99204  6134850  61.82
2005-2009       19      0.00066  0.00066  0.50   99174      65   99142  6035646  60.86
2005-2009       20      0.00063  0.00063  0.50   99109      62   99078  5936504  59.90
2005-2009       21      0.00061  0.00061  0.50   99047      61   99016  5837426  58.94
2005-2009       22      0.00054  0.00054  0.50   98986      53   98959  5738410  57.97
2005-2009       23      0.00074  0.00074  0.50   98933      73   98896  5639451  57.00
2005-2009       24      0.00070  0.00070  0.50   98860      69   98825  5540555  56.04
2005-2009       25      0.00070  0.00070  0.50   98790      69   98756  5441730  55.08
2005-2009       26      0.00069  0.00069  0.50   98721      68   98687  5342974  54.12
2005-2009       27      0.00072  0.00072  0.50   98654      71   98618  5244286  53.16
2005-2009       28      0.00079  0.00079  0.50   98583      78   98544  5145668  52.20
2005-2009       29      0.00073  0.00072  0.50   98505      71   98469  5047124  51.24
2005-2009       30      0.00084  0.00084  0.50   98434      82   98393  4948655  50.27
2005-2009       31      0.00093  0.00093  0.50   98351      91   98306  4850262  49.32
2005-2009       32      0.00090  0.00090  0.50   98260      89   98216  4751956  48.36
2005-2009       33      0.00098  0.00098  0.50   98172      96   98124  4653740  47.40
2005-2009       34      0.00104  0.00104  0.50   98075     102   98025  4555617  46.45
2005-2009       35      0.00098  0.00098  0.50   97974      96   97926  4457592  45.50
2005-2009       36      0.00116  0.00116  0.50   97877     113   97821  4359667  44.54
2005-2009       37      0.00110  0.00110  0.50   97764     107   97710  4261846  43.59
2005-2009       38      0.00115  0.00115  0.50   97657     113   97600  4164136  42.64
2005-2009       39      0.00132  0.00132  0.50   97544     128   97480  4066535  41.69
2005-2009       40      0.00154  0.00154  0.50   97416     150   97341  3969055  40.74
2005-2009       41      0.00154  0.00154  0.50   97266     150   97191  3871714  39.81
2005-2009       42      0.00149  0.00148  0.50   97116     144   97044  3774523  38.87
2005-2009       43      0.00164  0.00164  0.50   96972     159   96892  3677479  37.92
2005-2009       44      0.00181  0.00180  0.50   96813     175   96726  3580587  36.98
2005-2009       45      0.00209  0.00209  0.50   96638     202   96537  3483861  36.05
2005-2009       46      0.00206  0.00205  0.50   96436     198   96337  3387324  35.13
2005-2009       47      0.00246  0.00245  0.50   96238     236   96120  3290987  34.20
2005-2009       48      0.00251  0.00251  0.50   96002     241   95882  3194867  33.28
2005-2009       49      0.00278  0.00277  0.50   95761     266   95629  3098985  32.36
2005-2009       50      0.00304  0.00304  0.50   95496     290   95351  3003356  31.45
2005-2009       51      0.00333  0.00332  0.50   95206     316   95047  2908006  30.54
2005-2009       52      0.00345  0.00345  0.50   94889     327   94726  2812958  29.64
2005-2009       53      0.00404  0.00403  0.50   94563     381   94372  2718232  28.75
2005-2009       54      0.00417  0.00416  0.50   94181     392   93986  2623860  27.86
2005-2009       55      0.00460  0.00459  0.50   93790     431   93574  2529875  26.97
2005-2009       56      0.00474  0.00473  0.50   93359     442   93138  2436300  26.10
2005-2009       57      0.00513  0.00511  0.50   92917     475   92680  2343162  25.22
2005-2009       58      0.00606  0.00604  0.50   92442     558   92163  2250483  24.34
2005-2009       59      0.00655  0.00653  0.50   91884     600   91584  2158320  23.49
2005-2009       60      0.00718  0.00716  0.50   91284     653   90957  2066736  22.64
2005-2009       61      0.00768  0.00765  0.50   90630     693   90284  1975779  21.80
2005-2009       62      0.00821  0.00818  0.50   89937     735   89570  1885495  20.96
2005-2009       63      0.00927  0.00923  0.50   89202     823   88791  1795925  20.13
2005-2009       64      0.01033  0.01028  0.50   88379     908   87925  1707135  19.32
2005-2009       65      0.01120  0.01114  0.50   87471     975   86983  1619210  18.51
2005-2009       66      0.01301  0.01293  0.50   86496    1118   85937  1532227  17.71
2005-2009       67      0.01386  0.01377  0.50   85378    1175   84790  1446290  16.94
2005-2009       68      0.01533  0.01521  0.50   84203    1281   83562  1361499  16.17
2005-2009       69      0.01674  0.01661  0.50   82922    1377   82233  1277937  15.41
2005-2009       70      0.01937  0.01919  0.50   81545    1565   80762  1195704  14.66
2005-2009       71      0.02031  0.02011  0.50   79980    1608   79176  1114942  13.94
2005-2009       72      0.02260  0.02235  0.50   78372    1752   77496  1035765  13.22
2005-2009       73      0.02572  0.02539  0.50   76620    1946   75648   958269  12.51
2005-2009       74      0.02964  0.02920  0.50   74675    2181   73584   882622  11.82
2005-2009       75      0.03404  0.03347  0.50   72494    2426   71281   809037  11.16
2005-2009       76      0.03722  0.03654  0.50   70068    2561   68787   737756  10.53
2005-2009       77      0.04240  0.04152  0.50   67507    2803   66106   668969   9.91
2005-2009       78      0.04549  0.04448  0.50   64704    2878   63265   602864   9.32
2005-2009       79      0.05289  0.05153  0.50   61827    3186   60234   539598   8.73
2005-2009       80      0.05951  0.05779  0.50   58641    3389   56946   479365   8.17
2005-2009       81      0.06473  0.06270  0.50   55252    3464   53520   422418   7.65
2005-2009       82      0.07196  0.06946  0.50   51787    3597   49989   368899   7.12
2005-2009       83      0.08417  0.08077  0.50   48190    3892   46244   318910   6.62
2005-2009       84      0.09428  0.09004  0.50   44298    3989   42304   272666   6.16
2005-2009       85      0.10786  0.10234  0.50   40309    4125   38247   230362   5.71
2005-2009       86      0.11833  0.11172  0.50   36184    4042   34163   192116   5.31
2005-2009       87      0.13501  0.12647  0.50   32142    4065   30109   157953   4.91
2005-2009       88      0.14740  0.13728  0.50   28077    3854   26149   127844   4.55
2005-2009       89      0.16918  0.15599  0.50   24222    3778   22333   101694   4.20
2005-2009       90      0.18669  0.17075  0.50   20444    3491   18699    79361   3.88
2005-2009       91      0.21905  0.19743  0.50   16953    3347   15280    60663   3.58
2005-2009       92      0.23648  0.21148  0.50   13606    2877   12167    45383   3.34
2005-2009       93      0.26123  0.23105  0.50   10729    2479    9489    33216   3.10
2005-2009       94      0.28887  0.25241  0.50    8250    2082    7209    23726   2.88
2005-2009       95      0.31608  0.27294  0.50    6167    1683    5326    16518   2.68
2005-2009       96      0.34602  0.29498  0.50    4484    1323    3823    11192   2.50
2005-2009       97      0.37723  0.31737  0.50    3161    1003    2660     7369   2.33
2005-2009       98      0.40949  0.33990  0.50    2158     734    1791     4709   2.18
2005-2009       99      0.44255  0.36237  0.50    1425     516    1166     2918   2.05
2005-2009      100      0.47613  0.38457  0.50     908     349     734     1752   1.93
2005-2009      101      0.50992  0.40632  0.50     559     227     445     1018   1.82
2005-2009      102      0.54362  0.42744  0.50     332     142     261      573   1.73
2005-2009      103      0.57693  0.44777  0.50     190      85     147      312   1.64
2005-2009      104      0.60956  0.46717  0.50     105      49      80      164   1.56
2005-2009      105      0.64123  0.48555  0.50      56      27      42       84   1.50
2005-2009      106      0.67172  0.50284  0.50      29      14      22       41   1.44
2005-2009      107      0.70082  0.51897  0.50      14       7      11       20   1.39
2005-2009      108      0.72839  0.53393  0.50       7       4       5        9   1.34
2005-2009      109      0.75431  0.54773  0.50       3       2       2        4   1.31
2005-2009      110+     0.77851  1.00000  1.28       1       1       2        2   1.28
2010-2014        0      0.00399  0.00398  0.14  100000     398   99658  8036947  80.37
2010-2014        1      0.00027  0.00027  0.50   99602      27   99589  7937288  79.69
2010-2014        2      0.00018  0.00018  0.50   99575      18   99566  7837700  78.71
2010-2014        3      0.00014  0.00014  0.50   99557      14   99550  7738134  77.73
2010-2014        4      0.00006  0.00006  0.50   99543       6   99540  7638584  76.74
2010-2014        5      0.00010  0.00010  0.50   99537      10   99532  7539044  75.74
2010-2014        6      0.00010  0.00010  0.50   99527       9   99522  7439512  74.75
2010-2014        7      0.00008  0.00008  0.50   99518       8   99514  7339989  73.76
2010-2014        8      0.00011  0.00011  0.50   99509      11   99504  7240476  72.76
2010-2014        9      0.00007  0.00007  0.50   99498       7   99495  7140972  71.77
2010-2014       10      0.00007  0.00007  0.50   99491       7   99488  7041477  70.77
2010-2014       11      0.00006  0.00006  0.50   99484       6   99481  6941989  69.78
2010-2014       12      0.00006  0.00006  0.50   99478       6   99475  6842508  68.78
2010-2014       13      0.00012  0.00012  0.50   99473      12   99467  6743033  67.79
2010-2014       14      0.00009  0.00009  0.50   99460       9   99456  6643566  66.80
2010-2014       15      0.00021  0.00021  0.50   99451      21   99441  6544110  65.80
2010-2014       16      0.00030  0.00030  0.50   99431      29   99416  6444669  64.82
2010-2014       17      0.00039  0.00039  0.50   99401      39   99382  6345253  63.83
2010-2014       18      0.00043  0.00043  0.50   99362      43   99341  6245871  62.86
2010-2014       19      0.00052  0.00052  0.50   99320      52   99294  6146530  61.89
2010-2014       20      0.00060  0.00060  0.50   99268      60   99238  6047237  60.92
2010-2014       21      0.00060  0.00060  0.50   99208      60   99178  5947999  59.95
2010-2014       22      0.00049  0.00049  0.50   99148      48   99124  5848820  58.99
2010-2014       23      0.00054  0.00054  0.50   99100      53   99074  5749696  58.02
2010-2014       24      0.00048  0.00048  0.50   99047      48   99023  5650622  57.05
2010-2014       25      0.00055  0.00055  0.50   98999      55   98972  5551599  56.08
2010-2014       26      0.00057  0.00057  0.50   98944      56   98916  5452627  55.11
2010-2014       27      0.00062  0.00062  0.50   98888      61   98858  5353711  54.14
2010-2014       28      0.00063  0.00063  0.50   98827      62   98796  5254853  53.17
2010-2014       29      0.00064  0.00064  0.50   98765      63   98734  5156057  52.21
2010-2014       30      0.00059  0.00059  0.50   98702      58   98673  5057324  51.24
2010-2014       31      0.00073  0.00073  0.50   98643      72   98607  4958651  50.27
2010-2014       32      0.00079  0.00079  0.50   98571      78   98532  4860044  49.30
2010-2014       33      0.00085  0.00085  0.50   98493      84   98451  4761512  48.34
2010-2014       34      0.00088  0.00088  0.50   98409      86   98366  4663060  47.38
2010-2014       35      0.00093  0.00093  0.50   98323      91   98278  4564694  46.43
2010-2014       36      0.00102  0.00102  0.50   98232     101   98182  4466416  45.47
2010-2014       37      0.00097  0.00097  0.50   98131      95   98084  4368235  44.51
2010-2014       38      0.00113  0.00112  0.50   98036     110   97981  4270151  43.56
2010-2014       39      0.00110  0.00110  0.50   97926     108   97872  4172170  42.61
2010-2014       40      0.00122  0.00122  0.50   97818     119   97759  4074298  41.65
2010-2014       41      0.00134  0.00134  0.50   97699     131   97634  3976539  40.70
2010-2014       42      0.00149  0.00149  0.50   97568     145   97496  3878905  39.76
2010-2014       43      0.00167  0.00167  0.50   97423     162   97342  3781409  38.81
2010-2014       44      0.00158  0.00158  0.50   97261     154   97184  3684067  37.88
2010-2014       45      0.00186  0.00185  0.50   97107     180   97017  3586883  36.94
2010-2014       46      0.00202  0.00202  0.50   96927     195   96830  3489866  36.00
2010-2014       47      0.00213  0.00213  0.50   96732     206   96629  3393036  35.08
2010-2014       48      0.00260  0.00260  0.50   96526     251   96400  3296407  34.15
2010-2014       49      0.00278  0.00277  0.50   96275     267   96141  3200007  33.24
2010-2014       50      0.00288  0.00288  0.50   96008     276   95870  3103865  32.33
2010-2014       51      0.00299  0.00299  0.50   95732     286   95589  3007995  31.42
2010-2014       52      0.00348  0.00347  0.50   95446     332   95280  2912406  30.51
2010-2014       53      0.00375  0.00375  0.50   95114     356   94936  2817126  29.62
2010-2014       54      0.00396  0.00395  0.50   94758     375   94571  2722190  28.73
2010-2014       55      0.00470  0.00469  0.50   94383     442   94162  2627620  27.84
2010-2014       56      0.00483  0.00482  0.50   93941     453   93714  2533458  26.97
2010-2014       57      0.00504  0.00502  0.50   93488     470   93253  2439744  26.10
2010-2014       58      0.00545  0.00544  0.50   93018     506   92765  2346491  25.23
2010-2014       59      0.00623  0.00621  0.50   92513     574   92225  2253725  24.36
2010-2014       60      0.00690  0.00688  0.50   91938     633   91622  2161500  23.51
2010-2014       61      0.00730  0.00728  0.50   91306     664   90973  2069878  22.67
2010-2014       62      0.00789  0.00786  0.50   90641     713   90285  1978905  21.83
2010-2014       63      0.00849  0.00845  0.50   89929     760   89548  1888620  21.00
2010-2014       64      0.00956  0.00951  0.50   89168     848   88744  1799072  20.18
2010-2014       65      0.01041  0.01035  0.50   88320     914   87863  1710327  19.37
2010-2014       66      0.01140  0.01134  0.50   87406     991   86910  1622465  18.56
2010-2014       67      0.01275  0.01267  0.50   86415    1095   85867  1535555  17.77
2010-2014       68      0.01371  0.01362  0.50   85320    1162   84739  1449687  16.99
2010-2014       69      0.01457  0.01446  0.50   84158    1217   83549  1364948  16.22
2010-2014       70      0.01650  0.01636  0.50   82941    1357   82262  1281399  15.45
2010-2014       71      0.01854  0.01837  0.50   81583    1498   80834  1199137  14.70
2010-2014       72      0.02028  0.02008  0.50   80085    1608   79281  1118303  13.96
2010-2014       73      0.02244  0.02219  0.50   78477    1742   77607  1039022  13.24
2010-2014       74      0.02574  0.02541  0.50   76736    1950   75761   961415  12.53
2010-2014       75      0.02828  0.02789  0.50   74786    2085   73743   885654  11.84
2010-2014       76      0.03169  0.03119  0.50   72700    2268   71566   811911  11.17
2010-2014       77      0.03634  0.03569  0.50   70433    2514   69176   740345  10.51
2010-2014       78      0.04014  0.03935  0.50   67919    2673   66583   671169   9.88
2010-2014       79      0.04557  0.04456  0.50   65246    2907   63793   604586   9.27
2010-2014       80      0.05138  0.05009  0.50   62339    3123   60778   540793   8.67
2010-2014       81      0.05737  0.05577  0.50   59217    3303   57565   480015   8.11
2010-2014       82      0.06638  0.06425  0.50   55914    3592   54118   422450   7.56
2010-2014       83      0.07386  0.07123  0.50   52322    3727   50458   368332   7.04
2010-2014       84      0.08397  0.08058  0.50   48595    3916   46637   317874   6.54
2010-2014       85      0.09246  0.08837  0.50   44679    3948   42705   271237   6.07
2010-2014       86      0.10889  0.10327  0.50   40731    4206   38628   228533   5.61
2010-2014       87      0.11896  0.11228  0.50   36525    4101   34474   189905   5.20
2010-2014       88      0.13404  0.12562  0.50   32424    4073   30387   155431   4.79
2010-2014       89      0.15611  0.14481  0.50   28351    4105   26298   125044   4.41
2010-2014       90      0.17815  0.16358  0.50   24245    3966   22262    98746   4.07
2010-2014       91      0.19671  0.17910  0.50   20279    3632   18463    76484   3.77
2010-2014       92      0.21911  0.19747  0.50   16647    3287   15004    58020   3.49
2010-2014       93      0.25091  0.22294  0.50   13360    2978   11871    43017   3.22
2010-2014       94      0.27884  0.24472  0.50   10381    2541    9111    31146   3.00
2010-2014       95      0.29584  0.25772  0.50    7841    2021    6831    22035   2.81
2010-2014       96      0.32539  0.27986  0.50    5820    1629    5006    15204   2.61
2010-2014       97      0.35640  0.30250  0.50    4191    1268    3557    10198   2.43
2010-2014       98      0.38866  0.32542  0.50    2923     951    2448     6641   2.27
2010-2014       99      0.42193  0.34842  0.50    1972     687    1629     4193   2.13
2010-2014      100      0.45592  0.37128  0.50    1285     477    1046     2565   2.00
2010-2014      101      0.49032  0.39378  0.50     808     318     649     1518   1.88
2010-2014      102      0.52482  0.41573  0.50     490     204     388      870   1.78
2010-2014      103      0.55908  0.43694  0.50     286     125     224      482   1.68
2010-2014      104      0.59279  0.45726  0.50     161      74     124      258   1.60
2010-2014      105      0.62565  0.47657  0.50      87      42      67      134   1.53
2010-2014      106      0.65739  0.49476  0.50      46      23      34       67   1.46
2010-2014      107      0.68778  0.51178  0.50      23      12      17       33   1.41
2010-2014      108      0.71664  0.52759  0.50      11       6       8       15   1.36
2010-2014      109      0.74382  0.54218  0.50       5       3       4        7   1.32
2010-2014      110+     0.76923  1.00000  1.30       2       2       3        3   1.30
2015-2016        0      0.00316  0.00315  0.14  100000     315   99730  8075128  80.75
2015-2016        1      0.00029  0.00029  0.50   99685      29   99671  7975398  80.01
2015-2016        2      0.00017  0.00017  0.50   99656      17   99648  7875727  79.03
2015-2016        3      0.00014  0.00014  0.50   99640      13   99633  7776079  78.04
2015-2016        4      0.00011  0.00011  0.50   99626      11   99621  7676446  77.05
2015-2016        5      0.00006  0.00006  0.50   99616       6   99613  7576825  76.06
2015-2016        6      0.00008  0.00008  0.50   99610       8   99606  7477212  75.06
2015-2016        7      0.00008  0.00008  0.50   99602       8   99598  7377606  74.07
2015-2016        8      0.00009  0.00009  0.50   99594       9   99590  7278007  73.08
2015-2016        9      0.00007  0.00007  0.50   99586       7   99582  7178417  72.08
2015-2016       10      0.00010  0.00010  0.50   99579      10   99573  7078835  71.09
2015-2016       11      0.00011  0.00011  0.50   99568      11   99563  6979262  70.10
2015-2016       12      0.00006  0.00006  0.50   99558       6   99555  6879699  69.10
2015-2016       13      0.00015  0.00015  0.50   99551      15   99544  6780144  68.11
2015-2016       14      0.00011  0.00011  0.50   99536      11   99531  6680601  67.12
2015-2016       15      0.00019  0.00019  0.50   99525      19   99516  6581070  66.12
2015-2016       16      0.00022  0.00022  0.50   99506      22   99495  6481554  65.14
2015-2016       17      0.00047  0.00047  0.50   99484      47   99460  6382060  64.15
2015-2016       18      0.00057  0.00057  0.50   99437      57   99409  6282599  63.18
2015-2016       19      0.00040  0.00040  0.50   99380      40   99360  6183191  62.22
2015-2016       20      0.00057  0.00057  0.50   99340      57   99312  6083830  61.24
2015-2016       21      0.00048  0.00048  0.50   99283      48   99259  5984519  60.28
2015-2016       22      0.00067  0.00067  0.50   99235      66   99202  5885259  59.31
2015-2016       23      0.00046  0.00046  0.50   99169      46   99146  5786057  58.35
2015-2016       24      0.00049  0.00049  0.50   99123      49   99099  5686911  57.37
2015-2016       25      0.00049  0.00049  0.50   99074      49   99050  5587812  56.40
2015-2016       26      0.00053  0.00053  0.50   99025      52   98999  5488762  55.43
2015-2016       27      0.00062  0.00062  0.50   98973      61   98943  5389763  54.46
2015-2016       28      0.00052  0.00052  0.50   98912      52   98886  5290820  53.49
2015-2016       29      0.00074  0.00074  0.50   98860      73   98824  5191934  52.52
2015-2016       30      0.00075  0.00075  0.50   98788      74   98751  5093110  51.56
2015-2016       31      0.00056  0.00056  0.50   98714      56   98686  4994359  50.59
2015-2016       32      0.00064  0.00064  0.50   98658      63   98627  4895673  49.62
2015-2016       33      0.00072  0.00072  0.50   98596      71   98560  4797046  48.65
2015-2016       34      0.00095  0.00095  0.50   98524      93   98478  4698486  47.69
2015-2016       35      0.00072  0.00072  0.50   98431      71   98396  4600009  46.73
2015-2016       36      0.00089  0.00089  0.50   98360      88   98317  4501613  45.77
2015-2016       37      0.00098  0.00098  0.50   98273      96   98225  4403296  44.81
2015-2016       38      0.00097  0.00097  0.50   98177      96   98129  4305071  43.85
2015-2016       39      0.00120  0.00120  0.50   98081     118   98022  4206943  42.89
2015-2016       40      0.00111  0.00111  0.50   97963     109   97909  4108920  41.94
2015-2016       41      0.00137  0.00137  0.50   97854     134   97787  4011012  40.99
2015-2016       42      0.00147  0.00147  0.50   97720     144   97648  3913225  40.05
2015-2016       43      0.00169  0.00169  0.50   97576     165   97494  3815576  39.10
2015-2016       44      0.00181  0.00181  0.50   97411     176   97323  3718083  38.17
2015-2016       45      0.00185  0.00185  0.50   97235     180   97145  3620760  37.24
2015-2016       46      0.00199  0.00198  0.50   97055     193   96959  3523615  36.31
2015-2016       47      0.00216  0.00216  0.50   96863     209   96758  3426656  35.38
2015-2016       48      0.00284  0.00283  0.50   96653     274   96516  3329898  34.45
2015-2016       49      0.00259  0.00259  0.50   96379     250   96255  3233382  33.55
2015-2016       50      0.00314  0.00313  0.50   96130     301   95979  3137127  32.63
2015-2016       51      0.00337  0.00336  0.50   95829     322   95668  3041148  31.74
2015-2016       52      0.00346  0.00346  0.50   95507     330   95342  2945480  30.84
2015-2016       53      0.00374  0.00374  0.50   95177     356   94999  2850138  29.95
2015-2016       54      0.00431  0.00430  0.50   94821     408   94617  2755139  29.06
2015-2016       55      0.00510  0.00509  0.50   94413     481   94173  2660522  28.18
2015-2016       56      0.00490  0.00489  0.50   93933     460   93703  2566349  27.32
2015-2016       57      0.00550  0.00549  0.50   93473     513   93217  2472646  26.45
2015-2016       58      0.00578  0.00576  0.50   92960     536   92692  2379429  25.60
2015-2016       59      0.00620  0.00618  0.50   92424     572   92139  2286737  24.74
2015-2016       60      0.00713  0.00711  0.50   91853     653   91526  2194598  23.89
2015-2016       61      0.00716  0.00714  0.50   91200     651   90874  2103072  23.06
2015-2016       62      0.00768  0.00765  0.50   90549     693   90202  2012197  22.22
2015-2016       63      0.00840  0.00837  0.50   89856     752   89480  1921995  21.39
2015-2016       64      0.00959  0.00954  0.50   89104     850   88679  1832515  20.57
2015-2016       65      0.00981  0.00976  0.50   88254     861   87823  1743836  19.76
2015-2016       66      0.01076  0.01070  0.50   87392     935   86925  1656013  18.95
2015-2016       67      0.01127  0.01121  0.50   86457     969   85972  1569088  18.15
2015-2016       68      0.01301  0.01293  0.50   85488    1105   84935  1483116  17.35
2015-2016       69      0.01393  0.01383  0.50   84382    1167   83799  1398181  16.57
2015-2016       70      0.01530  0.01519  0.50   83215    1264   82583  1314382  15.79
2015-2016       71      0.01755  0.01740  0.50   81952    1426   81239  1231799  15.03
2015-2016       72      0.01908  0.01890  0.50   80526    1522   79765  1150560  14.29
2015-2016       73      0.02343  0.02316  0.50   79004    1830   78089  1070796  13.55
2015-2016       74      0.02524  0.02492  0.50   77174    1923   76212   992707  12.86
2015-2016       75      0.02624  0.02590  0.50   75250    1949   74276   916495  12.18
2015-2016       76      0.02893  0.02852  0.50   73301    2090   72256   842219  11.49
2015-2016       77      0.03413  0.03356  0.50   71211    2390   70016   769963  10.81
2015-2016       78      0.03837  0.03765  0.50   68821    2591   67526   699947  10.17
2015-2016       79      0.04129  0.04045  0.50   66230    2679   64891   632422   9.55
2015-2016       80      0.04634  0.04529  0.50   63551    2878   62112   567531   8.93
2015-2016       81      0.05728  0.05569  0.50   60673    3379   58983   505419   8.33
2015-2016       82      0.06302  0.06109  0.50   57294    3500   55544   446436   7.79
2015-2016       83      0.07118  0.06874  0.50   53794    3698   51945   390893   7.27
2015-2016       84      0.08178  0.07857  0.50   50096    3936   48128   338948   6.77
2015-2016       85      0.09094  0.08698  0.50   46160    4015   44152   290820   6.30
2015-2016       86      0.10324  0.09817  0.50   42145    4137   40076   246667   5.85
2015-2016       87      0.11814  0.11155  0.50   38008    4240   35888   206591   5.44
2015-2016       88      0.13340  0.12506  0.50   33768    4223   31656   170703   5.06
2015-2016       89      0.14774  0.13758  0.50   29545    4065   27512   139047   4.71
2015-2016       90      0.15690  0.14549  0.50   25480    3707   23627   111535   4.38
2015-2016       91      0.17656  0.16224  0.50   21773    3532   20007    87908   4.04
2015-2016       92      0.20005  0.18186  0.50   18241    3317   16582    67901   3.72
2015-2016       93      0.22622  0.20323  0.50   14923    3033   13407    51319   3.44
2015-2016       94      0.25101  0.22302  0.50   11891    2652   10565    37912   3.19
2015-2016       95      0.27758  0.24375  0.50    9239    2252    8113    27347   2.96
2015-2016       96      0.30531  0.26487  0.50    6987    1851    6061    19235   2.75
2015-2016       97      0.33452  0.28659  0.50    5136    1472    4400    13173   2.56
2015-2016       98      0.36506  0.30871  0.50    3664    1131    3099     8773   2.39
2015-2016       99      0.39672  0.33105  0.50    2533     839    2114     5674   2.24
2015-2016      100      0.42927  0.35342  0.50    1694     599    1395     3561   2.10
2015-2016      101      0.46245  0.37560  0.50    1096     412     890     2166   1.98
2015-2016      102      0.49596  0.39741  0.50     684     272     548     1276   1.86
2015-2016      103      0.52951  0.41867  0.50     412     173     326      728   1.76
2015-2016      104      0.56280  0.43920  0.50     240     105     187      402   1.68
2015-2016      105      0.59552  0.45889  0.50     134      62     104      215   1.60
2015-2016      106      0.62742  0.47760  0.50      73      35      55      111   1.53
2015-2016      107      0.65825  0.49525  0.50      38      19      29       56   1.47
2015-2016      108      0.68780  0.51179  0.50      19      10      14       27   1.41
2015-2016      109      0.71589  0.52719  0.50       9       5       7       13   1.37
2015-2016      110+     0.74241  1.00000  1.35       4       4       6        6   1.35
