NSW, Life tables (period 1x10), Males	Last modified: 02 Jul 2018;  Methods Protocol: v6 (2017)

  Year          Age         mx       qx    ax      lx      dx      Lx       Tx     ex
1971-1979        0      0.01785  0.01757  0.11  100000    1757   98443  6908829  69.09
1971-1979        1      0.00122  0.00122  0.50   98243     119   98183  6810387  69.32
1971-1979        2      0.00078  0.00078  0.50   98123      76   98085  6712203  68.41
1971-1979        3      0.00065  0.00065  0.50   98047      64   98015  6614118  67.46
1971-1979        4      0.00053  0.00053  0.50   97984      52   97957  6516103  66.50
1971-1979        5      0.00046  0.00046  0.50   97931      45   97909  6418145  65.54
1971-1979        6      0.00041  0.00041  0.50   97886      41   97866  6320236  64.57
1971-1979        7      0.00036  0.00036  0.50   97846      35   97828  6222370  63.59
1971-1979        8      0.00035  0.00035  0.50   97811      34   97794  6124542  62.62
1971-1979        9      0.00027  0.00027  0.50   97776      26   97763  6026748  61.64
1971-1979       10      0.00031  0.00031  0.50   97750      30   97735  5928985  60.65
1971-1979       11      0.00036  0.00036  0.50   97720      36   97702  5831250  59.67
1971-1979       12      0.00037  0.00037  0.50   97685      36   97667  5733548  58.69
1971-1979       13      0.00038  0.00038  0.50   97649      38   97630  5635881  57.72
1971-1979       14      0.00050  0.00050  0.50   97611      49   97587  5538251  56.74
1971-1979       15      0.00063  0.00063  0.50   97562      61   97531  5440665  55.77
1971-1979       16      0.00097  0.00097  0.50   97501      94   97454  5343133  54.80
1971-1979       17      0.00150  0.00150  0.50   97407     146   97334  5245680  53.85
1971-1979       18      0.00185  0.00184  0.50   97260     179   97171  5148346  52.93
1971-1979       19      0.00203  0.00202  0.50   97081     197   96983  5051175  52.03
1971-1979       20      0.00202  0.00201  0.50   96884     195   96787  4954193  51.14
1971-1979       21      0.00186  0.00186  0.50   96689     180   96599  4857406  50.24
1971-1979       22      0.00163  0.00162  0.50   96509     157   96431  4760806  49.33
1971-1979       23      0.00154  0.00154  0.50   96353     148   96279  4664375  48.41
1971-1979       24      0.00153  0.00153  0.50   96205     147   96131  4568097  47.48
1971-1979       25      0.00135  0.00135  0.50   96058     129   95993  4471965  46.55
1971-1979       26      0.00137  0.00137  0.50   95928     131   95863  4375972  45.62
1971-1979       27      0.00128  0.00128  0.50   95797     123   95736  4280109  44.68
1971-1979       28      0.00129  0.00129  0.50   95674     123   95613  4184374  43.74
1971-1979       29      0.00130  0.00130  0.50   95551     124   95489  4088761  42.79
1971-1979       30      0.00125  0.00125  0.50   95427     119   95367  3993271  41.85
1971-1979       31      0.00121  0.00121  0.50   95308     115   95250  3897904  40.90
1971-1979       32      0.00147  0.00147  0.50   95193     140   95123  3802653  39.95
1971-1979       33      0.00135  0.00135  0.50   95053     128   94989  3707530  39.00
1971-1979       34      0.00145  0.00145  0.50   94925     138   94856  3612541  38.06
1971-1979       35      0.00165  0.00165  0.50   94787     156   94709  3517685  37.11
1971-1979       36      0.00177  0.00177  0.50   94631     168   94547  3422976  36.17
1971-1979       37      0.00188  0.00187  0.50   94463     177   94375  3328429  35.24
1971-1979       38      0.00230  0.00229  0.50   94286     216   94178  3234054  34.30
1971-1979       39      0.00234  0.00234  0.50   94070     220   93960  3139876  33.38
1971-1979       40      0.00235  0.00235  0.50   93850     221   93740  3045916  32.46
1971-1979       41      0.00296  0.00296  0.50   93630     277   93491  2952176  31.53
1971-1979       42      0.00348  0.00348  0.50   93353     324   93190  2858685  30.62
1971-1979       43      0.00396  0.00395  0.50   93028     367   92845  2765495  29.73
1971-1979       44      0.00414  0.00413  0.50   92661     383   92470  2672650  28.84
1971-1979       45      0.00451  0.00450  0.50   92278     415   92071  2580181  27.96
1971-1979       46      0.00533  0.00532  0.50   91863     488   91619  2488110  27.08
1971-1979       47      0.00594  0.00592  0.50   91375     541   91104  2396491  26.23
1971-1979       48      0.00630  0.00628  0.50   90834     570   90548  2305387  25.38
1971-1979       49      0.00744  0.00742  0.50   90263     669   89929  2214838  24.54
1971-1979       50      0.00765  0.00762  0.50   89594     683   89253  2124910  23.72
1971-1979       51      0.00793  0.00789  0.50   88911     702   88560  2035657  22.90
1971-1979       52      0.00950  0.00946  0.50   88209     834   87792  1947097  22.07
1971-1979       53      0.01063  0.01057  0.50   87375     924   86913  1859304  21.28
1971-1979       54      0.01194  0.01187  0.50   86451    1026   85938  1772391  20.50
1971-1979       55      0.01234  0.01227  0.50   85425    1048   84902  1686452  19.74
1971-1979       56      0.01400  0.01390  0.50   84378    1173   83791  1601551  18.98
1971-1979       57      0.01518  0.01506  0.50   83204    1253   82578  1517760  18.24
1971-1979       58      0.01675  0.01661  0.50   81951    1361   81270  1435182  17.51
1971-1979       59      0.01884  0.01867  0.50   80590    1504   79838  1353912  16.80
1971-1979       60      0.02030  0.02010  0.50   79085    1589   78291  1274074  16.11
1971-1979       61      0.02119  0.02097  0.50   77496    1625   76684  1195783  15.43
1971-1979       62      0.02586  0.02553  0.50   75871    1937   74902  1119099  14.75
1971-1979       63      0.02823  0.02784  0.50   73934    2058   72905  1044197  14.12
1971-1979       64      0.03031  0.02986  0.50   71876    2146   70803   971292  13.51
1971-1979       65      0.03301  0.03247  0.50   69730    2264   68598   900489  12.91
1971-1979       66      0.03322  0.03268  0.50   67465    2205   66363   831891  12.33
1971-1979       67      0.03854  0.03782  0.50   65261    2468   64027   765528  11.73
1971-1979       68      0.04137  0.04053  0.50   62793    2545   61520   701501  11.17
1971-1979       69      0.04608  0.04504  0.50   60248    2713   58891   639981  10.62
1971-1979       70      0.04864  0.04749  0.50   57534    2732   56168   581090  10.10
1971-1979       71      0.05344  0.05205  0.50   54802    2852   53376   524921   9.58
1971-1979       72      0.06122  0.05940  0.50   51950    3086   50407   471545   9.08
1971-1979       73      0.06522  0.06316  0.50   48864    3086   47321   421138   8.62
1971-1979       74      0.07153  0.06906  0.50   45778    3162   44197   373817   8.17
1971-1979       75      0.07828  0.07533  0.50   42616    3210   41011   329619   7.73
1971-1979       76      0.08490  0.08144  0.50   39406    3209   37801   288608   7.32
1971-1979       77      0.08924  0.08543  0.50   36197    3092   34651   250807   6.93
1971-1979       78      0.10268  0.09766  0.50   33104    3233   31488   216156   6.53
1971-1979       79      0.10877  0.10316  0.50   29871    3082   28331   184668   6.18
1971-1979       80      0.11694  0.11048  0.50   26790    2960   25310   156338   5.84
1971-1979       81      0.11954  0.11280  0.50   23830    2688   22486   131028   5.50
1971-1979       82      0.14102  0.13173  0.50   21142    2785   19749   108542   5.13
1971-1979       83      0.15285  0.14200  0.50   18357    2607   17054    88792   4.84
1971-1979       84      0.17268  0.15896  0.50   15750    2504   14498    71739   4.55
1971-1979       85      0.17535  0.16121  0.50   13247    2136   12179    57240   4.32
1971-1979       86      0.20451  0.18554  0.50   11111    2062   10080    45062   4.06
1971-1979       87      0.20875  0.18902  0.50    9050    1711    8194    34981   3.87
1971-1979       88      0.21549  0.19453  0.50    7339    1428    6625    26787   3.65
1971-1979       89      0.25086  0.22290  0.50    5911    1318    5253    20162   3.41
1971-1979       90      0.26537  0.23428  0.50    4594    1076    4056    14909   3.25
1971-1979       91      0.24763  0.22035  0.50    3517     775    3130    10854   3.09
1971-1979       92      0.30284  0.26301  0.50    2742     721    2382     7724   2.82
1971-1979       93      0.34307  0.29284  0.50    2021     592    1725     5342   2.64
1971-1979       94      0.36592  0.30933  0.50    1429     442    1208     3617   2.53
1971-1979       95      0.36898  0.31151  0.50     987     308     833     2409   2.44
1971-1979       96      0.39235  0.32801  0.50     680     223     568     1575   2.32
1971-1979       97      0.41623  0.34453  0.50     457     157     378     1007   2.20
1971-1979       98      0.44050  0.36099  0.50     299     108     245      629   2.10
1971-1979       99      0.46507  0.37732  0.50     191      72     155      384   2.01
1971-1979      100      0.48980  0.39344  0.50     119      47      96      228   1.92
1971-1979      101      0.51458  0.40928  0.50      72      30      57      133   1.84
1971-1979      102      0.53929  0.42476  0.50      43      18      34       75   1.76
1971-1979      103      0.56381  0.43982  0.50      25      11      19       42   1.69
1971-1979      104      0.58802  0.45442  0.50      14       6      11       22   1.63
1971-1979      105      0.61182  0.46850  0.50       8       4       6       12   1.58
1971-1979      106      0.63509  0.48202  0.50       4       2       3        6   1.53
1971-1979      107      0.65775  0.49497  0.50       2       1       2        3   1.48
1971-1979      108      0.67971  0.50730  0.50       1       1       1        2   1.44
1971-1979      109      0.70090  0.51901  0.50       1       0       0        1   1.41
1971-1979      110+     0.72126  1.00000  1.39       0       0       0        0   1.39
1980-1989        0      0.01081  0.01071  0.13  100000    1071   99065  7207375  72.07
1980-1989        1      0.00073  0.00073  0.50   98929      72   98893  7108310  71.85
1980-1989        2      0.00055  0.00055  0.50   98857      54   98830  7009417  70.90
1980-1989        3      0.00047  0.00047  0.50   98803      47   98779  6910587  69.94
1980-1989        4      0.00035  0.00035  0.50   98756      34   98739  6811808  68.98
1980-1989        5      0.00032  0.00032  0.50   98722      32   98706  6713069  68.00
1980-1989        6      0.00030  0.00030  0.50   98690      29   98675  6614363  67.02
1980-1989        7      0.00025  0.00025  0.50   98661      25   98648  6515687  66.04
1980-1989        8      0.00030  0.00030  0.50   98636      29   98621  6417039  65.06
1980-1989        9      0.00021  0.00021  0.50   98607      21   98596  6318417  64.08
1980-1989       10      0.00028  0.00028  0.50   98586      27   98572  6219821  63.09
1980-1989       11      0.00023  0.00023  0.50   98558      23   98547  6121249  62.11
1980-1989       12      0.00026  0.00026  0.50   98536      25   98523  6022702  61.12
1980-1989       13      0.00031  0.00031  0.50   98510      30   98495  5924179  60.14
1980-1989       14      0.00036  0.00036  0.50   98480      36   98462  5825684  59.16
1980-1989       15      0.00049  0.00049  0.50   98444      48   98420  5727222  58.18
1980-1989       16      0.00077  0.00076  0.50   98396      75   98358  5628802  57.21
1980-1989       17      0.00129  0.00129  0.50   98321     127   98257  5530444  56.25
1980-1989       18      0.00158  0.00158  0.50   98194     155   98117  5432186  55.32
1980-1989       19      0.00153  0.00153  0.50   98039     150   97964  5334070  54.41
1980-1989       20      0.00172  0.00172  0.50   97889     168   97805  5236106  53.49
1980-1989       21      0.00158  0.00158  0.50   97721     154   97644  5138301  52.58
1980-1989       22      0.00162  0.00162  0.50   97567     158   97488  5040657  51.66
1980-1989       23      0.00146  0.00146  0.50   97409     142   97338  4943169  50.75
1980-1989       24      0.00155  0.00155  0.50   97267     151   97191  4845831  49.82
1980-1989       25      0.00147  0.00147  0.50   97116     142   97045  4748640  48.90
1980-1989       26      0.00143  0.00143  0.50   96974     139   96904  4651595  47.97
1980-1989       27      0.00139  0.00139  0.50   96835     135   96767  4554691  47.04
1980-1989       28      0.00135  0.00135  0.50   96700     130   96635  4457924  46.10
1980-1989       29      0.00131  0.00130  0.50   96569     126   96506  4361289  45.16
1980-1989       30      0.00125  0.00125  0.50   96443     121   96383  4264783  44.22
1980-1989       31      0.00123  0.00123  0.50   96323     118   96264  4168400  43.28
1980-1989       32      0.00127  0.00127  0.50   96204     122   96143  4072136  42.33
1980-1989       33      0.00138  0.00138  0.50   96082     133   96016  3975993  41.38
1980-1989       34      0.00126  0.00126  0.50   95950     121   95889  3879977  40.44
1980-1989       35      0.00142  0.00142  0.50   95829     136   95761  3784087  39.49
1980-1989       36      0.00135  0.00134  0.50   95693     129   95629  3688326  38.54
1980-1989       37      0.00156  0.00156  0.50   95564     149   95490  3592697  37.59
1980-1989       38      0.00160  0.00160  0.50   95416     153   95339  3497207  36.65
1980-1989       39      0.00187  0.00187  0.50   95263     178   95174  3401868  35.71
1980-1989       40      0.00190  0.00190  0.50   95085     180   94995  3306694  34.78
1980-1989       41      0.00198  0.00198  0.50   94905     188   94811  3211699  33.84
1980-1989       42      0.00232  0.00232  0.50   94717     219   94607  3116889  32.91
1980-1989       43      0.00270  0.00270  0.50   94498     255   94370  3022281  31.98
1980-1989       44      0.00276  0.00276  0.50   94243     260   94113  2927911  31.07
1980-1989       45      0.00289  0.00288  0.50   93983     271   93848  2833798  30.15
1980-1989       46      0.00373  0.00372  0.50   93712     349   93538  2739950  29.24
1980-1989       47      0.00389  0.00388  0.50   93363     363   93182  2646412  28.35
1980-1989       48      0.00440  0.00439  0.50   93001     408   92797  2553230  27.45
1980-1989       49      0.00497  0.00496  0.50   92593     459   92363  2460433  26.57
1980-1989       50      0.00584  0.00583  0.50   92133     537   91865  2368070  25.70
1980-1989       51      0.00605  0.00603  0.50   91597     552   91320  2276205  24.85
1980-1989       52      0.00700  0.00697  0.50   91044     635   90727  2184885  24.00
1980-1989       53      0.00792  0.00789  0.50   90409     714   90052  2094158  23.16
1980-1989       54      0.00855  0.00851  0.50   89696     763   89314  2004106  22.34
1980-1989       55      0.00917  0.00913  0.50   88932     812   88527  1914792  21.53
1980-1989       56      0.01055  0.01049  0.50   88121     925   87659  1826265  20.72
1980-1989       57      0.01180  0.01173  0.50   87196    1023   86685  1738606  19.94
1980-1989       58      0.01334  0.01326  0.50   86173    1142   85602  1651922  19.17
1980-1989       59      0.01465  0.01455  0.50   85031    1237   84412  1566320  18.42
1980-1989       60      0.01518  0.01507  0.50   83794    1262   83163  1481908  17.69
1980-1989       61      0.01619  0.01606  0.50   82531    1326   81869  1398745  16.95
1980-1989       62      0.01910  0.01892  0.50   81206    1536   80438  1316876  16.22
1980-1989       63      0.02081  0.02059  0.50   79670    1641   78849  1236439  15.52
1980-1989       64      0.02317  0.02290  0.50   78029    1787   77136  1157589  14.84
1980-1989       65      0.02585  0.02552  0.50   76242    1946   75269  1080453  14.17
1980-1989       66      0.02715  0.02679  0.50   74296    1990   73301  1005184  13.53
1980-1989       67      0.03068  0.03021  0.50   72306    2185   71214   931883  12.89
1980-1989       68      0.03282  0.03229  0.50   70121    2264   68989   860670  12.27
1980-1989       69      0.03736  0.03668  0.50   67857    2489   66613   791680  11.67
1980-1989       70      0.04001  0.03923  0.50   65368    2564   64086   725068  11.09
1980-1989       71      0.04375  0.04281  0.50   62804    2689   61460   660982  10.52
1980-1989       72      0.05002  0.04880  0.50   60115    2934   58648   599522   9.97
1980-1989       73      0.05396  0.05254  0.50   57182    3004   55680   540874   9.46
1980-1989       74      0.05947  0.05776  0.50   54177    3129   52613   485194   8.96
1980-1989       75      0.06401  0.06203  0.50   51048    3166   49465   432581   8.47
1980-1989       76      0.07010  0.06773  0.50   47882    3243   46260   383116   8.00
1980-1989       77      0.07577  0.07300  0.50   44639    3259   43010   336856   7.55
1980-1989       78      0.08623  0.08266  0.50   41380    3421   39670   293846   7.10
1980-1989       79      0.09517  0.09084  0.50   37959    3448   36235   254176   6.70
1980-1989       80      0.10329  0.09821  0.50   34511    3389   32816   217941   6.32
1980-1989       81      0.10683  0.10141  0.50   31122    3156   29543   185125   5.95
1980-1989       82      0.12295  0.11583  0.50   27965    3239   26346   155581   5.56
1980-1989       83      0.13544  0.12685  0.50   24726    3136   23158   129236   5.23
1980-1989       84      0.14797  0.13777  0.50   21590    2975   20103   106078   4.91
1980-1989       85      0.16316  0.15085  0.50   18615    2808   17211    85975   4.62
1980-1989       86      0.17573  0.16154  0.50   15807    2553   14530    68764   4.35
1980-1989       87      0.18966  0.17323  0.50   13254    2296   12106    54233   4.09
1980-1989       88      0.20750  0.18800  0.50   10958    2060    9928    42128   3.84
1980-1989       89      0.22595  0.20301  0.50    8898    1806    7994    32200   3.62
1980-1989       90      0.23773  0.21247  0.50    7091    1507    6338    24206   3.41
1980-1989       91      0.26323  0.23261  0.50    5585    1299    4935    17868   3.20
1980-1989       92      0.28481  0.24931  0.50    4286    1068    3751    12933   3.02
1980-1989       93      0.30086  0.26152  0.50    3217     841    2796     9181   2.85
1980-1989       94      0.31830  0.27460  0.50    2376     652    2050     6385   2.69
1980-1989       95      0.35345  0.30037  0.50    1723     518    1465     4335   2.52
1980-1989       96      0.37783  0.31779  0.50    1206     383    1014     2871   2.38
1980-1989       97      0.40284  0.33530  0.50     823     276     685     1856   2.26
1980-1989       98      0.42837  0.35281  0.50     547     193     450     1172   2.14
1980-1989       99      0.45429  0.37020  0.50     354     131     288      721   2.04
1980-1989      100      0.48046  0.38740  0.50     223      86     180      433   1.94
1980-1989      101      0.50673  0.40430  0.50     137      55     109      253   1.86
1980-1989      102      0.53297  0.42083  0.50      81      34      64      144   1.78
1980-1989      103      0.55903  0.43691  0.50      47      21      37       80   1.70
1980-1989      104      0.58477  0.45247  0.50      27      12      21       43   1.64
1980-1989      105      0.61005  0.46746  0.50      15       7      11       23   1.58
1980-1989      106      0.63475  0.48183  0.50       8       4       6       12   1.52
1980-1989      107      0.65877  0.49554  0.50       4       2       3        6   1.48
1980-1989      108      0.68199  0.50857  0.50       2       1       2        3   1.43
1980-1989      109      0.70435  0.52090  0.50       1       1       1        1   1.40
1980-1989      110+     0.72576  1.00000  1.38       0       0       1        1   1.38
1990-1999        0      0.00692  0.00688  0.14  100000     688   99405  7508631  75.09
1990-1999        1      0.00060  0.00060  0.50   99312      60   99282  7409225  74.61
1990-1999        2      0.00042  0.00042  0.50   99252      42   99231  7309944  73.65
1990-1999        3      0.00030  0.00030  0.50   99210      29   99195  7210713  72.68
1990-1999        4      0.00024  0.00024  0.50   99180      24   99168  7111518  71.70
1990-1999        5      0.00018  0.00018  0.50   99157      18   99148  7012350  70.72
1990-1999        6      0.00017  0.00017  0.50   99139      16   99131  6913202  69.73
1990-1999        7      0.00018  0.00018  0.50   99122      18   99113  6814071  68.74
1990-1999        8      0.00016  0.00016  0.50   99105      16   99097  6714958  67.76
1990-1999        9      0.00014  0.00014  0.50   99089      14   99082  6615861  66.77
1990-1999       10      0.00016  0.00016  0.50   99075      16   99067  6516780  65.78
1990-1999       11      0.00017  0.00017  0.50   99059      17   99050  6417713  64.79
1990-1999       12      0.00018  0.00018  0.50   99042      18   99033  6318662  63.80
1990-1999       13      0.00016  0.00016  0.50   99024      16   99016  6219629  62.81
1990-1999       14      0.00029  0.00029  0.50   99008      29   98994  6120613  61.82
1990-1999       15      0.00041  0.00041  0.50   98979      41   98959  6021619  60.84
1990-1999       16      0.00055  0.00055  0.50   98938      54   98911  5922660  59.86
1990-1999       17      0.00085  0.00085  0.50   98884      84   98842  5823749  58.89
1990-1999       18      0.00105  0.00105  0.50   98800     103   98748  5724907  57.94
1990-1999       19      0.00111  0.00111  0.50   98696     109   98642  5626159  57.00
1990-1999       20      0.00118  0.00118  0.50   98587     116   98529  5527517  56.07
1990-1999       21      0.00116  0.00116  0.50   98471     114   98414  5428988  55.13
1990-1999       22      0.00120  0.00120  0.50   98357     118   98298  5330574  54.20
1990-1999       23      0.00125  0.00125  0.50   98239     123   98177  5232276  53.26
1990-1999       24      0.00121  0.00121  0.50   98116     118   98056  5134099  52.33
1990-1999       25      0.00122  0.00122  0.50   97997     119   97938  5036042  51.39
1990-1999       26      0.00143  0.00143  0.50   97878     140   97808  4938105  50.45
1990-1999       27      0.00135  0.00135  0.50   97738     132   97672  4840297  49.52
1990-1999       28      0.00126  0.00126  0.50   97606     123   97545  4742624  48.59
1990-1999       29      0.00139  0.00138  0.50   97483     135   97416  4645080  47.65
1990-1999       30      0.00136  0.00136  0.50   97348     132   97282  4547664  46.72
1990-1999       31      0.00148  0.00148  0.50   97216     144   97144  4450381  45.78
1990-1999       32      0.00156  0.00156  0.50   97072     151   96997  4353237  44.85
1990-1999       33      0.00140  0.00140  0.50   96921     136   96853  4256240  43.91
1990-1999       34      0.00154  0.00153  0.50   96785     149   96711  4159387  42.98
1990-1999       35      0.00150  0.00150  0.50   96637     145   96564  4062676  42.04
1990-1999       36      0.00155  0.00155  0.50   96491     149   96417  3966113  41.10
1990-1999       37      0.00161  0.00161  0.50   96342     155   96265  3869696  40.17
1990-1999       38      0.00158  0.00158  0.50   96187     152   96111  3773431  39.23
1990-1999       39      0.00176  0.00176  0.50   96035     169   95951  3677320  38.29
1990-1999       40      0.00181  0.00181  0.50   95866     173   95780  3581369  37.36
1990-1999       41      0.00195  0.00194  0.50   95693     186   95600  3485589  36.42
1990-1999       42      0.00207  0.00207  0.50   95507     197   95408  3389989  35.49
1990-1999       43      0.00216  0.00216  0.50   95310     206   95207  3294581  34.57
1990-1999       44      0.00227  0.00227  0.50   95104     216   94996  3199374  33.64
1990-1999       45      0.00243  0.00243  0.50   94888     231   94773  3104378  32.72
1990-1999       46      0.00261  0.00261  0.50   94658     247   94534  3009605  31.79
1990-1999       47      0.00284  0.00283  0.50   94411     267   94277  2915071  30.88
1990-1999       48      0.00309  0.00309  0.50   94144     290   93998  2820793  29.96
1990-1999       49      0.00337  0.00337  0.50   93853     316   93695  2726795  29.05
1990-1999       50      0.00367  0.00366  0.50   93537     343   93366  2633100  28.15
1990-1999       51      0.00416  0.00415  0.50   93194     387   93001  2539735  27.25
1990-1999       52      0.00456  0.00454  0.50   92807     422   92597  2446734  26.36
1990-1999       53      0.00512  0.00511  0.50   92386     472   92150  2354137  25.48
1990-1999       54      0.00548  0.00546  0.50   91914     502   91663  2261988  24.61
1990-1999       55      0.00608  0.00606  0.50   91411     554   91135  2170325  23.74
1990-1999       56      0.00704  0.00701  0.50   90858     637   90539  2079190  22.88
1990-1999       57      0.00780  0.00777  0.50   90221     701   89870  1988651  22.04
1990-1999       58      0.00881  0.00878  0.50   89519     786   89126  1898781  21.21
1990-1999       59      0.01004  0.00999  0.50   88734     886   88291  1809655  20.39
1990-1999       60      0.01109  0.01103  0.50   87848     969   87363  1721364  19.59
1990-1999       61      0.01231  0.01223  0.50   86879    1063   86348  1634001  18.81
1990-1999       62      0.01405  0.01395  0.50   85816    1198   85217  1547653  18.03
1990-1999       63      0.01567  0.01555  0.50   84619    1315   83961  1462436  17.28
1990-1999       64      0.01703  0.01689  0.50   83303    1407   82600  1378475  16.55
1990-1999       65      0.01871  0.01853  0.50   81896    1518   81137  1295875  15.82
1990-1999       66      0.02065  0.02044  0.50   80378    1643   79557  1214738  15.11
1990-1999       67      0.02325  0.02298  0.50   78735    1810   77831  1135181  14.42
1990-1999       68      0.02563  0.02531  0.50   76926    1947   75952  1057351  13.75
1990-1999       69      0.02752  0.02714  0.50   74979    2035   73961   981398  13.09
1990-1999       70      0.03025  0.02980  0.50   72944    2174   71857   907437  12.44
1990-1999       71      0.03338  0.03283  0.50   70770    2324   69608   835580  11.81
1990-1999       72      0.03689  0.03622  0.50   68446    2479   67207   765972  11.19
1990-1999       73      0.04133  0.04049  0.50   65967    2671   64632   698765  10.59
1990-1999       74      0.04499  0.04400  0.50   63296    2785   61904   634134  10.02
1990-1999       75      0.05002  0.04880  0.50   60511    2953   59035   572230   9.46
1990-1999       76      0.05447  0.05302  0.50   57559    3052   56033   513195   8.92
1990-1999       77      0.06022  0.05846  0.50   54507    3187   52913   457163   8.39
1990-1999       78      0.06602  0.06391  0.50   51320    3280   49680   404249   7.88
1990-1999       79      0.07490  0.07220  0.50   48040    3468   46306   354569   7.38
1990-1999       80      0.08589  0.08235  0.50   44572    3670   42736   308264   6.92
1990-1999       81      0.09404  0.08982  0.50   40901    3674   39064   265527   6.49
1990-1999       82      0.10440  0.09922  0.50   37228    3694   35381   226463   6.08
1990-1999       83      0.11646  0.11005  0.50   33534    3690   31688   191082   5.70
1990-1999       84      0.12854  0.12077  0.50   29843    3604   28041   159394   5.34
1990-1999       85      0.14052  0.13129  0.50   26239    3445   24516   131353   5.01
1990-1999       86      0.15270  0.14187  0.50   22794    3234   21177   106836   4.69
1990-1999       87      0.16930  0.15609  0.50   19560    3053   18034    85659   4.38
1990-1999       88      0.18389  0.16841  0.50   16507    2780   15117    67626   4.10
1990-1999       89      0.20237  0.18377  0.50   13727    2523   12466    52508   3.83
1990-1999       90      0.22233  0.20008  0.50   11204    2242   10084    40043   3.57
1990-1999       91      0.24212  0.21598  0.50    8963    1936    7995    29959   3.34
1990-1999       92      0.27043  0.23822  0.50    7027    1674    6190    21964   3.13
1990-1999       93      0.29282  0.25542  0.50    5353    1367    4669    15774   2.95
1990-1999       94      0.30347  0.26349  0.50    3986    1050    3461    11105   2.79
1990-1999       95      0.33591  0.28761  0.50    2936     844    2513     7644   2.60
1990-1999       96      0.36153  0.30618  0.50    2091     640    1771     5131   2.45
1990-1999       97      0.38796  0.32493  0.50    1451     471    1215     3360   2.32
1990-1999       98      0.41507  0.34373  0.50     979     337     811     2145   2.19
1990-1999       99      0.44269  0.36246  0.50     643     233     526     1334   2.07
1990-1999      100      0.47068  0.38101  0.50     410     156     332      807   1.97
1990-1999      101      0.49886  0.39927  0.50     254     101     203      475   1.87
1990-1999      102      0.52704  0.41712  0.50     152      64     121      272   1.79
1990-1999      103      0.55505  0.43447  0.50      89      39      70      152   1.71
1990-1999      104      0.58271  0.45124  0.50      50      23      39       82   1.64
1990-1999      105      0.60986  0.46735  0.50      28      13      21       43   1.57
1990-1999      106      0.63635  0.48275  0.50      15       7      11       22   1.52
1990-1999      107      0.66204  0.49739  0.50       8       4       6       11   1.47
1990-1999      108      0.68681  0.51124  0.50       4       2       3        5   1.42
1990-1999      109      0.71055  0.52429  0.50       2       1       1        3   1.39
1990-1999      110+     0.73319  1.00000  1.36       1       1       1        1   1.36
2000-2009        0      0.00504  0.00502  0.14  100000     502   99568  7845897  78.46
2000-2009        1      0.00040  0.00040  0.50   99498      39   99479  7746329  77.85
2000-2009        2      0.00025  0.00025  0.50   99459      25   99446  7646850  76.88
2000-2009        3      0.00018  0.00018  0.50   99434      18   99425  7547404  75.90
2000-2009        4      0.00016  0.00016  0.50   99416      16   99408  7447979  74.92
2000-2009        5      0.00012  0.00012  0.50   99400      12   99394  7348571  73.93
2000-2009        6      0.00012  0.00012  0.50   99388      12   99382  7249177  72.94
2000-2009        7      0.00011  0.00011  0.50   99376      11   99371  7149795  71.95
2000-2009        8      0.00007  0.00007  0.50   99365       7   99362  7050424  70.95
2000-2009        9      0.00013  0.00013  0.50   99358      13   99352  6951063  69.96
2000-2009       10      0.00011  0.00011  0.50   99345      11   99340  6851711  68.97
2000-2009       11      0.00011  0.00011  0.50   99334      11   99329  6752371  67.98
2000-2009       12      0.00013  0.00013  0.50   99324      12   99317  6653042  66.98
2000-2009       13      0.00014  0.00014  0.50   99311      14   99304  6553725  65.99
2000-2009       14      0.00018  0.00018  0.50   99297      17   99288  6454421  65.00
2000-2009       15      0.00020  0.00020  0.50   99279      20   99269  6355133  64.01
2000-2009       16      0.00034  0.00034  0.50   99259      34   99242  6255864  63.03
2000-2009       17      0.00055  0.00055  0.50   99225      54   99198  6156622  62.05
2000-2009       18      0.00068  0.00068  0.50   99171      68   99137  6057423  61.08
2000-2009       19      0.00074  0.00074  0.50   99103      74   99066  5958286  60.12
2000-2009       20      0.00079  0.00079  0.50   99030      78   98991  5859220  59.17
2000-2009       21      0.00071  0.00071  0.50   98952      70   98917  5760229  58.21
2000-2009       22      0.00065  0.00065  0.50   98881      64   98849  5661313  57.25
2000-2009       23      0.00080  0.00080  0.50   98817      79   98778  5562464  56.29
2000-2009       24      0.00082  0.00082  0.50   98738      81   98698  5463686  55.33
2000-2009       25      0.00085  0.00085  0.50   98658      84   98616  5364987  54.38
2000-2009       26      0.00083  0.00083  0.50   98574      82   98533  5266372  53.43
2000-2009       27      0.00082  0.00082  0.50   98492      80   98452  5167839  52.47
2000-2009       28      0.00084  0.00084  0.50   98411      82   98370  5069387  51.51
2000-2009       29      0.00092  0.00092  0.50   98329      90   98284  4971017  50.55
2000-2009       30      0.00098  0.00098  0.50   98239      96   98191  4872733  49.60
2000-2009       31      0.00096  0.00096  0.50   98143      94   98096  4774542  48.65
2000-2009       32      0.00100  0.00100  0.50   98049      98   98000  4676446  47.70
2000-2009       33      0.00110  0.00109  0.50   97951     107   97897  4578446  46.74
2000-2009       34      0.00107  0.00107  0.50   97844     105   97791  4480548  45.79
2000-2009       35      0.00105  0.00105  0.50   97739     103   97688  4382757  44.84
2000-2009       36      0.00120  0.00120  0.50   97636     117   97578  4285069  43.89
2000-2009       37      0.00122  0.00122  0.50   97519     119   97460  4187491  42.94
2000-2009       38      0.00123  0.00123  0.50   97401     120   97341  4090031  41.99
2000-2009       39      0.00137  0.00137  0.50   97281     133   97214  3992690  41.04
2000-2009       40      0.00151  0.00151  0.50   97147     147   97074  3895476  40.10
2000-2009       41      0.00157  0.00157  0.50   97000     152   96924  3798403  39.16
2000-2009       42      0.00159  0.00159  0.50   96848     154   96771  3701478  38.22
2000-2009       43      0.00180  0.00180  0.50   96694     174   96607  3604707  37.28
2000-2009       44      0.00192  0.00192  0.50   96520     185   96428  3508100  36.35
2000-2009       45      0.00211  0.00211  0.50   96335     203   96233  3411672  35.41
2000-2009       46      0.00217  0.00217  0.50   96131     208   96027  3315439  34.49
2000-2009       47      0.00242  0.00242  0.50   95923     232   95807  3219411  33.56
2000-2009       48      0.00269  0.00269  0.50   95691     257   95563  3123604  32.64
2000-2009       49      0.00289  0.00289  0.50   95434     276   95296  3028042  31.73
2000-2009       50      0.00305  0.00305  0.50   95158     290   95013  2932746  30.82
2000-2009       51      0.00333  0.00332  0.50   94868     315   94711  2837732  29.91
2000-2009       52      0.00359  0.00358  0.50   94553     339   94384  2743022  29.01
2000-2009       53      0.00410  0.00409  0.50   94214     385   94022  2648638  28.11
2000-2009       54      0.00424  0.00423  0.50   93829     397   93630  2554616  27.23
2000-2009       55      0.00462  0.00461  0.50   93432     431   93216  2460986  26.34
2000-2009       56      0.00492  0.00491  0.50   93001     457   92772  2367770  25.46
2000-2009       57      0.00565  0.00564  0.50   92544     522   92283  2274997  24.58
2000-2009       58      0.00624  0.00622  0.50   92022     573   91736  2182714  23.72
2000-2009       59      0.00701  0.00699  0.50   91450     639   91130  2090978  22.86
2000-2009       60      0.00767  0.00764  0.50   90811     693   90464  1999848  22.02
2000-2009       61      0.00830  0.00827  0.50   90117     745   89745  1909384  21.19
2000-2009       62      0.00921  0.00917  0.50   89372     819   88962  1819639  20.36
2000-2009       63      0.01029  0.01024  0.50   88553     906   88100  1730677  19.54
2000-2009       64      0.01120  0.01113  0.50   87646     976   87158  1642577  18.74
2000-2009       65      0.01222  0.01215  0.50   86670    1053   86144  1555419  17.95
2000-2009       66      0.01435  0.01425  0.50   85618    1220   85008  1469274  17.16
2000-2009       67      0.01532  0.01521  0.50   84398    1283   83756  1384267  16.40
2000-2009       68      0.01683  0.01669  0.50   83114    1387   82421  1300511  15.65
2000-2009       69      0.01860  0.01843  0.50   81727    1506   80974  1218090  14.90
2000-2009       70      0.02181  0.02157  0.50   80221    1731   79356  1137116  14.17
2000-2009       71      0.02312  0.02285  0.50   78490    1794   77593  1057761  13.48
2000-2009       72      0.02582  0.02549  0.50   76697    1955   75719   980167  12.78
2000-2009       73      0.02903  0.02861  0.50   74742    2138   73673   904448  12.10
2000-2009       74      0.03315  0.03261  0.50   72603    2368   71419   830776  11.44
2000-2009       75      0.03677  0.03611  0.50   70236    2536   68968   759356  10.81
2000-2009       76      0.04054  0.03973  0.50   67700    2690   66355   690388  10.20
2000-2009       77      0.04493  0.04394  0.50   65010    2857   63582   624034   9.60
2000-2009       78      0.04883  0.04767  0.50   62153    2963   60672   560452   9.02
2000-2009       79      0.05688  0.05530  0.50   59190    3273   57554   499780   8.44
2000-2009       80      0.06375  0.06178  0.50   55917    3454   54190   442227   7.91
2000-2009       81      0.07085  0.06843  0.50   52463    3590   50668   388037   7.40
2000-2009       82      0.07847  0.07551  0.50   48873    3690   47027   337369   6.90
2000-2009       83      0.08882  0.08504  0.50   45182    3842   43261   290342   6.43
2000-2009       84      0.10077  0.09593  0.50   41340    3966   39357   247081   5.98
2000-2009       85      0.11457  0.10836  0.50   37374    4050   35349   207724   5.56
2000-2009       86      0.12519  0.11782  0.50   33324    3926   31361   172375   5.17
2000-2009       87      0.14062  0.13138  0.50   29398    3862   27467   141013   4.80
2000-2009       88      0.15822  0.14662  0.50   25536    3744   23664   113547   4.45
2000-2009       89      0.17434  0.16036  0.50   21792    3495   20044    89883   4.12
2000-2009       90      0.19904  0.18103  0.50   18297    3312   16641    69839   3.82
2000-2009       91      0.21832  0.19683  0.50   14985    2949   13510    53198   3.55
2000-2009       92      0.24445  0.21783  0.50   12035    2622   10725    39688   3.30
2000-2009       93      0.26131  0.23111  0.50    9414    2176    8326    28963   3.08
2000-2009       94      0.29473  0.25688  0.50    7238    1859    6308    20637   2.85
2000-2009       95      0.32003  0.27588  0.50    5379    1484    4637    14329   2.66
2000-2009       96      0.34905  0.29718  0.50    3895    1157    3316     9692   2.49
2000-2009       97      0.37923  0.31878  0.50    2737     873    2301     6376   2.33
2000-2009       98      0.41038  0.34051  0.50    1865     635    1547     4075   2.19
2000-2009       99      0.44226  0.36217  0.50    1230     445    1007     2527   2.06
2000-2009      100      0.47463  0.38360  0.50     784     301     634     1520   1.94
2000-2009      101      0.50721  0.40460  0.50     484     196     386      886   1.83
2000-2009      102      0.53973  0.42503  0.50     288     122     227      501   1.74
2000-2009      103      0.57192  0.44474  0.50     166      74     129      274   1.65
2000-2009      104      0.60351  0.46361  0.50      92      43      71      145   1.58
2000-2009      105      0.63425  0.48154  0.50      49      24      37       75   1.51
2000-2009      106      0.66395  0.49847  0.50      26      13      19       37   1.45
2000-2009      107      0.69240  0.51433  0.50      13       7      10       18   1.40
2000-2009      108      0.71946  0.52912  0.50       6       3       5        8   1.36
2000-2009      109      0.74501  0.54281  0.50       3       2       2        4   1.32
2000-2009      110+     0.76899  1.00000  1.30       1       1       2        2   1.30
2010-2016        0      0.00375  0.00374  0.14  100000     374   99679  8048669  80.49
2010-2016        1      0.00028  0.00028  0.50   99626      27   99612  7948990  79.79
2010-2016        2      0.00018  0.00018  0.50   99599      18   99590  7849378  78.81
2010-2016        3      0.00014  0.00014  0.50   99581      14   99574  7749788  77.82
2010-2016        4      0.00007  0.00007  0.50   99567       7   99564  7650214  76.83
2010-2016        5      0.00009  0.00009  0.50   99560       9   99556  7550650  75.84
2010-2016        6      0.00009  0.00009  0.50   99551       9   99547  7451095  74.85
2010-2016        7      0.00008  0.00008  0.50   99542       8   99538  7351548  73.85
2010-2016        8      0.00010  0.00010  0.50   99534      10   99529  7252010  72.86
2010-2016        9      0.00007  0.00007  0.50   99524       7   99520  7152481  71.87
2010-2016       10      0.00008  0.00008  0.50   99517       8   99513  7052961  70.87
2010-2016       11      0.00007  0.00007  0.50   99509       7   99505  6953448  69.88
2010-2016       12      0.00006  0.00006  0.50   99501       6   99498  6853943  68.88
2010-2016       13      0.00013  0.00013  0.50   99495      13   99489  6754445  67.89
2010-2016       14      0.00010  0.00010  0.50   99482      10   99478  6654956  66.90
2010-2016       15      0.00020  0.00020  0.50   99473      20   99463  6555478  65.90
2010-2016       16      0.00028  0.00028  0.50   99453      27   99439  6456016  64.92
2010-2016       17      0.00042  0.00042  0.50   99425      41   99405  6356577  63.93
2010-2016       18      0.00047  0.00047  0.50   99384      47   99361  6257172  62.96
2010-2016       19      0.00049  0.00049  0.50   99337      48   99313  6157812  61.99
2010-2016       20      0.00059  0.00059  0.50   99289      59   99259  6058499  61.02
2010-2016       21      0.00057  0.00057  0.50   99230      56   99202  5959239  60.05
2010-2016       22      0.00054  0.00054  0.50   99174      53   99147  5860037  59.09
2010-2016       23      0.00051  0.00051  0.50   99120      51   99095  5760890  58.12
2010-2016       24      0.00049  0.00049  0.50   99069      48   99045  5661795  57.15
2010-2016       25      0.00054  0.00054  0.50   99021      53   98995  5562750  56.18
2010-2016       26      0.00056  0.00056  0.50   98968      55   98941  5463756  55.21
2010-2016       27      0.00062  0.00062  0.50   98913      61   98882  5364815  54.24
2010-2016       28      0.00060  0.00060  0.50   98852      59   98823  5265933  53.27
2010-2016       29      0.00067  0.00067  0.50   98793      66   98760  5167110  52.30
2010-2016       30      0.00064  0.00064  0.50   98727      63   98695  5068350  51.34
2010-2016       31      0.00068  0.00068  0.50   98664      67   98630  4969655  50.37
2010-2016       32      0.00074  0.00074  0.50   98597      73   98560  4871024  49.40
2010-2016       33      0.00081  0.00081  0.50   98523      80   98483  4772464  48.44
2010-2016       34      0.00090  0.00090  0.50   98443      88   98399  4673981  47.48
2010-2016       35      0.00087  0.00086  0.50   98355      85   98313  4575582  46.52
2010-2016       36      0.00098  0.00098  0.50   98270      97   98222  4477269  45.56
2010-2016       37      0.00097  0.00097  0.50   98173      95   98126  4379047  44.61
2010-2016       38      0.00108  0.00108  0.50   98078     106   98025  4280922  43.65
2010-2016       39      0.00113  0.00113  0.50   97972     110   97917  4182897  42.69
2010-2016       40      0.00119  0.00119  0.50   97861     116   97803  4084980  41.74
2010-2016       41      0.00135  0.00135  0.50   97745     132   97679  3987177  40.79
2010-2016       42      0.00148  0.00148  0.50   97613     145   97541  3889498  39.85
2010-2016       43      0.00167  0.00167  0.50   97468     163   97387  3791957  38.90
2010-2016       44      0.00165  0.00165  0.50   97305     161   97225  3694570  37.97
2010-2016       45      0.00185  0.00185  0.50   97145     180   97055  3597345  37.03
2010-2016       46      0.00201  0.00201  0.50   96965     195   96868  3500290  36.10
2010-2016       47      0.00214  0.00214  0.50   96770     207   96667  3403422  35.17
2010-2016       48      0.00267  0.00266  0.50   96563     257   96435  3306756  34.24
2010-2016       49      0.00273  0.00272  0.50   96306     262   96175  3210321  33.33
2010-2016       50      0.00295  0.00295  0.50   96044     283   95902  3114146  32.42
2010-2016       51      0.00310  0.00309  0.50   95761     296   95613  3018243  31.52
2010-2016       52      0.00348  0.00347  0.50   95465     331   95299  2922630  30.61
2010-2016       53      0.00375  0.00374  0.50   95134     356   94956  2827331  29.72
2010-2016       54      0.00407  0.00406  0.50   94778     385   94585  2732375  28.83
2010-2016       55      0.00482  0.00481  0.50   94393     454   94166  2637790  27.94
2010-2016       56      0.00486  0.00484  0.50   93939     455   93712  2543624  27.08
2010-2016       57      0.00517  0.00516  0.50   93484     482   93243  2449912  26.21
2010-2016       58      0.00555  0.00553  0.50   93002     515   92745  2356669  25.34
2010-2016       59      0.00622  0.00620  0.50   92487     574   92200  2263925  24.48
2010-2016       60      0.00697  0.00695  0.50   91914     639   91594  2171724  23.63
2010-2016       61      0.00726  0.00724  0.50   91275     660   90945  2080130  22.79
2010-2016       62      0.00783  0.00780  0.50   90615     707   90261  1989185  21.95
2010-2016       63      0.00847  0.00843  0.50   89908     758   89529  1898924  21.12
2010-2016       64      0.00957  0.00952  0.50   89150     849   88725  1809395  20.30
2010-2016       65      0.01023  0.01018  0.50   88301     899   87852  1720669  19.49
2010-2016       66      0.01121  0.01115  0.50   87402     974   86915  1632818  18.68
2010-2016       67      0.01230  0.01223  0.50   86428    1057   85899  1545903  17.89
2010-2016       68      0.01349  0.01340  0.50   85371    1144   84799  1460004  17.10
2010-2016       69      0.01436  0.01425  0.50   84227    1201   83627  1375205  16.33
2010-2016       70      0.01612  0.01599  0.50   83027    1327   82363  1291578  15.56
2010-2016       71      0.01822  0.01806  0.50   81699    1475   80962  1209215  14.80
2010-2016       72      0.01990  0.01971  0.50   80224    1581   79433  1128253  14.06
2010-2016       73      0.02274  0.02249  0.50   78643    1769   77759  1048820  13.34
2010-2016       74      0.02559  0.02526  0.50   76874    1942   75903   971061  12.63
2010-2016       75      0.02766  0.02728  0.50   74932    2044   73910   895158  11.95
2010-2016       76      0.03084  0.03037  0.50   72888    2214   71781   821248  11.27
2010-2016       77      0.03566  0.03504  0.50   70674    2476   69436   749467  10.60
2010-2016       78      0.03960  0.03883  0.50   68198    2648   66874   680030   9.97
2010-2016       79      0.04426  0.04330  0.50   65550    2838   64131   613156   9.35
2010-2016       80      0.04987  0.04865  0.50   62712    3051   61186   549025   8.75
2010-2016       81      0.05735  0.05575  0.50   59661    3326   57998   487839   8.18
2010-2016       82      0.06541  0.06334  0.50   56335    3568   54551   429841   7.63
2010-2016       83      0.07309  0.07051  0.50   52766    3721   50906   375290   7.11
2010-2016       84      0.08332  0.07999  0.50   49046    3923   47084   324384   6.61
2010-2016       85      0.09200  0.08795  0.50   45122    3969   43138   277300   6.15
2010-2016       86      0.10714  0.10170  0.50   41154    4185   39061   234162   5.69
2010-2016       87      0.11870  0.11205  0.50   36969    4142   34898   195101   5.28
2010-2016       88      0.13383  0.12544  0.50   32826    4118   30768   160203   4.88
2010-2016       89      0.15339  0.14247  0.50   28709    4090   26664   129436   4.51
2010-2016       90      0.17106  0.15758  0.50   24619    3879   22679   102772   4.17
2010-2016       91      0.18979  0.17334  0.50   20739    3595   18942    80093   3.86
2010-2016       92      0.21241  0.19202  0.50   17144    3292   15498    61151   3.57
2010-2016       93      0.24202  0.21589  0.50   13852    2991   12357    45653   3.30
2010-2016       94      0.26851  0.23673  0.50   10862    2571    9576    33296   3.07
2010-2016       95      0.28946  0.25287  0.50    8290    2096    7242    23720   2.86
2010-2016       96      0.31834  0.27463  0.50    6194    1701    5343    16478   2.66
2010-2016       97      0.34869  0.29692  0.50    4493    1334    3826    11135   2.48
2010-2016       98      0.38031  0.31955  0.50    3159    1009    2654     7309   2.31
2010-2016       99      0.41298  0.34230  0.50    2149     736    1782     4655   2.17
2010-2016      100      0.44644  0.36497  0.50    1414     516    1156     2873   2.03
2010-2016      101      0.48039  0.38735  0.50     898     348     724     1717   1.91
2010-2016      102      0.51453  0.40924  0.50     550     225     437      994   1.81
2010-2016      103      0.54853  0.43046  0.50     325     140     255      556   1.71
2010-2016      104      0.58208  0.45086  0.50     185      83     143      301   1.63
2010-2016      105      0.61488  0.47030  0.50     102      48      78      158   1.55
2010-2016      106      0.64668  0.48867  0.50      54      26      41       80   1.49
2010-2016      107      0.67723  0.50592  0.50      28      14      21       39   1.43
2010-2016      108      0.70634  0.52199  0.50      14       7      10       19   1.38
2010-2016      109      0.73385  0.53686  0.50       7       3       5        9   1.34
2010-2016      110+     0.75966  1.00000  1.32       3       3       4        4   1.32
