ACT, Life tables (period 5x1), Total	Last modified: 02 Jul 2018;  Methods Protocol: v6 (2017)

  Year          Age         mx       qx    ax      lx      dx      Lx       Tx     ex
  1971           0      0.01969  0.01935  0.12  100000    1935   98292  7310391  73.10
  1971         1-4      0.00083  0.00332  1.57   98065     326  391465  7212099  73.54
  1971         5-9      0.00042  0.00212  1.50   97739     207  487969  6820634  69.78
  1971        10-14     0.00026  0.00127  2.01   97532     124  487288  6332664  64.93
  1971        15-19     0.00167  0.00833  2.91   97408     812  485339  5845377  60.01
  1971        20-24     0.00088  0.00438  2.24   96596     423  481814  5360038  55.49
  1971        25-29     0.00100  0.00498  1.75   96173     479  479308  4878223  50.72
  1971        30-34     0.00164  0.00818  2.57   95694     783  476566  4398916  45.97
  1971        35-39     0.00192  0.00954  2.71   94911     906  472480  3922349  41.33
  1971        40-44     0.00244  0.01213  2.51   94005    1141  467188  3449869  36.70
  1971        45-49     0.00390  0.01932  2.39   92864    1794  459630  2982681  32.12
  1971        50-54     0.00410  0.02022  1.90   91070    1842  449646  2523051  27.70
  1971        55-59     0.01144  0.05563  2.56   89228    4964  434010  2073405  23.24
  1971        60-64     0.01108  0.05384  2.41   84264    4537  409578  1639395  19.46
  1971        65-69     0.02073  0.09813  2.29   79727    7824  377399  1229817  15.43
  1971        70-74     0.06147  0.26650  2.51   71904   19162  311723   852419  11.85
  1971        75-79     0.07910  0.32265  2.15   52742   17017  215125   540695  10.25
  1971        80-84     0.07739  0.32337  2.46   35724   11552  149282   325571   9.11
  1971        85-89     0.10410  0.41015  2.42   24172    9914   95235   176289   7.29
  1971        90-94     0.14393  0.52081  2.35   14258    7426   51592    81054   5.68
  1971        95-99     0.20422  0.65237  2.23    6832    4457   21826    29462   4.31
  1971       100-104    0.29104  0.78338  2.05    2375    1861    6393     7636   3.22
  1971       105-109    0.40430  0.88452  1.82     514     455    1126     1243   2.42
  1971       110+       0.50632  1.00000  1.98      59      59     117      117   1.98
  1972           0      0.01634  0.01611  0.11  100000    1611   98573  7300561  73.01
  1972         1-4      0.00146  0.00580  1.68   98389     571  392232  7201987  73.20
  1972         5-9      0.00075  0.00376  3.11   97819     368  488397  6809755  69.62
  1972        10-14     0.00113  0.00566  2.16   97450     551  485688  6321358  64.87
  1972        15-19     0.00123  0.00614  2.80   96899     595  483186  5835671  60.22
  1972        20-24     0.00124  0.00619  2.15   96305     596  479824  5352485  55.58
  1972        25-29     0.00090  0.00451  3.20   95709     432  477765  4872661  50.91
  1972        30-34     0.00135  0.00674  2.66   95277     642  474882  4394895  46.13
  1972        35-39     0.00077  0.00386  3.43   94635     365  472600  3920013  41.42
  1972        40-44     0.00255  0.01266  2.60   94269    1193  468479  3447413  36.57
  1972        45-49     0.00353  0.01752  2.61   93076    1631  461483  2978934  32.01
  1972        50-54     0.00672  0.03317  3.01   91445    3033  451205  2517451  27.53
  1972        55-59     0.00888  0.04361  2.95   88412    3856  434148  2066247  23.37
  1972        60-64     0.02180  0.10355  2.59   84556    8756  401648  1632099  19.30
  1972        65-69     0.02640  0.12275  2.15   75800    9305  352438  1230451  16.23
  1972        70-74     0.04678  0.21386  3.00   66495   14221  304015   878013  13.20
  1972        75-79     0.06051  0.26788  2.86   52274   14003  231423   573998  10.98
  1972        80-84     0.07378  0.31172  2.51   38271   11930  161686   342575   8.95
  1972        85-89     0.11966  0.45921  2.47   26341   12096  101089   180889   6.87
  1972        90-94     0.18270  0.60747  2.24   14245    8653   47363    79800   5.60
  1972        95-99     0.20128  0.63202  2.06    5592    3534   17558    32437   5.80
  1972       100-104    0.15937  0.54319  2.07    2058    1118    7013    14879   7.23
  1972       105-109    0.12386  0.45970  2.20     940     432    3489     7866   8.37
  1972       110+       0.11600  1.00000  8.62     508     508    4378     4378   8.62
  1973           0      0.01538  0.01518  0.12  100000    1518   98661  7438908  74.39
  1973         1-4      0.00058  0.00231  0.70   98482     227  393178  7340246  74.53
  1973         5-9      0.00049  0.00244  1.86   98255     240  490519  6947069  70.70
  1973        10-14     0.00095  0.00473  2.46   98015     463  488897  6456550  65.87
  1973        15-19     0.00137  0.00681  2.56   97552     664  486134  5967652  61.17
  1973        20-24     0.00112  0.00560  2.16   96887     542  482894  5481519  56.58
  1973        25-29     0.00086  0.00429  3.36   96345     413  481046  4998624  51.88
  1973        30-34     0.00080  0.00398  2.18   95931     382  478580  4517578  47.09
  1973        35-39     0.00192  0.00953  2.27   95550     911  475258  4038998  42.27
  1973        40-44     0.00216  0.01074  2.83   94639    1017  470990  3563739  37.66
  1973        45-49     0.00328  0.01626  2.17   93622    1522  463808  3092749  33.03
  1973        50-54     0.00462  0.02288  3.02   92099    2107  456330  2628941  28.54
  1973        55-59     0.00868  0.04257  2.73   89993    3831  441261  2172611  24.14
  1973        60-64     0.01438  0.06963  2.75   86161    5999  417333  1731350  20.09
  1973        65-69     0.02251  0.10694  2.67   80162    8573  380828  1314017  16.39
  1973        70-74     0.04104  0.19008  3.06   71589   13608  331553   933189  13.04
  1973        75-79     0.07261  0.30664  2.47   57981   17779  244854   601636  10.38
  1973        80-84     0.06312  0.27446  2.62   40202   11034  174799   356782   8.87
  1973        85-89     0.11465  0.44563  2.50   29168   12998  113375   181984   6.24
  1973        90-94     0.20002  0.65040  2.31   16170   10517   52577    68609   4.24
  1973        95-99     0.33184  0.83346  2.01    5653    4712   14198    16032   2.84
  1973       100-104    0.50506  0.93823  1.65     941     883    1749     1834   1.95
  1973       105-109    0.68360  0.97728  1.35      58      57      83       85   1.46
  1973       110+       0.80873  1.00000  1.24       1       1       2        2   1.24
  1974           0      0.01427  0.01409  0.12  100000    1409   98759  7296145  72.96
  1974         1-4      0.00071  0.00283  1.94   98591     279  393790  7197386  73.00
  1974         5-9      0.00039  0.00196  1.15   98312     193  490819  6803596  69.20
  1974        10-14     0.00054  0.00268  2.83   98120     263  490025  6312777  64.34
  1974        15-19     0.00132  0.00655  2.49   97856     641  487668  5822752  59.50
  1974        20-24     0.00149  0.00742  2.36   97215     721  484172  5335083  54.88
  1974        25-29     0.00076  0.00377  2.64   96494     364  481610  4850911  50.27
  1974        30-34     0.00090  0.00449  2.06   96130     431  479381  4369301  45.45
  1974        35-39     0.00187  0.00932  2.82   95699     892  476547  3889921  40.65
  1974        40-44     0.00338  0.01678  2.73   94807    1591  470426  3413374  36.00
  1974        45-49     0.00397  0.01965  2.69   93216    1832  461855  2942948  31.57
  1974        50-54     0.00557  0.02746  2.62   91384    2509  450940  2481093  27.15
  1974        55-59     0.00993  0.04859  2.81   88874    4319  434921  2030153  22.84
  1974        60-64     0.02015  0.09627  2.70   84556    8140  404076  1595231  18.87
  1974        65-69     0.02396  0.11307  2.51   76415    8640  360604  1191155  15.59
  1974        70-74     0.04568  0.20612  2.63   67775   13969  305827   830551  12.25
  1974        75-79     0.06702  0.29780  3.13   53805   16023  239100   524725   9.75
  1974        80-84     0.09299  0.37691  2.49   37782   14241  153141   285624   7.56
  1974        85-89     0.14326  0.52096  2.38   23541   12264   85609   132484   5.63
  1974        90-94     0.21472  0.67213  2.22   11277    7580   35301    46874   4.16
  1974        95-99     0.30289  0.79521  2.01    3697    2940    9707    11573   3.13
  1974       100-104    0.39615  0.87539  1.81     757     663    1673     1866   2.46
  1974       105-109    0.48535  0.92289  1.64      94      87     179      193   2.04
  1974       110+       0.55433  1.00000  1.80       7       7      13       13   1.80
  1975           0      0.01282  0.01268  0.12  100000    1268   98887  7514840  75.15
  1975         1-4      0.00096  0.00383  1.85   98732     378  394115  7415952  75.11
  1975         5-9      0.00050  0.00251  3.53   98354     247  491407  7021837  71.39
  1975        10-14     0.00021  0.00104  2.00   98107     102  490230  6530430  66.56
  1975        15-19     0.00054  0.00267  3.07   98005     262  489520  6040200  61.63
  1975        20-24     0.00117  0.00581  2.34   97743     568  487205  5550679  56.79
  1975        25-29     0.00083  0.00413  1.94   97176     401  484652  5063475  52.11
  1975        30-34     0.00109  0.00544  2.80   96775     526  482715  4578823  47.31
  1975        35-39     0.00152  0.00758  2.87   96248     729  479684  4096109  42.56
  1975        40-44     0.00218  0.01083  2.51   95519    1034  475020  3616424  37.86
  1975        45-49     0.00310  0.01542  3.12   94485    1457  469680  3141404  33.25
  1975        50-54     0.00578  0.02852  2.55   93027    2653  458644  2671724  28.72
  1975        55-59     0.00863  0.04233  2.69   90375    3826  443042  2213081  24.49
  1975        60-64     0.01693  0.08130  2.56   86549    7036  415577  1770039  20.45
  1975        65-69     0.01718  0.08225  2.43   79513    6540  380726  1354461  17.03
  1975        70-74     0.03492  0.16290  2.94   72973   11887  340386   973735  13.34
  1975        75-79     0.07169  0.30278  2.44   61086   18496  257991   633349  10.37
  1975        80-84     0.07331  0.31043  2.53   42590   13221  180347   375359   8.81
  1975        85-89     0.11334  0.43935  2.44   29369   12903  113844   195011   6.64
  1975        90-94     0.17098  0.58599  2.32   16466    9649   56431    81167   4.93
  1975        95-99     0.25152  0.73159  2.14    6817    4987   19828    24737   3.63
  1975       100-104    0.35760  0.85038  1.92    1830    1556    4351     4909   2.68
  1975       105-109    0.48449  0.92642  1.67     274     254     523      557   2.04
  1975       110+       0.59387  1.00000  1.68      20      20      34       34   1.68
  1976           0      0.01590  0.01568  0.12  100000    1568   98615  7398873  73.99
  1976         1-4      0.00070  0.00278  2.01   98432     274  393184  7300257  74.17
  1976         5-9      0.00040  0.00200  2.39   98159     196  490281  6907073  70.37
  1976        10-14     0.00071  0.00355  2.21   97962     348  488843  6416792  65.50
  1976        15-19     0.00124  0.00616  2.50   97614     601  486567  5927950  60.73
  1976        20-24     0.00127  0.00634  1.96   97013     615  483196  5441382  56.09
  1976        25-29     0.00094  0.00467  2.65   96398     450  480935  4958186  51.43
  1976        30-34     0.00109  0.00545  2.73   95948     523  478554  4477251  46.66
  1976        35-39     0.00176  0.00876  2.69   95425     836  475199  3998697  41.90
  1976        40-44     0.00204  0.01016  2.77   94590     961  470804  3523498  37.25
  1976        45-49     0.00384  0.01904  2.84   93629    1783  464299  3052693  32.60
  1976        50-54     0.00586  0.02892  2.64   91846    2656  452967  2588394  28.18
  1976        55-59     0.00766  0.03759  2.60   89189    3353  437904  2135427  23.94
  1976        60-64     0.01798  0.08668  2.94   85837    7440  413837  1697523  19.78
  1976        65-69     0.02444  0.11623  2.90   78396    9112  372816  1283685  16.37
  1976        70-74     0.04122  0.18526  2.27   69284   12836  311365   910869  13.15
  1976        75-79     0.05872  0.25326  2.29   56448   14296  243445   599504  10.62
  1976        80-84     0.07014  0.30017  2.60   42152   12653  180387   356059   8.45
  1976        85-89     0.12472  0.47420  2.47   29500   13989  112159   175672   5.96
  1976        90-94     0.21172  0.67107  2.27   15511   10409   49164    63513   4.09
  1976        95-99     0.33649  0.83563  1.99    5102    4263   12670    14349   2.81
  1976       100-104    0.49096  0.93131  1.67     839     781    1591     1679   2.00
  1976       105-109    0.65014  0.97188  1.39      58      56      86       88   1.53
  1976       110+       0.76855  1.00000  1.30       2       2       2        2   1.30
  1977           0      0.01173  0.01161  0.12  100000    1161   98983  7553484  75.53
  1977         1-4      0.00072  0.00289  1.98   98839     286  394777  7454500  75.42
  1977         5-9      0.00026  0.00130  2.56   98553     128  492454  7059723  71.63
  1977        10-14     0.00051  0.00254  3.70   98425     250  491802  6567269  66.72
  1977        15-19     0.00126  0.00631  3.31   98175     619  489828  6075468  61.88
  1977        20-24     0.00155  0.00772  2.15   97556     753  485631  5585639  57.26
  1977        25-29     0.00097  0.00484  2.29   96803     469  482747  5100008  52.68
  1977        30-34     0.00098  0.00487  2.43   96334     469  480465  4617262  47.93
  1977        35-39     0.00156  0.00777  2.65   95865     744  477579  4136797  43.15
  1977        40-44     0.00155  0.00775  3.24   95121     737  474307  3659218  38.47
  1977        45-49     0.00377  0.01868  2.90   94384    1763  468222  3184911  33.74
  1977        50-54     0.00527  0.02604  2.77   92621    2412  457720  2716688  29.33
  1977        55-59     0.00895  0.04385  2.70   90209    3956  441928  2258968  25.04
  1977        60-64     0.01820  0.08728  2.67   86253    7528  413690  1817041  21.07
  1977        65-69     0.02179  0.10404  2.83   78725    8191  375888  1403351  17.83
  1977        70-74     0.03246  0.15097  2.69   70534   10649  328092  1027463  14.57
  1977        75-79     0.04034  0.18307  2.48   59885   10963  271780   699370  11.68
  1977        80-84     0.07366  0.31131  2.51   48922   15230  206748   427590   8.74
  1977        85-89     0.11437  0.44301  2.46   33693   14926  130509   220842   6.55
  1977        90-94     0.17922  0.60446  2.31   18767   11344   63296    90333   4.81
  1977        95-99     0.25975  0.74061  2.10    7423    5498   21165    27037   3.64
  1977       100-104    0.32665  0.81260  1.91    1925    1565    4790     5872   3.05
  1977       105-109    0.33958  0.81629  1.82     361     295     867     1083   3.00
  1977       110+       0.30795  1.00000  3.25      66      66     215      215   3.25
  1978           0      0.01368  0.01352  0.12  100000    1352   98811  7435344  74.35
  1978         1-4      0.00075  0.00299  1.18   98648     295  393762  7336533  74.37
  1978         5-9      0.00054  0.00271  2.62   98353     266  491134  6942771  70.59
  1978        10-14     0.00061  0.00305  3.44   98087     299  489968  6451637  65.77
  1978        15-19     0.00125  0.00622  2.87   97788     608  487640  5961669  60.97
  1978        20-24     0.00120  0.00599  2.51   97179     582  484444  5474029  56.33
  1978        25-29     0.00085  0.00423  2.61   96597     408  482010  4989585  51.65
  1978        30-34     0.00118  0.00590  2.17   96189     568  479335  4507575  46.86
  1978        35-39     0.00143  0.00714  2.52   95621     683  476408  4028240  42.13
  1978        40-44     0.00247  0.01229  2.52   94938    1167  471801  3551831  37.41
  1978        45-49     0.00240  0.01190  2.45   93771    1116  466009  3080030  32.85
  1978        50-54     0.00394  0.01955  2.90   92655    1811  459473  2614021  28.21
  1978        55-59     0.00916  0.04461  2.04   90844    4053  442226  2154548  23.72
  1978        60-64     0.01375  0.06678  2.86   86791    5796  421523  1712322  19.73
  1978        65-69     0.02569  0.12126  2.69   80995    9821  382286  1290798  15.94
  1978        70-74     0.03967  0.18131  2.63   71173   12905  325285   908512  12.76
  1978        75-79     0.07365  0.30681  2.28   58269   17878  242744   583227  10.01
  1978        80-84     0.08165  0.33876  2.49   40391   13683  167585   340483   8.43
  1978        85-89     0.12059  0.45975  2.42   26708   12279  101821   172899   6.47
  1978        90-94     0.17655  0.59698  2.29   14429    8614   48791    71077   4.93
  1978        95-99     0.24436  0.71723  2.12    5815    4171   17069    22286   3.83
  1978       100-104    0.30768  0.79455  1.96    1644    1307    4246     5218   3.17
  1978       105-109    0.34588  0.82809  1.85     338     280     809      971   2.87
  1978       110+       0.35774  1.00000  2.80      58      58     162      162   2.80
  1979           0      0.01150  0.01139  0.13  100000    1139   99004  7646318  76.46
  1979         1-4      0.00047  0.00188  0.99   98861     186  394886  7547313  76.34
  1979         5-9      0.00012  0.00061  2.50   98675      60  493226  7152427  72.48
  1979        10-14     0.00050  0.00247  2.95   98615     244  492575  6659201  67.53
  1979        15-19     0.00084  0.00417  2.78   98371     411  490946  6166626  62.69
  1979        20-24     0.00120  0.00601  2.92   97961     588  488578  5675680  57.94
  1979        25-29     0.00096  0.00479  2.67   97372     466  485775  5187102  53.27
  1979        30-34     0.00111  0.00551  2.68   96906     534  483292  4701327  48.51
  1979        35-39     0.00128  0.00636  2.92   96372     613  480585  4218035  43.77
  1979        40-44     0.00155  0.00771  2.83   95759     738  477194  3737450  39.03
  1979        45-49     0.00227  0.01130  2.73   95021    1074  472667  3260256  34.31
  1979        50-54     0.00497  0.02452  2.45   93947    2303  463864  2787589  29.67
  1979        55-59     0.00863  0.04236  2.81   91644    3882  449703  2323725  25.36
  1979        60-64     0.01245  0.06060  2.83   87762    5319  427250  1874021  21.35
  1979        65-69     0.02423  0.11454  2.62   82444    9443  389782  1446772  17.55
  1979        70-74     0.03361  0.15551  2.60   73000   11352  337753  1056990  14.48
  1979        75-79     0.04771  0.21232  2.41   61648   13089  274329   719237  11.67
  1979        80-84     0.06737  0.28919  2.55   48559   14043  208428   444907   9.16
  1979        85-89     0.10662  0.41976  2.47   34516   14488  135890   236479   6.85
  1979        90-94     0.16546  0.57435  2.34   20028   11503   69520   100590   5.02
  1979        95-99     0.24934  0.72916  2.15    8525    6216   24930    31070   3.64
  1979       100-104    0.36060  0.85356  1.92    2309    1971    5465     6140   2.66
  1979       105-109    0.49455  0.93110  1.65     338     315     637      675   2.00
  1979       110+       0.61164  1.00000  1.63      23      23      38       38   1.63
  1980           0      0.00825  0.00819  0.13  100000     819   99290  7582374  75.82
  1980         1-4      0.00090  0.00358  1.48   99181     355  395831  7483084  75.45
  1980         5-9      0.00038  0.00190  2.88   98827     188  493735  7087254  71.71
  1980        10-14     0.00027  0.00135  1.62   98639     133  492745  6593518  66.84
  1980        15-19     0.00125  0.00623  2.90   98506     613  491245  6100773  61.93
  1980        20-24     0.00106  0.00526  1.56   97893     515  487688  5609528  57.30
  1980        25-29     0.00088  0.00441  2.97   97377     430  486016  5121840  52.60
  1980        30-34     0.00103  0.00513  2.33   96948     498  483408  4635824  47.82
  1980        35-39     0.00154  0.00769  2.47   96450     742  480372  4152416  43.05
  1980        40-44     0.00176  0.00876  2.48   95708     838  476427  3672044  38.37
  1980        45-49     0.00305  0.01513  2.67   94870    1435  471001  3195617  33.68
  1980        50-54     0.00492  0.02437  2.90   93435    2277  462399  2724616  29.16
  1980        55-59     0.00799  0.03915  2.43   91158    3569  446629  2262216  24.82
  1980        60-64     0.01243  0.06053  2.87   87589    5302  426653  1815587  20.73
  1980        65-69     0.02121  0.10108  2.68   82286    8318  392100  1388934  16.88
  1980        70-74     0.03820  0.17498  2.60   73969   12943  338829   996834  13.48
  1980        75-79     0.05834  0.26075  2.97   61026   15912  272757   658005  10.78
  1980        80-84     0.06904  0.29616  2.60   45113   13361  193532   385248   8.54
  1980        85-89     0.12270  0.46846  2.48   31753   14875  121226   191716   6.04
  1980        90-94     0.20702  0.66208  2.28   16878   11175   53978    70489   4.18
  1980        95-99     0.32588  0.82477  2.01    5703    4704   14435    16511   2.89
  1980       100-104    0.47210  0.92296  1.70     999     922    1954     2076   2.08
  1980       105-109    0.62554  0.96748  1.43      77      74     119      122   1.59
  1980       110+       0.74376  1.00000  1.34       3       3       3        3   1.34
  1981           0      0.00897  0.00890  0.13  100000     890   99226  7553197  75.53
  1981         1-4      0.00060  0.00241  1.10   99110     238  395748  7453971  75.21
  1981         5-9      0.00034  0.00172  2.80   98871     170  493983  7058223  71.39
  1981        10-14     0.00025  0.00125  1.23   98701     123  493041  6564240  66.51
  1981        15-19     0.00109  0.00543  2.84   98578     536  491733  6071199  61.59
  1981        20-24     0.00108  0.00537  2.43   98042     527  488859  5579465  56.91
  1981        25-29     0.00102  0.00510  2.81   97515     497  486489  5090607  52.20
  1981        30-34     0.00054  0.00271  2.86   97018     263  484530  4604117  47.46
  1981        35-39     0.00091  0.00455  2.92   96756     440  482862  4119588  42.58
  1981        40-44     0.00159  0.00793  2.48   96316     764  479651  3636726  37.76
  1981        45-49     0.00315  0.01562  2.51   95551    1493  474047  3157075  33.04
  1981        50-54     0.00438  0.02172  3.00   94059    2043  466218  2683028  28.53
  1981        55-59     0.00681  0.03358  2.87   92016    3090  453484  2216810  24.09
  1981        60-64     0.01447  0.07014  2.83   88926    6237  431112  1763326  19.83
  1981        65-69     0.02163  0.10278  2.58   82689    8499  392880  1332214  16.11
  1981        70-74     0.03857  0.17773  2.80   74190   13186  341881   939334  12.66
  1981        75-79     0.07085  0.29989  2.44   61004   18295  258206   597453   9.79
  1981        80-84     0.08304  0.34464  2.53   42709   14719  177252   339247   7.94
  1981        85-89     0.13475  0.49983  2.42   27990   13990  103823   161995   5.79
  1981        90-94     0.21114  0.66744  2.24   14000    9344   44255    58172   4.16
  1981        95-99     0.31536  0.81202  2.01    4656    3781   11988    13917   2.99
  1981       100-104    0.44349  0.90797  1.75     875     795    1792     1929   2.20
  1981       105-109    0.58211  0.95770  1.50      81      77     133      137   1.71
  1981       110+       0.69322  1.00000  1.44       3       3       5        5   1.44
  1982           0      0.01025  0.01016  0.13  100000    1016   99114  7601196  76.01
  1982         1-4      0.00030  0.00120  1.29   98984     119  395615  7502082  75.79
  1982         5-9      0.00036  0.00178  2.21   98865     176  493835  7106467  71.88
  1982        10-14     0.00013  0.00067  3.61   98689      66  493354  6612632  67.00
  1982        15-19     0.00093  0.00462  2.28   98623     455  491875  6119279  62.05
  1982        20-24     0.00137  0.00684  2.27   98168     671  489006  5627403  57.32
  1982        25-29     0.00080  0.00399  2.46   97496     389  486492  5138398  52.70
  1982        30-34     0.00106  0.00529  2.35   97107     513  484175  4651905  47.90
  1982        35-39     0.00107  0.00533  2.64   96594     515  481752  4167730  43.15
  1982        40-44     0.00139  0.00691  2.39   96079     664  478660  3685978  38.36
  1982        45-49     0.00304  0.01508  2.31   95415    1439  473209  3207318  33.61
  1982        50-54     0.00321  0.01594  2.69   93976    1498  466412  2734110  29.09
  1982        55-59     0.00582  0.02870  2.69   92478    2654  456253  2267698  24.52
  1982        60-64     0.01212  0.05888  2.57   89824    5289  436265  1811445  20.17
  1982        65-69     0.02608  0.12304  2.70   84535   10402  398771  1375180  16.27
  1982        70-74     0.03391  0.15713  2.67   74133   11649  343563   976409  13.17
  1982        75-79     0.05804  0.25313  2.48   62485   15817  272520   632846  10.13
  1982        80-84     0.09084  0.36997  2.49   46668   17266  190061   360326   7.72
  1982        85-89     0.13880  0.50919  2.39   29402   14971  107863   170265   5.79
  1982        90-94     0.20470  0.65347  2.23   14431    9430   46068    62402   4.32
  1982        95-99     0.28768  0.77774  2.05    5001    3889   13519    16335   3.27
  1982       100-104    0.38330  0.86756  1.85    1111     964    2516     2816   2.53
  1982       105-109    0.48557  0.92440  1.65     147     136     280      300   2.04
  1982       110+       0.56914  1.00000  1.76      11      11      20       20   1.76
  1983           0      0.00987  0.00979  0.13  100000     979   99146  7673291  76.73
  1983         1-4      0.00113  0.00452  2.01   99021     448  395196  7574146  76.49
  1983         5-9      0.00086  0.00428  2.57   98573     422  491841  7178950  72.83
  1983        10-14     0.00067  0.00334  2.62   98151     328  489974  6687109  68.13
  1983        15-19     0.00062  0.00308  2.50   97823     301  488365  6197134  63.35
  1983        20-24     0.00120  0.00596  2.12   97522     582  485936  5708769  58.54
  1983        25-29     0.00075  0.00374  2.50   96941     362  483797  5222834  53.88
  1983        30-34     0.00081  0.00405  2.20   96578     391  481795  4739037  49.07
  1983        35-39     0.00092  0.00457  2.39   96187     440  479789  4257242  44.26
  1983        40-44     0.00182  0.00905  2.97   95747     867  476980  3777452  39.45
  1983        45-49     0.00169  0.00842  2.68   94881     799  472550  3300472  34.79
  1983        50-54     0.00525  0.02594  2.87   94081    2440  465200  2827922  30.06
  1983        55-59     0.00645  0.03175  2.65   91641    2910  451382  2362722  25.78
  1983        60-64     0.01055  0.05130  2.30   88732    4552  431345  1911340  21.54
  1983        65-69     0.02275  0.10800  2.66   84179    9091  399595  1479996  17.58
  1983        70-74     0.03214  0.15020  2.82   75088   11278  350859  1080400  14.39
  1983        75-79     0.05144  0.22953  2.66   63810   14646  284740   729541  11.43
  1983        80-84     0.06918  0.29552  2.54   49164   14529  210035   444801   9.05
  1983        85-89     0.10780  0.42329  2.46   34635   14661  135999   234766   6.78
  1983        90-94     0.16824  0.58094  2.34   19974   11604   68972    98767   4.94
  1983        95-99     0.25637  0.73983  2.14    8370    6193   24155    29795   3.56
  1983       100-104    0.37174  0.86233  1.89    2178    1878    5052     5640   2.59
  1983       105-109    0.50376  0.93393  1.63     300     280     556      588   1.96
  1983       110+       0.61223  1.00000  1.63      20      20      32       32   1.63
  1984           0      0.00991  0.00982  0.13  100000     982   99143  7649129  76.49
  1984         1-4      0.00089  0.00357  1.36   99018     353  395136  7549986  76.25
  1984         5-9      0.00055  0.00275  1.82   98664     272  492458  7154850  72.52
  1984        10-14     0.00020  0.00101  3.29   98392     100  491792  6662392  67.71
  1984        15-19     0.00092  0.00458  2.69   98293     450  490426  6170600  62.78
  1984        20-24     0.00103  0.00515  2.24   97842     504  487821  5680174  58.05
  1984        25-29     0.00132  0.00660  2.74   97339     642  485245  5192353  53.34
  1984        30-34     0.00084  0.00421  3.12   96697     407  482718  4707109  48.68
  1984        35-39     0.00095  0.00476  2.24   96289     458  480181  4224391  43.87
  1984        40-44     0.00174  0.00868  2.63   95831     832  477188  3744209  39.07
  1984        45-49     0.00253  0.01255  2.54   94999    1192  472064  3267022  34.39
  1984        50-54     0.00355  0.01763  2.90   93807    1654  465566  2794957  29.79
  1984        55-59     0.00690  0.03394  2.59   92153    3127  453234  2329391  25.28
  1984        60-64     0.01282  0.06242  2.90   89026    5557  433471  1876157  21.07
  1984        65-69     0.02264  0.10763  2.72   83469    8984  396819  1442687  17.28
  1984        70-74     0.03346  0.15380  2.38   74485   11456  342378  1045867  14.04
  1984        75-79     0.04863  0.21958  2.79   63029   13840  284594   703489  11.16
  1984        80-84     0.08223  0.34055  2.48   49190   16752  203728   418895   8.52
  1984        85-89     0.11766  0.45077  2.41   32438   14622  124272   215167   6.63
  1984        90-94     0.16711  0.57589  2.30   17816   10260   61396    90895   5.10
  1984        95-99     0.23330  0.70154  2.16    7556    5301   22721    29500   3.90
  1984       100-104    0.31685  0.80984  1.98    2255    1826    5764     6778   3.01
  1984       105-109    0.41491  0.88876  1.78     429     381     919     1014   2.37
  1984       110+       0.49797  1.00000  2.01      48      48      96       96   2.01
  1985           0      0.00789  0.00783  0.13  100000     783   99320  7722448  77.22
  1985         1-4      0.00060  0.00239  1.38   99217     238  396245  7623128  76.83
  1985         5-9      0.00069  0.00344  2.68   98979     341  494106  7226883  73.01
  1985        10-14     0.00058  0.00288  2.70   98638     284  492538  6732777  68.26
  1985        15-19     0.00079  0.00395  3.16   98354     389  491055  6240239  63.45
  1985        20-24     0.00117  0.00583  1.83   97965     571  488017  5749184  58.69
  1985        25-29     0.00127  0.00635  2.44   97394     619  485387  5261167  54.02
  1985        30-34     0.00055  0.00276  3.56   96776     267  483493  4775780  49.35
  1985        35-39     0.00115  0.00571  2.72   96509     551  481285  4292287  44.48
  1985        40-44     0.00124  0.00618  2.60   95958     593  478365  3811002  39.72
  1985        45-49     0.00175  0.00870  2.82   95364     830  475012  3332637  34.95
  1985        50-54     0.00397  0.01970  3.34   94535    1862  469590  2857626  30.23
  1985        55-59     0.00753  0.03700  2.68   92672    3429  455400  2388035  25.77
  1985        60-64     0.01144  0.05573  2.67   89243    4973  434613  1932635  21.66
  1985        65-69     0.01818  0.08735  2.77   84270    7361  404903  1498022  17.78
  1985        70-74     0.03154  0.14647  2.57   76909   11265  357191  1093119  14.21
  1985        75-79     0.05204  0.23210  2.67   65644   15236  292756   735928  11.21
  1985        80-84     0.06219  0.27118  2.64   50408   13670  219810   443172   8.79
  1985        85-89     0.11845  0.45753  2.51   36738   16809  141908   223362   6.08
  1985        90-94     0.21208  0.67292  2.28   19929   13411   63235    81454   4.09
  1985        95-99     0.34017  0.83809  1.97    6518    5463   16060    18219   2.80
  1985       100-104    0.48070  0.92511  1.68    1055     976    2031     2159   2.05
  1985       105-109    0.61354  0.96408  1.44      79      76     124      128   1.62
  1985       110+       0.71409  1.00000  1.40       3       3       4        4   1.40
  1986           0      0.00850  0.00843  0.13  100000     843   99267  7636458  76.36
  1986         1-4      0.00082  0.00326  1.98   99157     323  395975  7537191  76.01
  1986         5-9      0.00028  0.00138  1.99   98833     136  493758  7141216  72.26
  1986        10-14     0.00008  0.00042  2.47   98697      41  493382  6647458  67.35
  1986        15-19     0.00111  0.00555  2.94   98656     547  492151  6154076  62.38
  1986        20-24     0.00083  0.00414  2.60   98109     406  489570  5661924  57.71
  1986        25-29     0.00050  0.00251  1.85   97703     245  487741  5172354  52.94
  1986        30-34     0.00073  0.00362  2.70   97458     353  486477  4684613  48.07
  1986        35-39     0.00080  0.00399  2.92   97104     387  484718  4198137  43.23
  1986        40-44     0.00139  0.00695  3.04   96717     673  482272  3713419  38.39
  1986        45-49     0.00239  0.01188  2.53   96045    1141  477409  3231147  33.64
  1986        50-54     0.00397  0.01965  2.47   94904    1865  469791  2753738  29.02
  1986        55-59     0.00794  0.03905  2.91   93038    3633  457606  2283947  24.55
  1986        60-64     0.01206  0.05864  2.65   89406    5243  434682  1826341  20.43
  1986        65-69     0.02189  0.10353  2.39   84163    8713  398050  1391659  16.54
  1986        70-74     0.03697  0.16954  2.55   75449   12791  345965   993609  13.17
  1986        75-79     0.05898  0.25733  2.53   62658   16124  273389   647644  10.34
  1986        80-84     0.07742  0.32573  2.57   46534   15158  195794   374255   8.04
  1986        85-89     0.13379  0.49873  2.45   31376   15648  116960   178461   5.69
  1986        90-94     0.22475  0.69381  2.24   15728   10912   48554    61501   3.91
  1986        95-99     0.35448  0.85154  1.95    4816    4101   11569    12947   2.69
  1986       100-104    0.51124  0.93865  1.63     715     671    1313     1378   1.93
  1986       105-109    0.66691  0.97425  1.37      44      43      64       66   1.49
  1986       110+       0.77885  1.00000  1.28       1       1       1        1   1.28
  1987           0      0.00886  0.00880  0.13  100000     880   99236  7725662  77.26
  1987         1-4      0.00047  0.00188  1.23   99120     186  395966  7626426  76.94
  1987         5-9      0.00036  0.00180  3.37   98934     178  494382  7230460  73.08
  1987        10-14     0.00059  0.00295  2.83   98756     291  493148  6736078  68.21
  1987        15-19     0.00111  0.00553  2.58   98465     545  491009  6242930  63.40
  1987        20-24     0.00106  0.00527  2.16   97921     516  488138  5751921  58.74
  1987        25-29     0.00102  0.00510  2.58   97404     496  485822  5263782  54.04
  1987        30-34     0.00072  0.00361  2.03   96908     350  483502  4777960  49.30
  1987        35-39     0.00116  0.00580  2.76   96558     560  481537  4294458  44.48
  1987        40-44     0.00118  0.00586  2.44   95998     563  478550  3812922  39.72
  1987        45-49     0.00246  0.01221  2.44   95435    1165  474189  3334372  34.94
  1987        50-54     0.00396  0.01960  2.38   94270    1847  466501  2860183  30.34
  1987        55-59     0.00581  0.02868  2.66   92422    2651  455902  2393683  25.90
  1987        60-64     0.01243  0.06025  2.48   89771    5409  435212  1937781  21.59
  1987        65-69     0.01765  0.08469  2.60   84363    7144  404672  1502568  17.81
  1987        70-74     0.02568  0.12101  2.62   77218    9345  363855  1097897  14.22
  1987        75-79     0.05243  0.23331  2.64   67874   15836  302024   734042  10.81
  1987        80-84     0.07988  0.33314  2.51   52038   17336  217030   432018   8.30
  1987        85-89     0.12309  0.46752  2.43   34702   16224  131808   214988   6.20
  1987        90-94     0.19039  0.62784  2.29   18478   11601   60933    83180   4.50
  1987        95-99     0.28732  0.78067  2.08    6877    5369   18685    22247   3.24
  1987       100-104    0.41144  0.88996  1.81    1508    1342    3262     3562   2.36
  1987       105-109    0.54927  0.94905  1.55     166     158     287      300   1.80
  1987       110+       0.66062  1.00000  1.51       8       8      13       13   1.51
  1988           0      0.00821  0.00815  0.13  100000     815   99293  7736804  77.37
  1988         1-4      0.00081  0.00323  2.20   99185     321  396161  7637511  77.00
  1988         5-9      0.00054  0.00269  2.92   98864     266  493766  7241350  73.25
  1988        10-14     0.00047  0.00235  2.64   98598     232  492443  6747584  68.44
  1988        15-19     0.00103  0.00515  2.85   98366     507  490741  6255141  63.59
  1988        20-24     0.00085  0.00423  2.32   97859     414  488187  5764399  58.90
  1988        25-29     0.00085  0.00422  2.68   97445     411  486275  5276212  54.15
  1988        30-34     0.00097  0.00483  2.87   97034     468  484176  4789938  49.36
  1988        35-39     0.00133  0.00663  2.54   96566     641  481256  4305762  44.59
  1988        40-44     0.00150  0.00746  2.43   95926     716  477786  3824506  39.87
  1988        45-49     0.00198  0.00988  2.65   95210     941  473841  3346720  35.15
  1988        50-54     0.00371  0.01838  2.54   94269    1732  467079  2872879  30.48
  1988        55-59     0.00515  0.02548  2.86   92537    2358  457643  2405800  26.00
  1988        60-64     0.01001  0.04882  2.49   90179    4402  439854  1948157  21.60
  1988        65-69     0.01864  0.08956  2.82   85776    7682  412111  1508304  17.58
  1988        70-74     0.03089  0.14471  2.82   78094   11301  365827  1096193  14.04
  1988        75-79     0.05476  0.24178  2.58   66793   16149  294899   730366  10.93
  1988        80-84     0.07060  0.30113  2.56   50644   15250  216007   435468   8.60
  1988        85-89     0.11821  0.45517  2.47   35394   16110  136286   219461   6.20
  1988        90-94     0.19809  0.64538  2.30   19283   12445   62825    83175   4.31
  1988        95-99     0.31567  0.81473  2.03    6838    5571   17649    20349   2.98
  1988       100-104    0.45989  0.91690  1.72    1267    1162    2526     2700   2.13
  1988       105-109    0.60261  0.96189  1.46     105     101     168      174   1.65
  1988       110+       0.70206  1.00000  1.42       4       4       6        6   1.42
  1989           0      0.00614  0.00611  0.14  100000     611   99473  7887423  78.87
  1989         1-4      0.00023  0.00093  2.00   99389      92  397373  7787950  78.36
  1989         5-9      0.00000  0.00000  2.50   99297       0  496486  7390577  74.43
  1989        10-14     0.00026  0.00130  2.99   99297     129  496228  6894091  69.43
  1989        15-19     0.00063  0.00313  2.45   99169     311  495050  6397863  64.52
  1989        20-24     0.00091  0.00452  2.15   98858     447  493013  5902813  59.71
  1989        25-29     0.00093  0.00464  2.00   98411     457  490681  5409800  54.97
  1989        30-34     0.00070  0.00351  2.59   97954     344  488939  4919118  50.22
  1989        35-39     0.00144  0.00715  2.16   97610     698  486065  4430179  45.39
  1989        40-44     0.00092  0.00459  2.66   96912     445  483518  3944115  40.70
  1989        45-49     0.00128  0.00639  1.96   96467     616  480463  3460597  35.87
  1989        50-54     0.00347  0.01721  2.38   95850    1649  474937  2980134  31.09
  1989        55-59     0.00667  0.03296  3.20   94201    3105  465411  2505197  26.59
  1989        60-64     0.00889  0.04358  2.71   91097    3970  446396  2039786  22.39
  1989        65-69     0.01372  0.06648  2.69   87127    5793  422263  1593391  18.29
  1989        70-74     0.02787  0.13096  2.70   81334   10652  382179  1171128  14.40
  1989        75-79     0.04863  0.21699  2.52   70682   15337  315408   788949  11.16
  1989        80-84     0.07522  0.31725  2.53   55345   17558  233409   473542   8.56
  1989        85-89     0.11882  0.45571  2.44   37787   17220  144926   240132   6.35
  1989        90-94     0.18469  0.61602  2.30   20567   12670   68599    95206   4.63
  1989        95-99     0.27527  0.76451  2.09    7897    6038   21933    26607   3.37
  1989       100-104    0.38561  0.87104  1.85    1860    1620    4201     4674   2.51
  1989       105-109    0.50196  0.93152  1.62     240     223     445      473   1.97
  1989       110+       0.58952  1.00000  1.70      16      16      28       28   1.70
  1990           0      0.00918  0.00911  0.13  100000     911   99207  7787592  77.88
  1990         1-4      0.00051  0.00203  1.40   99089     201  395832  7688385  77.59
  1990         5-9      0.00058  0.00290  2.95   98888     287  493852  7292553  73.75
  1990        10-14     0.00052  0.00262  2.22   98601     258  492288  6798701  68.95
  1990        15-19     0.00055  0.00274  2.58   98343     269  491060  6306413  64.13
  1990        20-24     0.00066  0.00329  2.72   98073     323  489630  5815353  59.30
  1990        25-29     0.00076  0.00381  2.27   97751     373  487734  5325723  54.48
  1990        30-34     0.00061  0.00302  2.72   97378     294  486217  4837990  49.68
  1990        35-39     0.00094  0.00470  2.78   97083     457  484403  4351773  44.83
  1990        40-44     0.00133  0.00665  2.53   96627     642  481546  3867370  40.02
  1990        45-49     0.00238  0.01186  2.82   95984    1138  477439  3385824  35.27
  1990        50-54     0.00329  0.01632  2.68   94846    1547  470641  2908385  30.66
  1990        55-59     0.00547  0.02707  3.06   93298    2526  461594  2437744  26.13
  1990        60-64     0.01288  0.06265  2.83   90773    5687  441515  1976150  21.77
  1990        65-69     0.01877  0.09030  2.89   85085    7684  409252  1534635  18.04
  1990        70-74     0.02421  0.11415  2.50   77402    8836  364903  1125382  14.54
  1990        75-79     0.05048  0.22453  2.54   68566   15395  304974   760479  11.09
  1990        80-84     0.06894  0.29553  2.59   53171   15714  227940   455506   8.57
  1990        85-89     0.12104  0.46387  2.48   37457   17376  143550   227566   6.08
  1990        90-94     0.20657  0.66165  2.28   20082   13287   64323    84016   4.18
  1990        95-99     0.32641  0.82486  2.00    6795    5605   17171    19693   2.90
  1990       100-104    0.46342  0.91715  1.71    1190    1091    2355     2522   2.12
  1990       105-109    0.58710  0.95711  1.48      99      94     161      167   1.69
  1990       110+       0.66776  1.00000  1.50       4       4       6        6   1.50
  1991           0      0.00785  0.00780  0.13  100000     780   99323  7827648  78.28
  1991         1-4      0.00066  0.00262  1.00   99220     260  396103  7728325  77.89
  1991         5-9      0.00049  0.00244  1.67   98961     242  493998  7332222  74.09
  1991        10-14     0.00044  0.00218  2.08   98719     215  492967  6838224  69.27
  1991        15-19     0.00074  0.00371  3.22   98504     366  491868  6345257  64.42
  1991        20-24     0.00094  0.00469  2.67   98138     460  489617  5853389  59.64
  1991        25-29     0.00096  0.00477  2.98   97678     466  487448  5363772  54.91
  1991        30-34     0.00063  0.00316  2.71   97212     307  485356  4876324  50.16
  1991        35-39     0.00098  0.00489  3.25   96904     474  483692  4390968  45.31
  1991        40-44     0.00164  0.00815  2.86   96430     786  480470  3907276  40.52
  1991        45-49     0.00148  0.00737  2.31   95644     705  476325  3426805  35.83
  1991        50-54     0.00331  0.01639  2.52   94939    1556  470840  2950481  31.08
  1991        55-59     0.00584  0.02879  2.62   93383    2689  460509  2479641  26.55
  1991        60-64     0.01234  0.05993  2.59   90694    5435  440395  2019132  22.26
  1991        65-69     0.01662  0.07984  2.54   85259    6807  409581  1578737  18.52
  1991        70-74     0.02648  0.12529  2.85   78452    9829  371152  1169155  14.90
  1991        75-79     0.04278  0.19389  2.59   68623   13305  311021   798003  11.63
  1991        80-84     0.06469  0.27990  2.60   55318   15484  239364   486982   8.80
  1991        85-89     0.11520  0.44742  2.51   39834   17823  154706   247618   6.22
  1991        90-94     0.20260  0.65530  2.31   22012   14424   71195    92912   4.22
  1991        95-99     0.33019  0.82994  2.00    7587    6297   19071    21717   2.86
  1991       100-104    0.47956  0.92530  1.68    1290    1194    2490     2646   2.05
  1991       105-109    0.61476  0.96381  1.44      96      93     151      156   1.62
  1991       110+       0.70359  1.00000  1.42       3       3       5        5   1.42
  1992           0      0.00622  0.00619  0.14  100000     619   99465  7908457  79.08
  1992         1-4      0.00038  0.00153  2.37   99381     152  397275  7808991  78.58
  1992         5-9      0.00093  0.00464  2.15   99229     461  494832  7411717  74.69
  1992        10-14     0.00004  0.00022  3.50   98768      21  493808  6916885  70.03
  1992        15-19     0.00055  0.00273  3.32   98747     270  493280  6423077  65.05
  1992        20-24     0.00084  0.00418  3.40   98477     412  491725  5929797  60.22
  1992        25-29     0.00092  0.00460  2.40   98065     451  489152  5438071  55.45
  1992        30-34     0.00047  0.00232  2.10   97614     227  487411  4948919  50.70
  1992        35-39     0.00117  0.00582  2.31   97387     567  485410  4461508  45.81
  1992        40-44     0.00093  0.00462  2.63   96820     447  483040  3976097  41.07
  1992        45-49     0.00223  0.01108  2.91   96373    1068  479633  3493057  36.25
  1992        50-54     0.00309  0.01537  2.92   95305    1465  473487  3013424  31.62
  1992        55-59     0.00426  0.02109  2.46   93841    1980  464177  2539937  27.07
  1992        60-64     0.00877  0.04304  2.85   91861    3954  450817  2075760  22.60
  1992        65-69     0.01756  0.08438  2.70   87907    7417  422446  1624943  18.48
  1992        70-74     0.02500  0.11830  2.74   80490    9522  380894  1202497  14.94
  1992        75-79     0.04096  0.18740  2.73   70968   13299  324691   821604  11.58
  1992        80-84     0.07060  0.30098  2.55   57669   17357  245871   496913   8.62
  1992        85-89     0.11770  0.45375  2.48   40311   18291  155408   251041   6.23
  1992        90-94     0.19727  0.64359  2.30   22020   14172   71842    95633   4.34
  1992        95-99     0.31048  0.80806  2.03    7848    6342   20426    23791   3.03
  1992       100-104    0.43888  0.90398  1.75    1506    1362    3103     3365   2.23
  1992       105-109    0.54808  0.94530  1.54     145     137     249      262   1.81
  1992       110+       0.61049  1.00000  1.64       8       8      13       13   1.64
  1993           0      0.00426  0.00425  0.14  100000     425   99634  7960612  79.61
  1993         1-4      0.00055  0.00218  2.20   99575     217  397910  7860978  78.95
  1993         5-9      0.00013  0.00067  1.17   99358      66  496536  7463068  75.11
  1993        10-14     0.00004  0.00022  4.50   99292      21  496448  6966532  70.16
  1993        15-19     0.00057  0.00283  2.86   99270     281  495752  6470083  65.18
  1993        20-24     0.00084  0.00420  1.84   98989     416  493635  5974332  60.35
  1993        25-29     0.00080  0.00399  2.00   98574     393  491689  5480697  55.60
  1993        30-34     0.00136  0.00676  2.41   98181     664  489187  4989007  50.81
  1993        35-39     0.00092  0.00461  2.43   97517     450  486429  4499820  46.14
  1993        40-44     0.00060  0.00302  3.30   97067     293  484838  4013391  41.35
  1993        45-49     0.00196  0.00978  2.71   96774     946  481700  3528553  36.46
  1993        50-54     0.00216  0.01075  2.60   95828    1030  476670  3046852  31.80
  1993        55-59     0.00541  0.02670  2.65   94798    2531  468048  2570182  27.11
  1993        60-64     0.00987  0.04839  2.95   92267    4465  452177  2102134  22.78
  1993        65-69     0.01493  0.07223  2.75   87803    6342  424749  1649957  18.79
  1993        70-74     0.02362  0.11170  2.58   81460    9099  385242  1225208  15.04
  1993        75-79     0.04631  0.21138  2.94   72362   15296  330292   839966  11.61
  1993        80-84     0.07234  0.30610  2.49   57066   17468  241476   509673   8.93
  1993        85-89     0.10751  0.42240  2.46   39598   16726  155572   268197   6.77
  1993        90-94     0.16975  0.58479  2.34   22872   13375   78795   112626   4.92
  1993        95-99     0.25946  0.74339  2.13    9497    7060   27210    33831   3.56
  1993       100-104    0.35862  0.84726  1.89    2437    2065    5757     6621   2.72
  1993       105-109    0.42907  0.89016  1.71     372     331     772      864   2.32
  1993       110+       0.44527  1.00000  2.25      41      41      92       92   2.25
  1994           0      0.00473  0.00471  0.14  100000     471   99594  7900988  79.01
  1994         1-4      0.00028  0.00111  1.89   99529     110  397884  7801394  78.38
  1994         5-9      0.00018  0.00088  1.25   99419      87  496768  7403509  74.47
  1994        10-14     0.00031  0.00152  1.35   99332     151  496107  6906741  69.53
  1994        15-19     0.00082  0.00409  3.09   99180     405  495126  6410634  64.64
  1994        20-24     0.00077  0.00383  2.84   98775     379  493056  5915508  59.89
  1994        25-29     0.00048  0.00239  2.28   98396     235  491341  5422452  55.11
  1994        30-34     0.00108  0.00541  2.77   98161     531  489622  4931111  50.23
  1994        35-39     0.00112  0.00559  2.88   97630     546  486993  4441489  45.49
  1994        40-44     0.00145  0.00724  2.99   97084     703  484010  3954496  40.73
  1994        45-49     0.00204  0.01015  2.72   96382     979  479678  3470486  36.01
  1994        50-54     0.00335  0.01662  2.95   95403    1585  473762  2990808  31.35
  1994        55-59     0.00573  0.02824  2.46   93817    2649  462349  2517046  26.83
  1994        60-64     0.00826  0.04064  3.05   91168    3705  448623  2054697  22.54
  1994        65-69     0.01640  0.07927  2.91   87464    6933  422824  1606073  18.36
  1994        70-74     0.02428  0.11510  2.75   80531    9269  381779  1183250  14.69
  1994        75-79     0.04395  0.19907  2.63   71261   14186  322747   801471  11.25
  1994        80-84     0.06938  0.29758  2.61   57075   16984  244817   478724   8.39
  1994        85-89     0.12712  0.48145  2.48   40090   19302  151838   233907   5.83
  1994        90-94     0.22122  0.68867  2.26   20789   14317   64716    82069   3.95
  1994        95-99     0.35530  0.85279  1.95    6472    5519   15535    17353   2.68
  1994       100-104    0.51671  0.94084  1.62     953     896    1735     1818   1.91
  1994       105-109    0.67622  0.97571  1.35      56      55      81       83   1.47
  1994       110+       0.79000  1.00000  1.27       1       1       2        2   1.27
  1995           0      0.00470  0.00468  0.14  100000     468   99597  8040774  80.41
  1995         1-4      0.00096  0.00382  1.44   99532     381  397156  7941178  79.78
  1995         5-9      0.00026  0.00132  3.00   99152     131  495497  7544022  76.09
  1995        10-14     0.00022  0.00110  1.09   99021     109  494677  7048525  71.18
  1995        15-19     0.00038  0.00191  3.07   98912     189  494194  6553848  66.26
  1995        20-24     0.00034  0.00171  2.30   98723     169  493159  6059653  61.38
  1995        25-29     0.00106  0.00530  2.88   98554     523  491663  5566494  56.48
  1995        30-34     0.00105  0.00524  2.37   98031     513  488805  5074831  51.77
  1995        35-39     0.00113  0.00564  2.04   97518     550  485963  4586026  47.03
  1995        40-44     0.00093  0.00466  2.49   96968     452  483707  4100063  42.28
  1995        45-49     0.00140  0.00698  2.06   96517     674  480600  3616356  37.47
  1995        50-54     0.00299  0.01483  2.54   95843    1421  475713  3135755  32.72
  1995        55-59     0.00539  0.02653  2.16   94422    2505  464989  2660042  28.17
  1995        60-64     0.00841  0.04123  2.69   91916    3789  450828  2195053  23.88
  1995        65-69     0.01351  0.06539  2.57   88127    5762  426610  1744226  19.79
  1995        70-74     0.02252  0.10734  2.82   82364    8841  392570  1317616  16.00
  1995        75-79     0.03281  0.15179  2.54   73524   11160  340142   925046  12.58
  1995        80-84     0.06417  0.27748  2.57   62364   17305  269682   584904   9.38
  1995        85-89     0.10296  0.40874  2.48   45059   18417  178883   315222   7.00
  1995        90-94     0.16139  0.56517  2.35   26641   15057   93293   136339   5.12
  1995        95-99     0.24397  0.72097  2.16   11584    8352   34233    43046   3.72
  1995       100-104    0.35122  0.84507  1.93    3232    2732    7778     8813   2.73
  1995       105-109    0.47692  0.92306  1.68     501     462     969     1035   2.07
  1995       110+       0.58410  1.00000  1.71      39      39      66       66   1.71
  1996           0      0.00573  0.00570  0.14  100000     570   99509  7922837  79.23
  1996         1-4      0.00073  0.00294  1.89   99430     292  397104  7823328  78.68
  1996         5-9      0.00044  0.00219  3.02   99138     217  495262  7426225  74.91
  1996        10-14     0.00030  0.00152  3.06   98921     150  494314  6930963  70.07
  1996        15-19     0.00064  0.00318  2.72   98771     314  493137  6436649  65.17
  1996        20-24     0.00078  0.00389  2.14   98457     383  491188  5943512  60.37
  1996        25-29     0.00084  0.00420  2.69   98074     412  489418  5452324  55.59
  1996        30-34     0.00091  0.00454  2.08   97662     444  487015  4962906  50.82
  1996        35-39     0.00109  0.00543  2.49   97218     528  484769  4475890  46.04
  1996        40-44     0.00101  0.00506  2.89   96691     490  482421  3991122  41.28
  1996        45-49     0.00177  0.00880  2.76   96201     847  479107  3508701  36.47
  1996        50-54     0.00214  0.01063  2.82   95354    1013  474560  3029594  31.77
  1996        55-59     0.00484  0.02390  2.52   94341    2255  466116  2555034  27.08
  1996        60-64     0.00880  0.04306  2.58   92086    3965  450840  2088918  22.68
  1996        65-69     0.01476  0.07126  2.58   88121    6280  425388  1638077  18.59
  1996        70-74     0.02739  0.12832  2.55   81841   10502  383450  1212690  14.82
  1996        75-79     0.03692  0.16901  2.50   71339   12057  326592   829240  11.62
  1996        80-84     0.07611  0.32037  2.53   59282   18992  249552   502648   8.48
  1996        85-89     0.12046  0.46039  2.44   40289   18549  153989   253096   6.28
  1996        90-94     0.18771  0.62236  2.29   21741   13531   72083    99107   4.56
  1996        95-99     0.28195  0.77362  2.08    8210    6351   22527    27024   3.29
  1996       100-104    0.40095  0.88280  1.83    1859    1641    4092     4497   2.42
  1996       105-109    0.53356  0.94405  1.58     218     206     385      404   1.86
  1996       110+       0.64162  1.00000  1.56      12      12      19       19   1.56
  1997           0      0.00382  0.00381  0.14  100000     381   99672  7983802  79.84
  1997         1-4      0.00040  0.00160  1.63   99619     160  398097  7884130  79.14
  1997         5-9      0.00004  0.00022  3.50   99459      22  497263  7486033  75.27
  1997        10-14     0.00035  0.00175  3.12   99437     174  496859  6988771  70.28
  1997        15-19     0.00045  0.00222  3.10   99263     221  495896  6491912  65.40
  1997        20-24     0.00054  0.00271  2.04   99042     269  494415  5996016  60.54
  1997        25-29     0.00114  0.00567  3.02   98773     560  492757  5501601  55.70
  1997        30-34     0.00081  0.00404  2.11   98214     397  489925  5008844  51.00
  1997        35-39     0.00136  0.00680  2.63   97817     665  487509  4518919  46.20
  1997        40-44     0.00107  0.00533  2.73   97152     518  484587  4031411  41.50
  1997        45-49     0.00195  0.00969  2.86   96634     936  481165  3546823  36.70
  1997        50-54     0.00228  0.01134  2.78   95698    1085  476077  3065659  32.03
  1997        55-59     0.00448  0.02220  2.77   94613    2101  468382  2589581  27.37
  1997        60-64     0.00683  0.03357  2.47   92512    3105  454720  2121199  22.93
  1997        65-69     0.01535  0.07415  2.70   89407    6629  431803  1666480  18.64
  1997        70-74     0.02529  0.11980  2.81   82778    9916  392125  1234677  14.92
  1997        75-79     0.03630  0.16544  2.32   72861   12054  332048   842552  11.56
  1997        80-84     0.06897  0.29600  2.61   60807   17999  260963   510504   8.40
  1997        85-89     0.12635  0.47955  2.49   42808   20529  162468   249541   5.83
  1997        90-94     0.22337  0.69307  2.26   22280   15442   69130    87073   3.91
  1997        95-99     0.36392  0.86049  1.94    6838    5884   16169    17943   2.62
  1997       100-104    0.53101  0.94556  1.60     954     902    1699     1774   1.86
  1997       105-109    0.68901  0.97723  1.33      52      51      74       75   1.45
  1997       110+       0.79543  1.00000  1.26       1       1       1        1   1.26
  1998           0      0.00576  0.00573  0.14  100000     573   99505  8056295  80.56
  1998         1-4      0.00041  0.00165  1.21   99427     164  397250  7956790  80.03
  1998         5-9      0.00018  0.00090  0.99   99263      89  495956  7559540  76.16
  1998        10-14     0.00013  0.00067  2.50   99174      66  495703  7063584  71.22
  1998        15-19     0.00080  0.00401  3.29   99107     397  494858  6567881  66.27
  1998        20-24     0.00075  0.00374  2.60   98710     369  492665  6073023  61.52
  1998        25-29     0.00097  0.00484  2.12   98341     476  490332  5580358  56.75
  1998        30-34     0.00069  0.00344  2.78   97864     336  488575  5090026  52.01
  1998        35-39     0.00078  0.00388  2.70   97528     378  486768  4601451  47.18
  1998        40-44     0.00107  0.00535  2.90   97149     520  484658  4114683  42.35
  1998        45-49     0.00173  0.00863  2.58   96630     834  481127  3630025  37.57
  1998        50-54     0.00202  0.01003  2.65   95796     961  476722  3148898  32.87
  1998        55-59     0.00437  0.02161  2.59   94835    2049  469245  2672176  28.18
  1998        60-64     0.00689  0.03392  2.78   92785    3147  456951  2202930  23.74
  1998        65-69     0.01201  0.05849  2.75   89638    5243  436409  1745979  19.48
  1998        70-74     0.02280  0.10817  2.65   84396    9129  400478  1309570  15.52
  1998        75-79     0.03682  0.16921  2.61   75266   12736  345849   909092  12.08
  1998        80-84     0.05675  0.25066  2.67   62531   15674  276169   563243   9.01
  1998        85-89     0.11363  0.44425  2.55   46857   20816  183195   287074   6.13
  1998        90-94     0.21517  0.68088  2.30   26041   17730   82402   103879   3.99
  1998        95-99     0.36915  0.86682  1.94    8310    7203   19514    21477   2.58
  1998       100-104    0.55739  0.95452  1.56    1107    1056    1895     1964   1.77
  1998       105-109    0.73471  0.98300  1.27      50      49      67       68   1.36
  1998       110+       0.85002  1.00000  1.18       1       1       1        1   1.18
  1999           0      0.00574  0.00571  0.14  100000     571   99507  8038810  80.39
  1999         1-4      0.00065  0.00259  1.93   99429     258  397182  7939303  79.85
  1999         5-9      0.00018  0.00090  0.75   99171      89  495474  7542120  76.05
  1999        10-14     0.00040  0.00200  2.93   99081     198  494998  7046646  71.12
  1999        15-19     0.00062  0.00307  2.48   98883     304  493652  6551649  66.26
  1999        20-24     0.00076  0.00382  2.76   98580     376  492054  6057996  61.45
  1999        25-29     0.00086  0.00428  2.47   98203     420  489955  5565942  56.68
  1999        30-34     0.00068  0.00342  2.68   97783     334  488142  5075987  51.91
  1999        35-39     0.00114  0.00567  2.38   97449     552  485799  4587845  47.08
  1999        40-44     0.00134  0.00670  2.74   96897     649  483016  4102046  42.33
  1999        45-49     0.00207  0.01032  2.41   96247     993  478669  3619030  37.60
  1999        50-54     0.00229  0.01141  2.97   95254    1087  474060  3140361  32.97
  1999        55-59     0.00525  0.02597  2.81   94167    2445  465479  2666302  28.31
  1999        60-64     0.00580  0.02864  2.71   91722    2627  452599  2200823  23.99
  1999        65-69     0.01275  0.06197  2.73   89095    5521  432916  1748224  19.62
  1999        70-74     0.02156  0.10263  2.67   83574    8577  397845  1315308  15.74
  1999        75-79     0.03076  0.14340  2.64   74997   10754  349579   917463  12.23
  1999        80-84     0.06266  0.27274  2.63   64243   17522  279646   567884   8.84
  1999        85-89     0.11600  0.45003  2.51   46721   21026  181251   288238   6.17
  1999        90-94     0.20563  0.66118  2.30   25695   16989   82621   106987   4.16
  1999        95-99     0.33774  0.83802  1.99    8706    7296   21601    24366   2.80
  1999       100-104    0.50190  0.93610  1.65    1410    1320    2630     2764   1.96
  1999       105-109    0.66819  0.97482  1.37      90      88     131      134   1.49
  1999       110+       0.78825  1.00000  1.27       2       2       3        3   1.27
  2000           0      0.00413  0.00412  0.14  100000     412   99646  8112440  81.12
  2000         1-4      0.00083  0.00332  1.07   99588     331  397383  8012794  80.46
  2000         5-9      0.00027  0.00137  0.66   99257     136  495698  7615411  76.72
  2000        10-14     0.00022  0.00111  2.90   99122     110  495376  7119713  71.83
  2000        15-19     0.00039  0.00197  3.22   99011     195  494710  6624336  66.90
  2000        20-24     0.00042  0.00210  2.89   98816     208  493642  6129627  62.03
  2000        25-29     0.00087  0.00435  2.77   98608     428  492089  5635985  57.16
  2000        30-34     0.00091  0.00453  2.28   98180     445  489687  5143897  52.39
  2000        35-39     0.00079  0.00395  1.94   97735     386  487490  4654210  47.62
  2000        40-44     0.00108  0.00541  2.56   97348     527  485456  4166720  42.80
  2000        45-49     0.00130  0.00646  2.33   96822     625  482442  3681264  38.02
  2000        50-54     0.00198  0.00985  2.38   96197     948  478505  3198822  33.25
  2000        55-59     0.00302  0.01500  2.49   95249    1428  472663  2720317  28.56
  2000        60-64     0.00646  0.03177  2.49   93821    2981  461632  2247654  23.96
  2000        65-69     0.01383  0.06721  2.89   90840    6106  441322  1786022  19.66
  2000        70-74     0.02039  0.09757  2.79   84734    8267  405385  1344700  15.87
  2000        75-79     0.03304  0.15333  2.66   76467   11725  354860   939315  12.28
  2000        80-84     0.06239  0.27151  2.61   64743   17579  281763   584455   9.03
  2000        85-89     0.11125  0.43536  2.50   47164   20534  184571   302692   6.42
  2000        90-94     0.19058  0.63077  2.32   26631   16798   88139   118122   4.44
  2000        95-99     0.30627  0.80494  2.05    9833    7915   25842    29982   3.05
  2000       100-104    0.45290  0.91448  1.74    1918    1754    3873     4140   2.16
  2000       105-109    0.61007  0.96465  1.46     164     158     259      267   1.63
  2000       110+       0.73185  1.00000  1.37       6       6       8        8   1.37
  2001           0      0.00322  0.00321  0.14  100000     321   99724  8071449  80.71
  2001         1-4      0.00030  0.00120  1.29   99679     119  398391  7971725  79.97
  2001         5-9      0.00050  0.00248  2.67   99559     247  497221  7573334  76.07
  2001        10-14     0.00018  0.00087  2.50   99312      87  496343  7076113  71.25
  2001        15-19     0.00040  0.00202  2.37   99225     201  495599  6579769  66.31
  2001        20-24     0.00086  0.00430  2.68   99025     426  494134  6084171  61.44
  2001        25-29     0.00093  0.00462  2.06   98599     456  491654  5590037  56.69
  2001        30-34     0.00085  0.00426  2.79   98143     419  489790  5098383  51.95
  2001        35-39     0.00084  0.00418  2.43   97724     408  487574  4608593  47.16
  2001        40-44     0.00123  0.00616  2.78   97316     599  485252  4121019  42.35
  2001        45-49     0.00159  0.00793  2.87   96717     767  481953  3635767  37.59
  2001        50-54     0.00306  0.01521  3.07   95950    1459  476933  3153814  32.87
  2001        55-59     0.00502  0.02479  2.57   94491    2342  466757  2676881  28.33
  2001        60-64     0.00766  0.03760  2.54   92149    3465  452203  2210124  23.98
  2001        65-69     0.01199  0.05836  2.75   88684    5175  431762  1757921  19.82
  2001        70-74     0.01822  0.08728  2.59   83508    7289  399968  1326159  15.88
  2001        75-79     0.02883  0.13522  2.71   76219   10306  357515   926191  12.15
  2001        80-84     0.06941  0.29700  2.57   65913   19576  282048   568676   8.63
  2001        85-89     0.11836  0.45580  2.48   46337   21120  178437   286627   6.19
  2001        90-94     0.19940  0.64794  2.30   25217   16339   81941   108190   4.29
  2001        95-99     0.31780  0.81705  2.03    8878    7254   22824    26249   2.96
  2001       100-104    0.46481  0.91968  1.71    1624    1494    3214     3424   2.11
  2001       105-109    0.61558  0.96519  1.44     130     126     205      211   1.62
  2001       110+       0.72601  1.00000  1.38       5       5       6        6   1.38
  2002           0      0.00349  0.00348  0.14  100000     348   99701  8169266  81.69
  2002         1-4      0.00031  0.00122  0.89   99652     122  398230  8069565  80.98
  2002         5-9      0.00009  0.00046  3.49   99530      45  497583  7671335  77.08
  2002        10-14     0.00031  0.00153  1.50   99485     153  496891  7173752  72.11
  2002        15-19     0.00066  0.00331  3.32   99332     328  496110  6676861  67.22
  2002        20-24     0.00061  0.00306  2.65   99004     303  494306  6180751  62.43
  2002        25-29     0.00054  0.00270  2.41   98701     266  492815  5686445  57.61
  2002        30-34     0.00084  0.00420  2.72   98434     414  491229  5193630  52.76
  2002        35-39     0.00076  0.00380  3.06   98021     373  489382  4702400  47.97
  2002        40-44     0.00111  0.00553  3.05   97648     540  487191  4213018  43.14
  2002        45-49     0.00138  0.00690  2.70   97108     670  484003  3725827  38.37
  2002        50-54     0.00232  0.01153  2.79   96439    1112  479735  3241823  33.62
  2002        55-59     0.00261  0.01296  2.94   95327    1235  474091  2762088  28.98
  2002        60-64     0.00570  0.02814  2.61   94091    2647  464140  2287997  24.32
  2002        65-69     0.00968  0.04732  2.64   91444    4327  447013  1823857  19.95
  2002        70-74     0.01596  0.07718  2.86   87117    6724  421226  1376844  15.80
  2002        75-79     0.03398  0.15644  2.47   80393   12577  370144   955617  11.89
  2002        80-84     0.06738  0.29019  2.61   67816   19679  292081   585473   8.63
  2002        85-89     0.12095  0.46358  2.48   48137   22315  184503   293392   6.09
  2002        90-94     0.20461  0.65756  2.28   25821   16979   82983   108889   4.22
  2002        95-99     0.32159  0.82025  2.01    8842    7253   22554    25906   2.93
  2002       100-104    0.46459  0.91934  1.71    1589    1461    3145     3353   2.11
  2002       105-109    0.61495  0.96533  1.45     128     124     201      207   1.62
  2002       110+       0.73194  1.00000  1.37       4       4       6        6   1.37
  2003           0      0.00588  0.00585  0.14  100000     585   99495  8168457  81.68
  2003         1-4      0.00037  0.00149  1.00   99415     148  397217  8068962  81.16
  2003         5-9      0.00000  0.00000  2.50   99267       0  496337  7671745  77.28
  2003        10-14     0.00018  0.00090  1.23   99267      90  496000  7175408  72.28
  2003        15-19     0.00026  0.00129  4.05   99178     128  495767  6679408  67.35
  2003        20-24     0.00064  0.00318  3.05   99050     315  494635  6183641  62.43
  2003        25-29     0.00065  0.00327  2.44   98735     323  492846  5689006  57.62
  2003        30-34     0.00109  0.00544  2.29   98412     535  490609  5196160  52.80
  2003        35-39     0.00089  0.00445  2.85   97877     436  488446  4705551  48.08
  2003        40-44     0.00138  0.00688  2.64   97441     671  485621  4217105  43.28
  2003        45-49     0.00110  0.00547  3.06   96770     530  482821  3731484  38.56
  2003        50-54     0.00168  0.00838  3.36   96240     806  479881  3248662  33.76
  2003        55-59     0.00332  0.01644  2.54   95434    1569  473309  2768782  29.01
  2003        60-64     0.00650  0.03199  2.67   93865    3003  462324  2295473  24.46
  2003        65-69     0.01012  0.04935  2.45   90862    4484  442888  1833149  20.18
  2003        70-74     0.01967  0.09391  2.59   86378    8112  412303  1390261  16.10
  2003        75-79     0.03233  0.15082  2.78   78266   11804  365117   977958  12.50
  2003        80-84     0.05854  0.25697  2.62   66462   17079  291745   612841   9.22
  2003        85-89     0.10673  0.42220  2.53   49383   20849  195357   321096   6.50
  2003        90-94     0.19011  0.63119  2.34   28534   18010   94737   125739   4.41
  2003        95-99     0.31774  0.81901  2.04   10524    8619   27126    31002   2.95
  2003       100-104    0.48209  0.92882  1.69    1905    1769    3670     3876   2.04
  2003       105-109    0.65349  0.97281  1.39     136     132     202      207   1.52
  2003       110+       0.77925  1.00000  1.28       4       4       5        5   1.28
  2004           0      0.00699  0.00694  0.13  100000     694   99399  8166555  81.67
  2004         1-4      0.00062  0.00248  2.29   99306     246  396802  8067155  81.24
  2004         5-9      0.00038  0.00190  2.48   99060     188  494824  7670353  77.43
  2004        10-14     0.00036  0.00178  4.00   98872     176  494182  7175529  72.57
  2004        15-19     0.00019  0.00097  3.69   98696      95  493355  6681347  67.70
  2004        20-24     0.00062  0.00310  2.80   98601     306  492331  6187992  62.76
  2004        25-29     0.00073  0.00365  3.30   98295     359  490866  5695662  57.94
  2004        30-34     0.00049  0.00244  2.71   97936     238  489136  5204796  53.14
  2004        35-39     0.00090  0.00448  2.65   97698     437  487463  4715660  48.27
  2004        40-44     0.00115  0.00575  2.49   97261     559  484896  4228197  43.47
  2004        45-49     0.00125  0.00622  2.53   96701     602  482018  3743301  38.71
  2004        50-54     0.00198  0.00986  2.61   96099     947  478230  3261282  33.94
  2004        55-59     0.00329  0.01632  2.81   95152    1553  472360  2783052  29.25
  2004        60-64     0.00643  0.03170  2.86   93599    2967  461652  2310692  24.69
  2004        65-69     0.01033  0.05036  2.56   90632    4565  442041  1849040  20.40
  2004        70-74     0.01980  0.09480  2.76   86068    8160  412043  1406999  16.35
  2004        75-79     0.03131  0.14530  2.53   77908   11320  361544   994956  12.77
  2004        80-84     0.05507  0.24365  2.64   66588   16224  294607   633411   9.51
  2004        85-89     0.10115  0.40497  2.54   50364   20396  201636   338805   6.73
  2004        90-94     0.18055  0.61129  2.36   29968   18319  101464   137168   4.58
  2004        95-99     0.30308  0.80326  2.07   11649    9357   30873    35704   3.07
  2004       100-104    0.46409  0.92116  1.73    2292    2111    4549     4831   2.11
  2004       105-109    0.63698  0.97026  1.42     181     175     275      282   1.56
  2004       110+       0.76723  1.00000  1.30       5       5       7        7   1.30
  2005           0      0.00557  0.00554  0.14  100000     554   99522  8166388  81.66
  2005         1-4      0.00037  0.00149  2.84   99446     149  397611  8066866  81.12
  2005         5-9      0.00024  0.00121  2.89   99297     120  496234  7669255  77.24
  2005        10-14     0.00014  0.00071  0.50   99177      70  495571  7173022  72.33
  2005        15-19     0.00095  0.00474  2.23   99107     470  494233  6677451  67.38
  2005        20-24     0.00082  0.00407  2.53   98637     401  492193  6183219  62.69
  2005        25-29     0.00085  0.00426  2.28   98236     418  490043  5691026  57.93
  2005        30-34     0.00114  0.00567  2.26   97818     554  487572  5200983  53.17
  2005        35-39     0.00059  0.00297  2.28   97263     289  485532  4713411  48.46
  2005        40-44     0.00132  0.00658  2.80   96975     638  483471  4227879  43.60
  2005        45-49     0.00133  0.00663  3.21   96337     639  480540  3744409  38.87
  2005        50-54     0.00235  0.01167  2.87   95698    1117  476107  3263868  34.11
  2005        55-59     0.00378  0.01877  2.85   94581    1775  469091  2787761  29.47
  2005        60-64     0.00530  0.02617  2.55   92806    2428  458070  2318670  24.98
  2005        65-69     0.00982  0.04795  2.56   90377    4333  441313  1860601  20.59
  2005        70-74     0.01634  0.07871  2.67   86044    6773  414433  1419288  16.49
  2005        75-79     0.02920  0.13577  2.42   79271   10762  368571  1004856  12.68
  2005        80-84     0.05964  0.26103  2.61   68509   17882  299822   636285   9.29
  2005        85-89     0.10520  0.41701  2.52   50626   21111  200673   336463   6.65
  2005        90-94     0.18095  0.61109  2.34   29515   18036   99674   135790   4.60
  2005        95-99     0.29468  0.79231  2.08   11478    9094   30862    36116   3.15
  2005       100-104    0.44263  0.90976  1.76    2384    2169    4900     5254   2.20
  2005       105-109    0.60401  0.96363  1.47     215     207     343      354   1.65
  2005       110+       0.72981  1.00000  1.37       8       8      11       11   1.37
  2006           0      0.00509  0.00507  0.14  100000     507   99563  8255137  82.55
  2006         1-4      0.00018  0.00072  2.19   99493      72  397843  8155574  81.97
  2006         5-9      0.00015  0.00073  1.82   99421      73  496876  7757731  78.03
  2006        10-14     0.00032  0.00162  2.77   99349     161  496384  7260855  73.08
  2006        15-19     0.00027  0.00134  3.56   99187     133  495746  6764472  68.20
  2006        20-24     0.00033  0.00167  2.17   99055     165  494807  6268725  63.29
  2006        25-29     0.00055  0.00274  2.93   98890     271  493888  5773918  58.39
  2006        30-34     0.00064  0.00319  3.06   98619     314  492486  5280031  53.54
  2006        35-39     0.00075  0.00372  3.07   98305     366  490819  4787545  48.70
  2006        40-44     0.00116  0.00581  2.88   97939     569  488491  4296726  43.87
  2006        45-49     0.00163  0.00814  2.95   97370     792  485228  3808235  39.11
  2006        50-54     0.00213  0.01061  3.24   96578    1025  481083  3323008  34.41
  2006        55-59     0.00307  0.01525  2.79   95553    1457  474546  2841925  29.74
  2006        60-64     0.00553  0.02729  2.72   94096    2568  464612  2367379  25.16
  2006        65-69     0.00887  0.04363  3.08   91527    3993  449972  1902766  20.79
  2006        70-74     0.01663  0.08006  2.68   87534    7008  421408  1452794  16.60
  2006        75-79     0.02959  0.13865  2.73   80526   11165  377338  1031386  12.81
  2006        80-84     0.05630  0.24846  2.64   69361   17234  306104   654048   9.43
  2006        85-89     0.10338  0.41180  2.53   52127   21466  207645   347944   6.67
  2006        90-94     0.18179  0.61331  2.35   30661   18805  103443   140299   4.58
  2006        95-99     0.29881  0.79737  2.08   11856    9454   31638    36855   3.11
  2006       100-104    0.44972  0.91348  1.75    2402    2195    4880     5217   2.17
  2006       105-109    0.61275  0.96545  1.45     208     201     328      337   1.62
  2006       110+       0.73879  1.00000  1.35       7       7      10       10   1.35
  2007           0      0.00392  0.00391  0.14  100000     391   99664  8204315  82.04
  2007         1-4      0.00046  0.00183  1.91   99609     182  398055  8104650  81.36
  2007         5-9      0.00000  0.00000  2.50   99427       0  497134  7706595  77.51
  2007        10-14     0.00000  0.00000  2.50   99427       0  497134  7209461  72.51
  2007        15-19     0.00035  0.00174  2.97   99427     173  496784  6712326  67.51
  2007        20-24     0.00056  0.00278  2.37   99254     276  495545  6215542  62.62
  2007        25-29     0.00076  0.00377  2.54   98978     373  493973  5719998  57.79
  2007        30-34     0.00110  0.00547  2.36   98605     539  491600  5226025  53.00
  2007        35-39     0.00102  0.00510  3.18   98066     501  489419  4734425  48.28
  2007        40-44     0.00137  0.00684  2.72   97565     668  486303  4245006  43.51
  2007        45-49     0.00157  0.00779  2.52   96898     755  482618  3758703  38.79
  2007        50-54     0.00252  0.01252  2.58   96142    1204  477802  3276085  34.08
  2007        55-59     0.00350  0.01735  2.52   94939    1647  470613  2798284  29.47
  2007        60-64     0.00685  0.03365  2.47   93292    3139  458514  2327670  24.95
  2007        65-69     0.00982  0.04793  2.56   90152    4321  440212  1869156  20.73
  2007        70-74     0.01476  0.07146  2.78   85831    6133  415527  1428944  16.65
  2007        75-79     0.03141  0.14617  2.63   79698   11649  370914  1013417  12.72
  2007        80-84     0.05517  0.24409  2.64   68049   16610  301094   642503   9.44
  2007        85-89     0.10274  0.41011  2.54   51439   21096  205328   341409   6.64
  2007        90-94     0.18527  0.62152  2.35   30343   18859  101789   136080   4.48
  2007        95-99     0.31250  0.81383  2.06   11484    9346   29908    34291   2.99
  2007       100-104    0.47814  0.92744  1.70    2138    1983    4147     4384   2.05
  2007       105-109    0.65279  0.97285  1.39     155     151     231      237   1.53
  2007       110+       0.78169  1.00000  1.28       4       4       5        5   1.28
  2008           0      0.00510  0.00507  0.14  100000     507   99563  8166894  81.67
  2008         1-4      0.00072  0.00289  1.99   99493     287  397393  8067332  81.08
  2008         5-9      0.00014  0.00072  4.50   99206      71  495992  7669939  77.31
  2008        10-14     0.00032  0.00162  3.49   99135     161  495429  7173947  72.37
  2008        15-19     0.00075  0.00375  2.36   98974     371  493886  6678518  67.48
  2008        20-24     0.00061  0.00303  2.59   98602     299  492291  6184632  62.72
  2008        25-29     0.00040  0.00200  2.67   98303     196  491059  5692341  57.91
  2008        30-34     0.00079  0.00394  3.07   98107     386  489791  5201282  53.02
  2008        35-39     0.00069  0.00345  2.29   97721     337  487691  4711491  48.21
  2008        40-44     0.00133  0.00662  2.41   97383     645  485250  4223800  43.37
  2008        45-49     0.00152  0.00758  2.64   96739     733  481964  3738550  38.65
  2008        50-54     0.00226  0.01124  2.25   96005    1079  477064  3256586  33.92
  2008        55-59     0.00325  0.01611  2.56   94926    1529  470899  2779522  29.28
  2008        60-64     0.00547  0.02696  2.45   93397    2518  460568  2308623  24.72
  2008        65-69     0.01038  0.05074  2.76   90880    4611  444062  1848055  20.34
  2008        70-74     0.01543  0.07460  2.80   86268    6436  417174  1403994  16.27
  2008        75-79     0.03449  0.15996  2.73   79832   12770  370233   986820  12.36
  2008        80-84     0.05546  0.24547  2.66   67062   16462  296839   616587   9.19
  2008        85-89     0.10857  0.42879  2.55   50600   21697  199835   319747   6.32
  2008        90-94     0.20413  0.66038  2.33   28903   19087   93505   119913   4.15
  2008        95-99     0.35238  0.85334  1.98    9816    8377   23772    26408   2.69
  2008       100-104    0.53911  0.94963  1.59    1440    1367    2536     2636   1.83
  2008       105-109    0.72067  0.98168  1.29      73      71      99      100   1.38
  2008       110+       0.84148  1.00000  1.19       1       1       2        2   1.19
  2009           0      0.00342  0.00341  0.14  100000     341   99708  8276457  82.76
  2009         1-4      0.00022  0.00087  2.03   99659      87  398466  8176749  82.05
  2009         5-9      0.00005  0.00024  1.50   99573      24  497781  7778283  78.12
  2009        10-14     0.00014  0.00071  3.50   99549      71  497640  7280502  73.13
  2009        15-19     0.00027  0.00135  2.88   99478     135  497106  6782862  68.18
  2009        20-24     0.00053  0.00263  3.20   99344     262  496247  6285756  63.27
  2009        25-29     0.00067  0.00333  2.38   99082     330  494543  5789509  58.43
  2009        30-34     0.00047  0.00235  1.91   98752     232  493043  5294966  53.62
  2009        35-39     0.00097  0.00484  2.26   98520     477  491291  4801923  48.74
  2009        40-44     0.00111  0.00551  2.14   98043     540  488672  4310633  43.97
  2009        45-49     0.00128  0.00638  2.52   97503     622  485974  3821960  39.20
  2009        50-54     0.00189  0.00942  2.46   96881     913  482081  3335987  34.43
  2009        55-59     0.00402  0.01991  2.67   95968    1911  475385  2853906  29.74
  2009        60-64     0.00544  0.02683  2.63   94057    2524  464297  2378521  25.29
  2009        65-69     0.00816  0.04008  2.74   91533    3668  449361  1914224  20.91
  2009        70-74     0.01652  0.07980  2.89   87865    7012  424496  1464862  16.67
  2009        75-79     0.03198  0.14885  2.68   80853   12035  376353  1040366  12.87
  2009        80-84     0.04851  0.21825  2.71   68818   15020  309632   664014   9.65
  2009        85-89     0.10043  0.40405  2.58   53798   21737  216447   354381   6.59
  2009        90-94     0.19414  0.64134  2.35   32061   20562  105916   137934   4.30
  2009        95-99     0.33864  0.84109  2.01   11499    9672   28561    32018   2.78
  2009       100-104    0.52078  0.94381  1.62    1827    1725    3312     3458   1.89
  2009       105-109    0.70116  0.97949  1.32     103     101     143      146   1.42
  2009       110+       0.82487  1.00000  1.21       2       2       3        3   1.21
  2010           0      0.00377  0.00376  0.14  100000     376   99677  8271143  82.71
  2010         1-4      0.00031  0.00124  1.01   99624     123  398127  8171466  82.02
  2010         5-9      0.00000  0.00000  2.50   99501       0  497503  7773339  78.12
  2010        10-14     0.00038  0.00190  3.50   99501     189  497219  7275836  73.12
  2010        15-19     0.00062  0.00308  2.19   99311     306  495697  6778616  68.26
  2010        20-24     0.00042  0.00212  1.99   99006     209  494398  6282920  63.46
  2010        25-29     0.00077  0.00384  2.45   98796     380  493014  5788521  58.59
  2010        30-34     0.00049  0.00246  2.27   98417     242  491423  5295507  53.81
  2010        35-39     0.00115  0.00575  2.68   98175     564  489561  4804084  48.93
  2010        40-44     0.00108  0.00541  2.64   97610     528  486804  4314522  44.20
  2010        45-49     0.00096  0.00480  2.94   97082     466  484452  3827718  39.43
  2010        50-54     0.00229  0.01137  2.52   96617    1099  480353  3343266  34.60
  2010        55-59     0.00289  0.01434  2.48   95518    1370  474141  2862913  29.97
  2010        60-64     0.00512  0.02531  2.54   94148    2382  464886  2388772  25.37
  2010        65-69     0.00894  0.04376  2.61   91765    4015  449243  1923887  20.97
  2010        70-74     0.01566  0.07548  2.60   87750    6623  422877  1474643  16.81
  2010        75-79     0.02920  0.13607  2.50   81127   11039  378051  1051766  12.96
  2010        80-84     0.04634  0.20976  2.74   70087   14701  317284   673716   9.61
  2010        85-89     0.10286  0.41245  2.60   55386   22844  222096   356431   6.44
  2010        90-94     0.20526  0.66351  2.34   32542   21592  105194   134336   4.13
  2010        95-99     0.35715  0.85694  1.97   10950    9384   26274    29142   2.66
  2010       100-104    0.53935  0.94921  1.59    1567    1487    2757     2868   1.83
  2010       105-109    0.71439  0.98089  1.30      80      78     109      111   1.40
  2010       110+       0.83356  1.00000  1.20       2       2       2        2   1.20
  2011           0      0.00293  0.00292  0.14  100000     292   99750  8320196  83.20
  2011         1-4      0.00005  0.00021  2.50   99708      21  398801  8220446  82.45
  2011         5-9      0.00032  0.00160  2.99   99687     159  498115  7821645  78.46
  2011        10-14     0.00014  0.00069  4.50   99528      69  497605  7323530  73.58
  2011        15-19     0.00077  0.00382  1.93   99459     380  496127  6825925  68.63
  2011        20-24     0.00015  0.00075  1.48   99079      75  495132  6329798  63.89
  2011        25-29     0.00057  0.00284  2.46   99004     281  494307  5834667  58.93
  2011        30-34     0.00061  0.00303  2.46   98723     299  492854  5340360  54.09
  2011        35-39     0.00061  0.00305  3.13   98424     300  491558  4847506  49.25
  2011        40-44     0.00097  0.00483  2.57   98124     474  489470  4355948  44.39
  2011        45-49     0.00089  0.00443  2.72   97650     433  487263  3866477  39.60
  2011        50-54     0.00218  0.01085  2.83   97217    1054  483804  3379215  34.76
  2011        55-59     0.00377  0.01869  2.51   96163    1797  476340  2895411  30.11
  2011        60-64     0.00571  0.02815  2.47   94366    2656  465111  2419072  25.64
  2011        65-69     0.00831  0.04078  2.76   91709    3740  450168  1953961  21.31
  2011        70-74     0.01402  0.06797  2.75   87969    5979  426383  1503793  17.09
  2011        75-79     0.02518  0.11917  2.76   81990    9771  388023  1077410  13.14
  2011        80-84     0.05050  0.22612  2.69   72219   16330  323385   689387   9.55
  2011        85-89     0.10205  0.40888  2.57   55889   22852  223942   366002   6.55
  2011        90-94     0.19442  0.64163  2.35   33037   21197  109027   142060   4.30
  2011        95-99     0.33777  0.84031  2.01   11840    9949   29455    33033   2.79
  2011       100-104    0.52064  0.94392  1.62    1891    1785    3428     3578   1.89
  2011       105-109    0.70330  0.97982  1.32     106     104     148      150   1.42
  2011       110+       0.82843  1.00000  1.21       2       2       3        3   1.21
  2012           0      0.00296  0.00296  0.14  100000     296   99747  8318233  83.18
  2012         1-4      0.00053  0.00212  1.32   99704     211  398252  8218486  82.43
  2012         5-9      0.00023  0.00115  4.10   99493     115  497362  7820234  78.60
  2012        10-14     0.00028  0.00141  1.80   99378     140  496444  7322872  73.69
  2012        15-19     0.00031  0.00157  3.02   99238     156  495885  6826428  68.79
  2012        20-24     0.00062  0.00310  3.02   99083     307  494807  6330543  63.89
  2012        25-29     0.00073  0.00365  2.34   98776     361  492921  5835736  59.08
  2012        30-34     0.00044  0.00222  2.04   98415     218  491432  5342815  54.29
  2012        35-39     0.00097  0.00484  2.35   98197     475  489729  4851383  49.40
  2012        40-44     0.00094  0.00471  2.72   97723     460  487561  4361654  44.63
  2012        45-49     0.00154  0.00768  2.74   97262     747  484619  3874093  39.83
  2012        50-54     0.00248  0.01232  2.71   96515    1189  479854  3389474  35.12
  2012        55-59     0.00285  0.01417  2.55   95327    1351  473322  2909620  30.52
  2012        60-64     0.00502  0.02481  2.60   93976    2332  464278  2436297  25.92
  2012        65-69     0.00808  0.03968  2.78   91644    3636  450146  1972020  21.52
  2012        70-74     0.01185  0.05791  3.03   88008    5096  429987  1521873  17.29
  2012        75-79     0.02650  0.12501  2.74   82911   10365  391177  1091886  13.17
  2012        80-84     0.04847  0.21816  2.71   72546   15827  326507   700710   9.66
  2012        85-89     0.10088  0.40545  2.58   56720   22997  227960   374202   6.60
  2012        90-94     0.19305  0.63857  2.35   33723   21534  111549   146242   4.34
  2012        95-99     0.33063  0.83245  2.02   12188   10146   30687    34693   2.85
  2012       100-104    0.50145  0.93646  1.65    2042    1912    3814     4005   1.96
  2012       105-109    0.67452  0.97596  1.36     130     127     188      192   1.48
  2012       110+       0.79926  1.00000  1.25       3       3       4        4   1.25
  2013           0      0.00290  0.00289  0.14  100000     289   99752  8389828  83.90
  2013         1-4      0.00028  0.00111  0.67   99711     111  398473  8290076  83.14
  2013         5-9      0.00000  0.00000  2.50   99600       0  497998  7891603  79.23
  2013        10-14     0.00000  0.00000  2.50   99600       0  497998  7393605  74.23
  2013        15-19     0.00041  0.00204  1.96   99600     204  497379  6895608  69.23
  2013        20-24     0.00034  0.00168  2.09   99396     167  496494  6398228  64.37
  2013        25-29     0.00035  0.00175  2.58   99229     173  495726  5901734  59.48
  2013        30-34     0.00048  0.00241  1.65   99056     239  494478  5406009  54.58
  2013        35-39     0.00071  0.00355  2.92   98817     351  493352  4911531  49.70
  2013        40-44     0.00109  0.00543  2.77   98466     535  491136  4418179  44.87
  2013        45-49     0.00150  0.00748  3.22   97931     733  488349  3927042  40.10
  2013        50-54     0.00237  0.01179  2.64   97198    1146  483285  3438693  35.38
  2013        55-59     0.00368  0.01823  2.72   96052    1751  476268  2955408  30.77
  2013        60-64     0.00516  0.02550  2.67   94301    2405  465912  2479139  26.29
  2013        65-69     0.00779  0.03823  2.53   91896    3513  450804  2013227  21.91
  2013        70-74     0.01593  0.07703  2.86   88383    6808  427321  1562423  17.68
  2013        75-79     0.02241  0.10666  2.74   81575    8700  388257  1135102  13.91
  2013        80-84     0.04530  0.20507  2.70   72875   14945  329938   746846  10.25
  2013        85-89     0.08994  0.36947  2.59   57930   21403  237967   416908   7.20
  2013        90-94     0.16560  0.57827  2.39   36527   21123  127552   178941   4.90
  2013        95-99     0.27520  0.76797  2.12   15404   11830   42987    51389   3.34
  2013       100-104    0.41276  0.89225  1.82    3574    3189    7726     8401   2.35
  2013       105-109    0.56575  0.95457  1.53     385     368     650      675   1.75
  2013       110+       0.69126  1.00000  1.45      17      17      25       25   1.45
  2014           0      0.00233  0.00232  0.14  100000     232   99801  8360861  83.61
  2014         1-4      0.00037  0.00147  1.38   99768     147  398688  8261059  82.80
  2014         5-9      0.00000  0.00000  2.50   99621       0  498106  7862371  78.92
  2014        10-14     0.00038  0.00189  3.00   99621     188  497731  7364265  73.92
  2014        15-19     0.00056  0.00279  2.30   99433     278  496418  6866534  69.06
  2014        20-24     0.00028  0.00138  2.15   99156     137  495388  6370116  64.24
  2014        25-29     0.00055  0.00275  2.61   99019     272  494442  5874728  59.33
  2014        30-34     0.00068  0.00341  2.27   98747     337  492813  5380286  54.49
  2014        35-39     0.00079  0.00396  2.29   98410     390  490992  4887473  49.66
  2014        40-44     0.00106  0.00526  2.49   98020     516  488806  4396481  44.85
  2014        45-49     0.00124  0.00619  2.86   97504     603  486233  3907675  40.08
  2014        50-54     0.00221  0.01098  2.37   96901    1064  481704  3421442  35.31
  2014        55-59     0.00394  0.01955  2.82   95837    1873  475101  2939738  30.67
  2014        60-64     0.00502  0.02481  2.70   93964    2332  464450  2464636  26.23
  2014        65-69     0.00710  0.03491  2.59   91632    3199  450444  2000186  21.83
  2014        70-74     0.01373  0.06657  2.74   88433    5887  428841  1549742  17.52
  2014        75-79     0.02394  0.11320  2.60   82546    9344  390327  1120902  13.58
  2014        80-84     0.04527  0.20511  2.71   73202   15015  331645   730574   9.98
  2014        85-89     0.09332  0.38111  2.60   58188   22176  237629   398929   6.86
  2014        90-94     0.18218  0.61731  2.39   36011   22230  122025   161301   4.48
  2014        95-99     0.32845  0.83328  2.04   13781   11484   34962    39275   2.85
  2014       100-104    0.52488  0.94643  1.62    2298    2175    4143     4313   1.88
  2014       105-109    0.72210  0.98217  1.29     123     121     167      170   1.38
  2014       110+       0.85091  1.00000  1.18       2       2       3        3   1.18
  2015           0      0.00368  0.00367  0.14  100000     367   99685  8371015  83.71
  2015         1-4      0.00018  0.00072  2.01   99633      72  398388  8271331  83.02
  2015         5-9      0.00032  0.00162  3.64   99561     161  497585  7872943  79.08
  2015        10-14     0.00005  0.00023  1.50   99399      22  496918  7375358  74.20
  2015        15-19     0.00044  0.00218  1.62   99377     216  496155  6878439  69.22
  2015        20-24     0.00050  0.00252  3.59   99161     250  495452  6382285  64.36
  2015        25-29     0.00049  0.00246  3.15   98911     244  494105  5886833  59.52
  2015        30-34     0.00032  0.00160  2.26   98667     158  492904  5392727  54.66
  2015        35-39     0.00090  0.00451  2.34   98509     444  491363  4899824  49.74
  2015        40-44     0.00077  0.00385  2.48   98065     378  489373  4408460  44.95
  2015        45-49     0.00116  0.00578  2.52   97687     564  487038  3919087  40.12
  2015        50-54     0.00176  0.00878  2.81   97123     853  483749  3432049  35.34
  2015        55-59     0.00438  0.02172  2.93   96270    2091  477028  2948300  30.63
  2015        60-64     0.00527  0.02597  2.33   94179    2446  464368  2471272  26.24
  2015        65-69     0.00836  0.04098  2.66   91733    3759  449874  2006904  21.88
  2015        70-74     0.01321  0.06424  2.84   87973    5652  427673  1557031  17.70
  2015        75-79     0.02627  0.12406  2.76   82322   10213  388708  1129358  13.72
  2015        80-84     0.04288  0.19531  2.72   72109   14083  328417   740649  10.27
  2015        85-89     0.08890  0.36649  2.61   58025   21266  239199   412232   7.10
  2015        90-94     0.17169  0.59363  2.40   36760   21822  127099   173033   4.71
  2015        95-99     0.30114  0.80243  2.09   14938   11987   39804    45935   3.08
  2015       100-104    0.47126  0.92508  1.72    2951    2730    5793     6131   2.08
  2015       105-109    0.65237  0.97303  1.39     221     215     330      337   1.53
  2015       110+       0.78611  1.00000  1.27       6       6       8        8   1.27
  2016           0      0.00285  0.00285  0.14  100000     285   99756  8406293  84.06
  2016         1-4      0.00026  0.00106  0.50   99715     105  398493  8306536  83.30
  2016         5-9      0.00027  0.00136  3.09   99610     136  497791  7908044  79.39
  2016        10-14     0.00009  0.00045  2.50   99474      45  497258  7410253  74.49
  2016        15-19     0.00036  0.00180  1.74   99429     179  496563  6912995  69.53
  2016        20-24     0.00061  0.00304  2.69   99251     301  495556  6416432  64.65
  2016        25-29     0.00038  0.00188  2.67   98949     186  494311  5920876  59.84
  2016        30-34     0.00058  0.00291  3.16   98763     287  493287  5426565  54.95
  2016        35-39     0.00049  0.00244  2.30   98476     240  491731  4933278  50.10
  2016        40-44     0.00102  0.00510  2.83   98236     501  490091  4441547  45.21
  2016        45-49     0.00138  0.00685  2.80   97735     670  487204  3951456  40.43
  2016        50-54     0.00231  0.01149  2.90   97065    1115  482989  3464252  35.69
  2016        55-59     0.00370  0.01833  2.56   95950    1758  475461  2981264  31.07
  2016        60-64     0.00417  0.02064  2.44   94192    1945  465974  2505803  26.60
  2016        65-69     0.00726  0.03571  2.63   92247    3294  453441  2039828  22.11
  2016        70-74     0.01229  0.05984  2.82   88953    5323  433170  1586387  17.83
  2016        75-79     0.02658  0.12542  2.76   83631   10489  394673  1153217  13.79
  2016        80-84     0.04347  0.19761  2.70   73142   14454  332519   758544  10.37
  2016        85-89     0.08728  0.36071  2.60   58688   21170  242554   426026   7.26
  2016        90-94     0.16405  0.57549  2.41   37519   21592  131613   183472   4.89
  2016        95-99     0.28184  0.77823  2.12   15927   12395   43979    51859   3.26
  2016       100-104    0.43642  0.90738  1.78    3532    3205    7344     7880   2.23
  2016       105-109    0.60644  0.96456  1.47     327     316     520      536   1.64
  2016       110+       0.73933  1.00000  1.35      12      12      16       16   1.35
