ACT, Exposure to risk (period 1x5), 	Last modified: 02 Jul 2018;  Methods Protocol: v6 (2017)

  Year          Age             Female            Male           Total
1971-1974        0              7980.96         8409.94        16390.90
1971-1974        1              8090.98         8560.24        16651.22
1971-1974        2              8106.16         8517.54        16623.70
1971-1974        3              7862.06         8347.81        16209.87
1971-1974        4              7446.21         8024.96        15471.17
1971-1974        5              7073.84         7701.25        14775.09
1971-1974        6              6904.36         7479.56        14383.92
1971-1974        7              6890.66         7292.29        14182.95
1971-1974        8              7021.43         7219.45        14240.89
1971-1974        9              7057.69         7170.19        14227.87
1971-1974       10              7066.04         7210.24        14276.29
1971-1974       11              6909.49         7240.18        14149.67
1971-1974       12              6719.67         7102.22        13821.89
1971-1974       13              6430.16         6901.73        13331.88
1971-1974       14              6180.46         6568.63        12749.09
1971-1974       15              6059.11         6329.55        12388.65
1971-1974       16              6103.64         6160.50        12264.14
1971-1974       17              6201.01         6116.64        12317.65
1971-1974       18              6323.19         6196.67        12519.86
1971-1974       19              6609.53         6517.09        13126.62
1971-1974       20              7003.90         6813.36        13817.26
1971-1974       21              7290.51         7049.03        14339.55
1971-1974       22              7487.69         7274.31        14762.00
1971-1974       23              7640.28         7525.11        15165.40
1971-1974       24              7713.50         7751.91        15465.41
1971-1974       25              7894.74         7954.56        15849.30
1971-1974       26              7675.41         7921.43        15596.83
1971-1974       27              7305.46         7715.21        15020.68
1971-1974       28              6717.49         7365.18        14082.67
1971-1974       29              6256.12         6751.25        13007.37
1971-1974       30              5999.90         6437.35        12437.25
1971-1974       31              5686.62         6056.17        11742.78
1971-1974       32              5362.63         5846.60        11209.22
1971-1974       33              5204.94         5627.43        10832.37
1971-1974       34              5025.55         5420.50        10446.06
1971-1974       35              4856.53         5169.79        10026.32
1971-1974       36              4646.40         4898.41         9544.81
1971-1974       37              4411.62         4696.73         9108.35
1971-1974       38              4155.89         4527.91         8683.80
1971-1974       39              3965.43         4388.98         8354.42
1971-1974       40              3878.67         4294.11         8172.78
1971-1974       41              3837.39         4308.23         8145.62
1971-1974       42              3788.43         4231.54         8019.97
1971-1974       43              3729.64         4204.64         7934.28
1971-1974       44              3703.72         4169.13         7872.84
1971-1974       45              3666.60         4053.45         7720.05
1971-1974       46              3707.71         4039.19         7746.90
1971-1974       47              3671.42         4006.62         7678.04
1971-1974       48              3606.73         3964.50         7571.23
1971-1974       49              3487.46         3902.48         7389.94
1971-1974       50              3336.10         3712.44         7048.54
1971-1974       51              3176.29         3546.64         6722.93
1971-1974       52              2846.26         3244.47         6090.72
1971-1974       53              2559.22         2840.63         5399.85
1971-1974       54              2278.33         2517.95         4796.29
1971-1974       55              2076.87         2230.26         4307.13
1971-1974       56              1930.10         2063.77         3993.86
1971-1974       57              1833.84         1975.08         3808.91
1971-1974       58              1761.31         1860.95         3622.26
1971-1974       59              1635.71         1745.86         3381.56
1971-1974       60              1506.59         1575.88         3082.47
1971-1974       61              1397.32         1439.17         2836.49
1971-1974       62              1255.73         1303.44         2559.17
1971-1974       63              1129.49         1168.62         2298.11
1971-1974       64              1049.73         1053.47         2103.21
1971-1974       65               985.58          934.42         1920.00
1971-1974       66               925.19          861.67         1786.86
1971-1974       67               851.04          757.62         1608.66
1971-1974       68               784.46          670.37         1454.83
1971-1974       69               731.31          620.41         1351.73
1971-1974       70               678.09          556.05         1234.14
1971-1974       71               656.96          515.72         1172.68
1971-1974       72               643.58          448.46         1092.04
1971-1974       73               597.29          393.28          990.57
1971-1974       74               548.38          337.49          885.87
1971-1974       75               491.82          290.43          782.25
1971-1974       76               464.20          264.20          728.40
1971-1974       77               425.65          238.42          664.07
1971-1974       78               396.43          196.48          592.91
1971-1974       79               360.25          162.04          522.29
1971-1974       80               430.66          189.89          620.55
1971-1974       81               386.48          183.32          569.79
1971-1974       82               340.60          171.84          512.44
1971-1974       83               292.28          153.75          446.02
1971-1974       84               247.19          127.82          375.01
1971-1974       85               211.79          103.84          315.63
1971-1974       86               187.41           88.69          276.10
1971-1974       87               159.07           76.75          235.81
1971-1974       88               126.55           67.06          193.61
1971-1974       89               101.29           57.94          159.23
1971-1974       90                82.05           46.62          128.67
1971-1974       91                66.36           37.71          104.07
1971-1974       92                56.33           29.14           85.46
1971-1974       93                49.75           22.20           71.95
1971-1974       94                38.44           15.34           53.78
1971-1974       95                27.63            6.86           34.49
1971-1974       96                19.59            2.22           21.81
1971-1974       97                11.87            0.67           12.54
1971-1974       98                 5.61            0.68            6.29
1971-1974       99                 2.01            1.00            3.01
1971-1974      100                 0.56            0.59            1.15
1971-1974      101                 0.00            0.00            0.00
1971-1974      102                 0.00            0.00            0.00
1971-1974      103                 0.00            0.00            0.00
1971-1974      104                 0.00            0.00            0.00
1971-1974      105                 0.00            0.00            0.00
1971-1974      106                 0.00            0.00            0.00
1971-1974      107                 0.00            0.00            0.00
1971-1974      108                 0.00            0.00            0.00
1971-1974      109                 0.00            0.00            0.00
1971-1974      110+                0.00            0.00            0.00
1975-1979        0             10350.32        10899.18        21249.50
1975-1979        1             10493.64        11083.66        21577.30
1975-1979        2             10814.69        11394.56        22209.26
1975-1979        3             11185.55        11632.54        22818.09
1975-1979        4             11556.60        11957.59        23514.19
1975-1979        5             11802.52        12189.56        23992.08
1975-1979        6             11729.01        12185.02        23914.04
1975-1979        7             11415.00        11978.15        23393.15
1975-1979        8             10890.02        11609.61        22499.63
1975-1979        9             10316.04        11119.57        21435.60
1975-1979       10              9966.00        10593.52        20559.52
1975-1979       11              9784.06        10185.04        19969.10
1975-1979       12              9718.50         9917.02        19635.52
1975-1979       13              9641.07         9893.51        19534.58
1975-1979       14              9586.03         9971.11        19557.13
1975-1979       15              9534.04        10050.53        19584.57
1975-1979       16              9477.09        10070.59        19547.67
1975-1979       17              9448.56        10123.54        19572.10
1975-1979       18              9612.04        10029.64        19641.69
1975-1979       19              9828.57         9939.17        19767.75
1975-1979       20              9921.58         9766.28        19687.86
1975-1979       21             10023.12         9609.78        19632.90
1975-1979       22             10140.13         9626.12        19766.26
1975-1979       23             10312.12         9723.73        20035.86
1975-1979       24             10574.52         9879.62        20454.14
1975-1979       25             10922.53        10287.62        21210.14
1975-1979       26             11274.57        10759.68        22034.25
1975-1979       27             11551.60        11161.71        22713.31
1975-1979       28             11807.63        11718.73        23526.37
1975-1979       29             11675.59        12077.65        23753.24
1975-1979       30             11185.11        11965.81        23150.92
1975-1979       31             10723.15        11518.79        22241.94
1975-1979       32             10130.62        10901.19        21031.81
1975-1979       33              9384.09         9990.50        19374.59
1975-1979       34              8714.13         9140.68        17854.80
1975-1979       35              8267.15         8615.12        16882.27
1975-1979       36              7876.06         8258.18        16134.24
1975-1979       37              7522.65         7931.67        15454.32
1975-1979       38              7270.73         7551.68        14822.40
1975-1979       39              6935.20         7180.61        14115.81
1975-1979       40              6497.55         6836.68        13334.22
1975-1979       41              6109.16         6547.60        12656.77
1975-1979       42              5711.03         6244.04        11955.07
1975-1979       43              5357.02         5968.60        11325.62
1975-1979       44              5143.99         5798.02        10942.02
1975-1979       45              5108.03         5665.96        10773.99
1975-1979       46              5035.54         5527.51        10563.05
1975-1979       47              4975.19         5450.30        10425.49
1975-1979       48              4959.54         5356.80        10316.34
1975-1979       49              4942.23         5274.60        10216.83
1975-1979       50              4857.72         5194.58        10052.30
1975-1979       51              4738.22         5099.06         9837.29
1975-1979       52              4639.93         4996.65         9636.58
1975-1979       53              4521.68         4901.77         9423.45
1975-1979       54              4302.48         4688.43         8990.91
1975-1979       55              4034.14         4414.44         8448.58
1975-1979       56              3746.98         4023.63         7770.61
1975-1979       57              3365.17         3572.75         6937.92
1975-1979       58              3047.77         3214.87         6262.64
1975-1979       59              2773.76         2857.84         5631.60
1975-1979       60              2545.94         2548.55         5094.49
1975-1979       61              2417.07         2354.26         4771.33
1975-1979       62              2307.12         2214.05         4521.17
1975-1979       63              2201.29         2055.53         4256.82
1975-1979       64              2040.31         1902.92         3943.23
1975-1979       65              1867.66         1726.29         3593.96
1975-1979       66              1714.17         1544.75         3258.92
1975-1979       67              1562.74         1429.68         2992.42
1975-1979       68              1459.02         1293.04         2752.06
1975-1979       69              1357.05         1154.55         2511.60
1975-1979       70              1252.51         1018.02         2270.53
1975-1979       71              1146.00          903.02         2049.02
1975-1979       72              1043.00          803.52         1846.53
1975-1979       73               959.51          734.51         1694.02
1975-1979       74               898.02          655.52         1553.53
1975-1979       75               850.97          583.48         1434.45
1975-1979       76               803.48          502.48         1305.96
1975-1979       77               768.98          417.49         1186.47
1975-1979       78               715.98          361.98         1077.96
1975-1979       79               654.48          312.99          967.48
1975-1979       80               631.33          324.63          955.96
1975-1979       81               572.38          270.63          843.00
1975-1979       82               522.51          228.11          750.62
1975-1979       83               470.94          190.54          661.48
1975-1979       84               414.71          166.53          581.24
1975-1979       85               357.54          152.36          509.90
1975-1979       86               304.04          136.79          440.83
1975-1979       87               251.71          121.42          373.12
1975-1979       88               206.06          104.62          310.69
1975-1979       89               169.69           87.15          256.84
1975-1979       90               140.21           73.43          213.64
1975-1979       91               114.16           58.80          172.96
1975-1979       92                90.13           43.41          133.54
1975-1979       93                70.90           33.01          103.91
1975-1979       94                53.58           26.50           80.08
1975-1979       95                38.48           19.37           57.85
1975-1979       96                28.62           11.59           40.21
1975-1979       97                22.03            6.71           28.74
1975-1979       98                15.26            4.45           19.71
1975-1979       99                10.41            1.45           11.85
1975-1979      100                 6.24            0.00            6.24
1975-1979      101                 2.39            0.00            2.39
1975-1979      102                 0.50            0.00            0.50
1975-1979      103                 0.00            0.00            0.00
1975-1979      104                 0.00            0.00            0.00
1975-1979      105                 0.00            0.00            0.00
1975-1979      106                 0.00            0.00            0.00
1975-1979      107                 0.00            0.00            0.00
1975-1979      108                 0.00            0.00            0.00
1975-1979      109                 0.00            0.00            0.00
1975-1979      110+                0.00            0.00            0.00
1980-1984        0             10221.69        10465.65        20687.34
1980-1984        1             10224.69        10536.13        20760.81
1980-1984        2             10259.05        10695.11        20954.16
1980-1984        3             10351.55        10787.55        21139.10
1980-1984        4             10482.58        10972.56        21455.14
1980-1984        5             10600.53        11165.08        21765.62
1980-1984        6             10785.08        11325.03        22110.10
1980-1984        7             11008.54        11462.08        22470.62
1980-1984        8             11334.04        11734.56        23068.60
1980-1984        9             11701.07        12063.07        23764.14
1980-1984       10             11879.04        12236.57        24115.60
1980-1984       11             11669.50        12195.04        23864.55
1980-1984       12             11411.02        11954.04        23365.07
1980-1984       13             10938.54        11521.54        22460.08
1980-1984       14             10467.04        10945.07        21412.11
1980-1984       15             10088.01        10616.56        20704.57
1980-1984       16             10037.58        10403.04        20440.61
1980-1984       17             10201.56        10368.59        20570.14
1980-1984       18             10418.56        10523.07        20941.64
1980-1984       19             10566.10        10680.07        21246.16
1980-1984       20             10630.08        10661.83        21291.91
1980-1984       21             10617.61        10614.83        21232.44
1980-1984       22             10599.69        10481.72        21081.41
1980-1984       23             10624.63        10322.17        20946.80
1980-1984       24             10653.02        10224.64        20877.66
1980-1984       25             10712.55        10240.21        20952.76
1980-1984       26             10827.56        10262.64        21090.20
1980-1984       27             10972.53        10381.74        21354.27
1980-1984       28             11231.01        10540.72        21771.72
1980-1984       29             11431.08        10808.10        22239.18
1980-1984       30             11717.52        11161.06        22878.58
1980-1984       31             11861.06        11515.68        23376.73
1980-1984       32             11960.56        11734.09        23694.65
1980-1984       33             12075.72        11958.20        24033.92
1980-1984       34             11898.02        12054.85        23952.87
1980-1984       35             11474.67        11747.70        23222.37
1980-1984       36             11021.64        11273.68        22295.31
1980-1984       37             10364.69        10565.17        20929.86
1980-1984       38              9469.06         9702.12        19171.18
1980-1984       39              8802.09         8893.62        17695.71
1980-1984       40              8375.67         8387.61        16763.28
1980-1984       41              7863.09         8000.68        15863.76
1980-1984       42              7484.19         7672.22        15156.41
1980-1984       43              7097.62         7366.67        14464.28
1980-1984       44              6655.72         6931.73        13587.45
1980-1984       45              6226.10         6561.75        12787.85
1980-1984       46              5846.69         6213.63        12060.32
1980-1984       47              5535.60         5889.05        11424.65
1980-1984       48              5212.09         5612.05        10824.14
1980-1984       49              4993.52         5461.11        10454.63
1980-1984       50              4842.51         5304.02        10146.53
1980-1984       51              4751.04         5147.05         9898.09
1980-1984       52              4682.70         5062.93         9745.63
1980-1984       53              4609.69         4969.49         9579.18
1980-1984       54              4552.29         4826.81         9379.10
1980-1984       55              4498.32         4727.64         9225.95
1980-1984       56              4454.95         4641.86         9096.81
1980-1984       57              4352.81         4468.91         8821.72
1980-1984       58              4206.52         4248.66         8455.17
1980-1984       59              4056.92         4065.39         8122.31
1980-1984       60              3887.43         3841.23         7728.66
1980-1984       61              3621.80         3478.19         7099.99
1980-1984       62              3308.42         3113.13         6421.55
1980-1984       63              3008.79         2775.09         5783.88
1980-1984       64              2723.33         2441.84         5165.17
1980-1984       65              2505.92         2184.83         4690.75
1980-1984       66              2422.56         2069.20         4491.76
1980-1984       67              2366.09         1988.28         4354.37
1980-1984       68              2286.46         1878.29         4164.75
1980-1984       69              2166.44         1740.25         3906.69
1980-1984       70              2021.22         1585.61         3606.82
1980-1984       71              1851.43         1415.75         3267.18
1980-1984       72              1722.73         1256.78         2979.51
1980-1984       73              1554.56         1107.59         2662.15
1980-1984       74              1422.05          964.09         2386.14
1980-1984       75              1288.53          857.03         2145.55
1980-1984       76              1158.03          758.03         1916.06
1980-1984       77              1036.52          643.04         1679.56
1980-1984       78               944.02          572.53         1516.55
1980-1984       79               860.53          502.04         1362.57
1980-1984       80               868.12          441.75         1309.88
1980-1984       81               783.15          387.79         1170.94
1980-1984       82               687.15          339.24         1026.39
1980-1984       83               591.56          289.14          880.69
1980-1984       84               509.68          238.78          748.46
1980-1984       85               434.02          195.90          629.92
1980-1984       86               368.76          157.91          526.67
1980-1984       87               316.70          122.92          439.62
1980-1984       88               270.68           99.43          370.11
1980-1984       89               224.28           88.17          312.45
1980-1984       90               187.15           84.29          271.44
1980-1984       91               156.20           79.69          235.88
1980-1984       92               122.37           70.04          192.41
1980-1984       93                91.58           53.43          145.01
1980-1984       94                73.89           36.30          110.19
1980-1984       95                62.13           25.30           87.43
1980-1984       96                48.12           14.19           62.31
1980-1984       97                36.57            5.91           42.48
1980-1984       98                24.50            1.68           26.18
1980-1984       99                12.33            0.00           12.33
1980-1984      100                 4.69            0.00            4.69
1980-1984      101                 1.98            0.00            1.98
1980-1984      102                 0.51            0.00            0.51
1980-1984      103                 0.00            0.00            0.00
1980-1984      104                 0.00            0.00            0.00
1980-1984      105                 0.00            0.00            0.00
1980-1984      106                 0.00            0.00            0.00
1980-1984      107                 0.00            0.00            0.00
1980-1984      108                 0.00            0.00            0.00
1980-1984      109                 0.00            0.00            0.00
1980-1984      110+                0.00            0.00            0.00
1985-1989        0             10286.46        10750.57        21037.03
1985-1989        1             10438.05        10671.14        21109.19
1985-1989        2             10619.55        10778.54        21398.09
1985-1989        3             10676.06        10961.09        21637.15
1985-1989        4             10661.08        11104.56        21765.64
1985-1989        5             10758.53        11166.02        21924.56
1985-1989        6             10819.04        11252.01        22071.05
1985-1989        7             10922.50        11242.57        22165.07
1985-1989        8             10974.57        11150.53        22125.10
1985-1989        9             10976.05        11259.54        22235.59
1985-1989       10             11101.00        11451.51        22552.51
1985-1989       11             11308.03        11680.53        22988.57
1985-1989       12             11546.53        12001.56        23548.09
1985-1989       13             11806.00        12298.56        24104.57
1985-1989       14             12018.03        12556.02        24574.05
1985-1989       15             12145.53        12689.02        24834.55
1985-1989       16             12266.60        12673.08        24939.68
1985-1989       17             12355.63        12612.64        24968.27
1985-1989       18             12804.06        12813.18        25617.24
1985-1989       19             12763.09        12797.64        25560.73
1985-1989       20             12364.64        12497.73        24862.36
1985-1989       21             12208.07        12246.79        24454.86
1985-1989       22             12227.56        12108.79        24336.35
1985-1989       23             12098.03        12075.68        24173.70
1985-1989       24             11938.03        12102.65        24040.68
1985-1989       25             11873.55        12217.80        24091.35
1985-1989       26             11902.63        12262.74        24165.37
1985-1989       27             12056.59        12172.18        24228.77
1985-1989       28             12151.15        12083.24        24234.39
1985-1989       29             12109.03        11958.30        24067.32
1985-1989       30             11951.59        11688.11        23639.70
1985-1989       31             11985.67        11569.62        23555.29
1985-1989       32             11976.54        11548.13        23524.66
1985-1989       33             11954.48        11581.54        23536.03
1985-1989       34             12120.61        11705.22        23825.83
1985-1989       35             12407.12        11857.56        24264.68
1985-1989       36             12431.53        12079.06        24510.58
1985-1989       37             12431.24        12338.20        24769.44
1985-1989       38             12582.69        12615.28        25197.98
1985-1989       39             12378.13        12565.35        24943.48
1985-1989       40             11835.24        12021.16        23856.40
1985-1989       41             11217.79        11401.10        22618.89
1985-1989       42             10489.70        10637.60        21127.30
1985-1989       43              9625.09         9804.10        19429.20
1985-1989       44              8841.13         9088.19        17929.31
1985-1989       45              8298.12         8526.21        16824.33
1985-1989       46              7758.21         8048.19        15806.40
1985-1989       47              7285.63         7707.11        14992.74
1985-1989       48              6838.68         7324.18        14162.86
1985-1989       49              6469.79         6878.12        13347.92
1985-1989       50              6028.72         6481.27        12509.99
1985-1989       51              5669.59         6071.23        11740.81
1985-1989       52              5362.22         5696.74        11058.96
1985-1989       53              5057.09         5395.08        10452.17
1985-1989       54              4772.55         5196.08         9968.64
1985-1989       55              4591.56         5024.59         9616.15
1985-1989       56              4434.17         4899.13         9333.30
1985-1989       57              4309.77         4778.83         9088.60
1985-1989       58              4280.22         4632.73         8912.95
1985-1989       59              4231.66         4480.91         8712.57
1985-1989       60              4175.18         4320.35         8495.53
1985-1989       61              4113.41         4118.26         8231.66
1985-1989       62              4029.95         3881.41         7911.36
1985-1989       63              3946.10         3740.56         7686.66
1985-1989       64              3868.46         3617.24         7485.70
1985-1989       65              3667.89         3360.44         7028.34
1985-1989       66              3386.95         3037.52         6424.47
1985-1989       67              3105.32         2707.63         5812.95
1985-1989       68              2846.00         2423.60         5269.60
1985-1989       69              2630.60         2164.97         4795.56
1985-1989       70              2457.93         1946.46         4404.39
1985-1989       71              2346.15         1785.02         4131.17
1985-1989       72              2260.77         1701.68         3962.44
1985-1989       73              2173.45         1586.15         3759.60
1985-1989       74              2034.21         1432.98         3467.18
1985-1989       75              1836.45         1270.15         3106.61
1985-1989       76              1672.71         1117.28         2789.99
1985-1989       77              1550.47          975.65         2526.11
1985-1989       78              1412.10          872.06         2284.16
1985-1989       79              1245.61          754.56         2000.16
1985-1989       80              1236.23          659.90         1896.13
1985-1989       81              1083.84          542.90         1626.73
1985-1989       82               936.85          450.92         1387.78
1985-1989       83               806.41          378.33         1184.74
1985-1989       84               692.55          320.31         1012.86
1985-1989       85               596.57          268.88          865.45
1985-1989       86               507.74          226.48          734.21
1985-1989       87               417.52          186.65          604.17
1985-1989       88               339.27          151.98          491.24
1985-1989       89               277.97          125.32          403.29
1985-1989       90               220.99           96.72          317.71
1985-1989       91               174.62           72.03          246.66
1985-1989       92               143.04           52.56          195.59
1985-1989       93               116.87           39.54          156.41
1985-1989       94                92.66           33.52          126.18
1985-1989       95                72.58           28.19          100.77
1985-1989       96                58.04           23.84           81.88
1985-1989       97                44.55           19.65           64.20
1985-1989       98                30.92           12.49           43.41
1985-1989       99                21.07            6.62           27.68
1985-1989      100                13.76            2.37           16.13
1985-1989      101                 6.72            0.21            6.92
1985-1989      102                 2.35            0.00            2.35
1985-1989      103                 0.54            0.00            0.54
1985-1989      104                 0.00            0.00            0.00
1985-1989      105                 0.00            0.00            0.00
1985-1989      106                 0.00            0.00            0.00
1985-1989      107                 0.00            0.00            0.00
1985-1989      108                 0.00            0.00            0.00
1985-1989      109                 0.00            0.00            0.00
1985-1989      110+                0.00            0.00            0.00
1990-1994        0             11065.04        11492.48        22557.52
1990-1994        1             11099.02        11525.63        22624.65
1990-1994        2             11081.16        11517.58        22598.74
1990-1994        3             11054.54        11550.56        22605.10
1990-1994        4             10977.61        11540.00        22517.61
1990-1994        5             10938.01        11539.12        22477.13
1990-1994        6             10965.60        11473.57        22439.16
1990-1994        7             11077.56        11559.04        22636.60
1990-1994        8             11105.50        11569.54        22675.04
1990-1994        9             11114.53        11565.04        22679.57
1990-1994       10             11198.02        11688.04        22886.06
1990-1994       11             11207.00        11657.00        22864.00
1990-1994       12             11243.02        11633.51        22876.53
1990-1994       13             11242.00        11721.52        22963.52
1990-1994       14             11324.02        11877.04        23201.05
1990-1994       15             11494.50        11969.01        23463.51
1990-1994       16             11700.01        12183.03        23883.03
1990-1994       17             12231.09        12738.53        24969.61
1990-1994       18             13708.06        14080.07        27788.13
1990-1994       19             15055.11        15365.07        30420.18
1990-1994       20             15359.60        15671.17        31030.77
1990-1994       21             14990.09        15349.15        30339.24
1990-1994       22             14427.67        14586.29        29013.95
1990-1994       23             13585.62        13711.19        27296.81
1990-1994       24             12924.19        12911.18        25835.36
1990-1994       25             12594.72        12458.12        25052.83
1990-1994       26             12469.07        12244.21        24713.28
1990-1994       27             12482.05        12263.17        24745.22
1990-1994       28             12599.10        12406.13        25005.23
1990-1994       29             12756.09        12625.66        25381.75
1990-1994       30             12867.09        12756.17        25623.27
1990-1994       31             12867.16        12829.26        25696.42
1990-1994       32             12828.58        12737.17        25565.75
1990-1994       33             12787.60        12538.18        25325.78
1990-1994       34             12799.65        12369.82        25169.47
1990-1994       35             12719.10        12186.18        24905.28
1990-1994       36             12627.64        12164.14        24791.78
1990-1994       37             12615.12        12129.63        24744.75
1990-1994       38             12530.15        12039.08        24569.23
1990-1994       39             12545.09        12016.63        24561.72
1990-1994       40             12627.21        12184.07        24811.28
1990-1994       41             12679.02        12293.08        24972.10
1990-1994       42             12637.10        12284.75        24921.85
1990-1994       43             12605.64        12372.29        24977.93
1990-1994       44             12269.27        12382.38        24651.65
1990-1994       45             11665.29        11977.77        23643.06
1990-1994       46             11100.27        11387.34        22487.61
1990-1994       47             10336.22        10627.13        20963.36
1990-1994       48              9354.64         9688.36        19043.01
1990-1994       49              8567.16         8833.17        17400.33
1990-1994       50              7915.24         8250.72        16165.97
1990-1994       51              7335.30         7708.27        15043.57
1990-1994       52              6870.85         7322.31        14193.15
1990-1994       53              6510.31         6920.37        13430.68
1990-1994       54              6093.20         6464.33        12557.53
1990-1994       55              5714.48         6067.71        11782.19
1990-1994       56              5364.36         5628.73        10993.09
1990-1994       57              4989.84         5229.15        10218.99
1990-1994       58              4663.12         4922.21         9585.34
1990-1994       59              4468.10         4722.27         9190.37
1990-1994       60              4342.11         4541.54         8883.65
1990-1994       61              4204.26         4358.75         8563.00
1990-1994       62              4104.46         4235.85         8340.31
1990-1994       63              4063.50         4065.95         8129.45
1990-1994       64              4011.96         3897.14         7909.11
1990-1994       65              3982.58         3762.84         7745.42
1990-1994       66              3935.67         3639.16         7574.82
1990-1994       67              3853.52         3500.61         7354.13
1990-1994       68              3793.57         3341.43         7135.00
1990-1994       69              3664.73         3148.14         6812.88
1990-1994       70              3499.24         2926.10         6425.34
1990-1994       71              3281.24         2669.97         5951.21
1990-1994       72              2997.60         2399.86         5397.45
1990-1994       73              2749.22         2124.65         4873.87
1990-1994       74              2537.76         1874.65         4412.41
1990-1994       75              2315.45         1656.12         3971.57
1990-1994       76              2178.28         1507.72         3685.99
1990-1994       77              2055.47         1377.74         3433.21
1990-1994       78              1906.32         1240.21         3146.53
1990-1994       79              1739.40         1087.03         2826.43
1990-1994       80              1723.22          972.95         2696.17
1990-1994       81              1523.10          839.25         2362.35
1990-1994       82              1347.95          726.15         2074.10
1990-1994       83              1186.83          606.79         1793.62
1990-1994       84              1040.55          491.94         1532.49
1990-1994       85               897.37          391.43         1288.80
1990-1994       86               751.87          311.94         1063.80
1990-1994       87               621.12          246.41          867.52
1990-1994       88               511.10          191.74          702.84
1990-1994       89               413.30          154.34          567.63
1990-1994       90               326.14          132.02          458.17
1990-1994       91               259.72          112.75          372.46
1990-1994       92               197.71           90.24          287.95
1990-1994       93               140.59           69.49          210.08
1990-1994       94               110.49           55.23          165.72
1990-1994       95                85.85           44.20          130.04
1990-1994       96                58.19           30.78           88.97
1990-1994       97                38.25           16.87           55.12
1990-1994       98                23.40            7.78           31.19
1990-1994       99                13.10            3.43           16.53
1990-1994      100                 6.59            2.23            8.82
1990-1994      101                 2.44            1.40            3.85
1990-1994      102                 1.02            0.44            1.46
1990-1994      103                 0.23            0.00            0.23
1990-1994      104                 0.00            0.00            0.00
1990-1994      105                 0.00            0.00            0.00
1990-1994      106                 0.00            0.00            0.00
1990-1994      107                 0.00            0.00            0.00
1990-1994      108                 0.00            0.00            0.00
1990-1994      109                 0.00            0.00            0.00
1990-1994      110+                0.00            0.00            0.00
1995-1999        0             10525.91        10844.33        21370.23
1995-1999        1             10590.07        10957.53        21547.60
1995-1999        2             10657.66        11060.62        21718.28
1995-1999        3             10736.54        11178.62        21915.16
1995-1999        4             10899.50        11353.06        22252.56
1995-1999        5             10996.53        11476.03        22472.56
1995-1999        6             11042.01        11579.57        22621.58
1995-1999        7             11101.50        11671.57        22773.07
1995-1999        8             11112.51        11598.05        22710.56
1995-1999        9             11095.04        11497.50        22592.54
1995-1999       10             11100.00        11413.05        22513.05
1995-1999       11             11104.50        11384.04        22488.54
1995-1999       12             11124.51        11562.53        22687.04
1995-1999       13             11194.00        11707.55        22901.55
1995-1999       14             11298.00        11695.06        22993.06
1995-1999       15             11331.54        11737.52        23069.06
1995-1999       16             11433.51        11990.02        23423.52
1995-1999       17             11613.51        12395.54        24009.05
1995-1999       18             12367.02        13142.06        25509.08
1995-1999       19             13184.04        13698.08        26882.12
1995-1999       20             13528.54        13964.60        27493.14
1995-1999       21             13610.04        14127.72        27737.77
1995-1999       22             13582.60        14085.11        27667.71
1995-1999       23             13539.55        13917.63        27457.18
1995-1999       24             13532.06        13753.58        27285.64
1995-1999       25             13580.53        13662.25        27242.78
1995-1999       26             13552.06        13443.86        26995.92
1995-1999       27             13455.09        13201.90        26656.99
1995-1999       28             13215.17        12847.94        26063.11
1995-1999       29             12827.63        12541.75        25369.38
1995-1999       30             12620.59        12275.77        24896.35
1995-1999       31             12599.11        12243.69        24842.80
1995-1999       32             12707.06        12307.17        25014.22
1995-1999       33             12862.13        12407.11        25269.24
1995-1999       34             12949.03        12586.28        25535.31
1995-1999       35             13074.64        12644.21        25718.85
1995-1999       36             13136.13        12727.70        25863.83
1995-1999       37             13131.18        12610.28        25741.46
1995-1999       38             13058.57        12484.28        25542.85
1995-1999       39             12906.09        12266.79        25172.88
1995-1999       40             12794.09        12016.66        24810.74
1995-1999       41             12686.15        11867.66        24553.81
1995-1999       42             12559.05        11826.08        24385.14
1995-1999       43             12595.08        11792.71        24387.79
1995-1999       44             12637.63        11766.10        24403.72
1995-1999       45             12570.15        11842.16        24412.30
1995-1999       46             12508.10        11949.16        24457.26
1995-1999       47             12409.25        11872.21        24281.46
1995-1999       48             12322.29        11901.31        24223.60
1995-1999       49             11969.88        11840.76        23810.64
1995-1999       50             11302.15        11374.53        22676.68
1995-1999       51             10646.21        10774.31        21420.51
1995-1999       52              9816.27        10053.84        19870.11
1995-1999       53              8881.69         9191.34        18073.03
1995-1999       54              8071.29         8308.26        16379.55
1995-1999       55              7435.83         7664.59        15100.42
1995-1999       56              6839.16         7135.61        13974.77
1995-1999       57              6371.25         6655.53        13026.78
1995-1999       58              6035.46         6199.01        12234.48
1995-1999       59              5680.98         5771.03        11452.00
1995-1999       60              5299.43         5446.99        10746.42
1995-1999       61              5005.22         5105.98        10111.20
1995-1999       62              4752.32         4756.33         9508.64
1995-1999       63              4506.13         4493.75         8999.88
1995-1999       64              4323.57         4308.19         8631.76
1995-1999       65              4170.59         4131.19         8301.78
1995-1999       66              4030.74         3930.76         7961.50
1995-1999       67              3964.15         3810.16         7774.31
1995-1999       68              3898.52         3676.51         7575.03
1995-1999       69              3830.43         3498.01         7328.44
1995-1999       70              3783.35         3360.45         7143.81
1995-1999       71              3739.92         3222.64         6962.56
1995-1999       72              3682.91         3034.61         6717.51
1995-1999       73              3596.26         2923.64         6519.90
1995-1999       74              3480.46         2768.94         6249.40
1995-1999       75              3300.67         2558.62         5859.29
1995-1999       76              3039.82         2282.63         5322.45
1995-1999       77              2747.72         2017.73         4765.45
1995-1999       78              2496.10         1752.22         4248.32
1995-1999       79              2256.82         1509.24         3766.06
1995-1999       80              2267.30         1314.19         3581.49
1995-1999       81              2084.12         1157.86         3241.98
1995-1999       82              1930.11         1001.55         2931.66
1995-1999       83              1733.93          843.57         2577.50
1995-1999       84              1495.47          710.20         2205.67
1995-1999       85              1263.51          602.13         1865.64
1995-1999       86              1057.68          488.87         1546.55
1995-1999       87               886.79          395.35         1282.14
1995-1999       88               747.72          303.79         1051.51
1995-1999       89               625.74          223.08          848.82
1995-1999       90               506.05          168.81          674.86
1995-1999       91               393.26          134.74          528.00
1995-1999       92               306.55          106.58          413.13
1995-1999       93               236.73           79.94          316.67
1995-1999       94               169.87           57.49          227.36
1995-1999       95               117.10           43.89          160.98
1995-1999       96                82.05           35.32          117.36
1995-1999       97                56.71           22.61           79.33
1995-1999       98                39.32           11.71           51.03
1995-1999       99                30.48            8.69           39.17
1995-1999      100                18.80            5.71           24.51
1995-1999      101                 7.71            2.96           10.67
1995-1999      102                 2.80            0.60            3.40
1995-1999      103                 0.49            0.00            0.49
1995-1999      104                 0.00            0.00            0.00
1995-1999      105                 0.00            0.00            0.00
1995-1999      106                 0.00            0.00            0.00
1995-1999      107                 0.00            0.00            0.00
1995-1999      108                 0.00            0.00            0.00
1995-1999      109                 0.00            0.00            0.00
1995-1999      110+                0.00            0.00            0.00
2000-2004        0              9946.77        10451.01        20397.78
2000-2004        1             10058.53        10449.58        20508.11
2000-2004        2             10232.65        10416.55        20649.20
2000-2004        3             10327.54        10482.02        20809.56
2000-2004        4             10419.00        10626.03        21045.03
2000-2004        5             10462.02        10730.10        21192.11
2000-2004        6             10491.55        10885.01        21376.56
2000-2004        7             10607.01        11052.55        21659.56
2000-2004        8             10741.50        11152.50        21894.00
2000-2004        9             10833.06        11264.01        22097.07
2000-2004       10             10956.52        11443.00        22399.52
2000-2004       11             10977.05        11502.03        22479.08
2000-2004       12             11072.03        11479.52        22551.55
2000-2004       13             11080.04        11562.03        22642.06
2000-2004       14             11126.01        11573.03        22699.04
2000-2004       15             11233.51        11643.00        22876.51
2000-2004       16             11355.03        11824.51        23179.54
2000-2004       17             11641.52        12254.04        23895.56
2000-2004       18             12607.05        13306.02        25913.07
2000-2004       19             13557.04        14278.55        27835.59
2000-2004       20             13907.03        14654.55        28561.58
2000-2004       21             13931.62        14580.61        28512.22
2000-2004       22             13790.03        14110.63        27900.65
2000-2004       23             13521.63        13605.10        27126.73
2000-2004       24             13235.04        13214.67        26449.71
2000-2004       25             13014.06        13008.12        26022.18
2000-2004       26             12917.63        12960.15        25877.78
2000-2004       27             12939.57        12987.14        25926.71
2000-2004       28             13048.05        13104.19        26152.24
2000-2004       29             13292.03        13208.27        26500.31
2000-2004       30             13322.10        13271.18        26593.28
2000-2004       31             13422.69        13099.18        26521.86
2000-2004       32             13405.68        12962.71        26368.39
2000-2004       33             13110.09        12782.73        25892.82
2000-2004       34             12817.65        12527.74        25345.39
2000-2004       35             12656.16        12242.05        24898.21
2000-2004       36             12551.10        12186.18        24737.28
2000-2004       37             12560.17        12159.16        24719.33
2000-2004       38             12716.07        12244.06        24960.14
2000-2004       39             12890.54        12311.71        25202.25
2000-2004       40             12978.07        12370.16        25348.23
2000-2004       41             13045.17        12433.69        25478.86
2000-2004       42             13019.63        12324.72        25344.35
2000-2004       43             12959.65        12149.75        25109.40
2000-2004       44             12830.28        11907.25        24737.52
2000-2004       45             12742.09        11699.21        24441.29
2000-2004       46             12598.83        11528.60        24127.43
2000-2004       47             12400.06        11471.57        23871.62
2000-2004       48             12273.18        11448.57        23721.76
2000-2004       49             12182.61        11358.03        23540.64
2000-2004       50             12081.75        11390.16        23471.91
2000-2004       51             11978.23        11341.57        23319.80
2000-2004       52             11804.69        11267.71        23072.40
2000-2004       53             11640.34        11258.57        22898.92
2000-2004       54             11206.55        11035.16        22241.71
2000-2004       55             10489.29        10436.63        20925.92
2000-2004       56              9835.85         9765.06        19600.90
2000-2004       57              9042.75         9065.86        18108.61
2000-2004       58              8113.29         8228.46        16341.75
2000-2004       59              7382.71         7385.77        14768.47
2000-2004       60              6866.35         6796.92        13663.28
2000-2004       61              6364.68         6348.48        12713.16
2000-2004       62              6000.47         5993.41        11993.88
2000-2004       63              5646.77         5578.15        11224.92
2000-2004       64              5316.12         5207.42        10523.54
2000-2004       65              5025.32         4892.35         9917.66
2000-2004       66              4789.89         4562.59         9352.48
2000-2004       67              4554.77         4255.41         8810.19
2000-2004       68              4329.26         4011.18         8340.44
2000-2004       69              4096.59         3849.92         7946.51
2000-2004       70              3935.16         3691.50         7626.66
2000-2004       71              3834.33         3557.18         7391.52
2000-2004       72              3758.24         3470.95         7229.18
2000-2004       73              3704.18         3322.16         7026.34
2000-2004       74              3666.79         3140.63         6807.42
2000-2004       75              3597.92         3001.94         6599.85
2000-2004       76              3529.12         2857.87         6386.99
2000-2004       77              3404.87         2672.52         6077.38
2000-2004       78              3291.71         2460.92         5752.63
2000-2004       79              3148.05         2266.92         5414.97
2000-2004       80              2903.27         1898.23         4801.50
2000-2004       81              2663.91         1711.10         4375.01
2000-2004       82              2385.31         1498.08         3883.40
2000-2004       83              2052.47         1214.03         3266.51
2000-2004       84              1846.01          998.06         2844.07
2000-2004       85              1673.86          839.84         2513.70
2000-2004       86              1465.42          708.05         2173.47
2000-2004       87              1292.25          580.82         1873.07
2000-2004       88              1097.57          459.59         1557.16
2000-2004       89               891.85          355.94         1247.79
2000-2004       90               714.89          272.64          987.53
2000-2004       91               565.00          199.31          764.31
2000-2004       92               439.82          150.93          590.75
2000-2004       93               338.46          115.31          453.76
2000-2004       94               258.27           84.55          342.82
2000-2004       95               192.78           56.53          249.31
2000-2004       96               130.81           36.50          167.31
2000-2004       97                77.46           28.01          105.46
2000-2004       98                41.65           22.46           64.10
2000-2004       99                21.97           12.15           34.12
2000-2004      100                12.32            3.32           15.64
2000-2004      101                 7.10            0.80            7.90
2000-2004      102                 4.25            0.06            4.31
2000-2004      103                 1.52            0.00            1.52
2000-2004      104                 0.23            0.00            0.23
2000-2004      105                 0.00            0.00            0.00
2000-2004      106                 0.00            0.00            0.00
2000-2004      107                 0.00            0.00            0.00
2000-2004      108                 0.00            0.00            0.00
2000-2004      109                 0.00            0.00            0.00
2000-2004      110+                0.00            0.00            0.00
2005-2009        0             11168.96        11931.82        23100.78
2005-2009        1             10785.03        11537.53        22322.56
2005-2009        2             10633.56        11336.61        21970.16
2005-2009        3             10439.03        11067.06        21506.09
2005-2009        4             10287.08        10769.07        21056.16
2005-2009        5             10181.00        10595.51        20776.51
2005-2009        6             10155.51        10458.50        20614.01
2005-2009        7             10214.03        10372.53        20586.56
2005-2009        8             10287.00        10431.00        20718.00
2005-2009        9             10348.55        10526.51        20875.06
2005-2009       10             10358.01        10626.53        20984.53
2005-2009       11             10458.01        10758.00        21216.01
2005-2009       12             10476.50        10906.50        21383.00
2005-2009       13             10574.03        11036.53        21610.57
2005-2009       14             10744.00        11284.51        22028.51
2005-2009       15             10965.55        11601.03        22566.58
2005-2009       16             11380.51        11961.03        23341.54
2005-2009       17             11850.04        12522.04        24372.08
2005-2009       18             12921.03        13558.55        26479.58
2005-2009       19             14083.00        14792.56        28875.56
2005-2009       20             14697.51        15564.19        30261.70
2005-2009       21             14748.56        15759.08        30507.63
2005-2009       22             14696.01        15850.17        30546.17
2005-2009       23             15009.58        16074.16        31083.74
2005-2009       24             15245.57        15934.10        31179.66
2005-2009       25             15306.06        15511.67        30817.73
2005-2009       26             15016.60        15156.66        30173.26
2005-2009       27             14601.58        14537.11        29138.69
2005-2009       28             14122.51        13963.59        28086.10
2005-2009       29             13732.07        13589.70        27321.77
2005-2009       30             13397.08        13576.64        26973.72
2005-2009       31             13149.58        13485.60        26635.18
2005-2009       32             13082.12        13356.24        26438.36
2005-2009       33             13265.58        13399.68        26665.26
2005-2009       34             13586.60        13446.66        27033.26
2005-2009       35             13836.08        13527.11        27363.19
2005-2009       36             13760.62        13495.66        27256.28
2005-2009       37             13551.61        13316.67        26868.27
2005-2009       38             13134.25        13099.67        26233.92
2005-2009       39             12767.62        12748.65        25516.28
2005-2009       40             12598.15        12387.27        24985.42
2005-2009       41             12560.62        12182.63        24743.25
2005-2009       42             12539.11        12138.18        24677.29
2005-2009       43             12661.63        12177.19        24838.82
2005-2009       44             12817.25        12311.68        25128.93
2005-2009       45             12873.65        12347.67        25221.32
2005-2009       46             12869.15        12232.15        25101.29
2005-2009       47             12805.66        12115.26        24920.92
2005-2009       48             12663.82        11889.80        24553.62
2005-2009       49             12465.84        11654.67        24120.51
2005-2009       50             12240.19        11364.30        23604.48
2005-2009       51             11980.84        11155.28        23136.12
2005-2009       52             11766.24        11024.19        22790.43
2005-2009       53             11559.17        10883.61        22442.77
2005-2009       54             11352.13        10702.69        22054.82
2005-2009       55             11077.68        10531.68        21609.37
2005-2009       56             10785.31        10285.87        21071.18
2005-2009       57             10516.06        10036.51        20552.57
2005-2009       58             10307.43         9905.65        20213.08
2005-2009       59              9910.48         9690.78        19601.26
2005-2009       60              9323.50         9195.48        18518.98
2005-2009       61              8784.04         8609.73        17393.77
2005-2009       62              8186.96         7938.26        16125.22
2005-2009       63              7435.90         7209.89        14645.79
2005-2009       64              6797.79         6548.94        13346.73
2005-2009       65              6344.83         6029.46        12374.30
2005-2009       66              5873.54         5662.15        11535.70
2005-2009       67              5488.91         5322.25        10811.15
2005-2009       68              5219.36         4926.81        10146.18
2005-2009       69              4953.60         4595.28         9548.88
2005-2009       70              4695.44         4309.15         9004.59
2005-2009       71              4469.00         4057.51         8526.51
2005-2009       72              4242.33         3794.08         8036.40
2005-2009       73              4012.84         3561.32         7574.16
2005-2009       74              3835.49         3376.48         7211.96
2005-2009       75              3663.15         3193.49         6856.64
2005-2009       76              3502.38         3027.77         6530.15
2005-2009       77              3369.24         2869.53         6238.77
2005-2009       78              3272.75         2728.62         6001.37
2005-2009       79              3206.39         2546.74         5753.13
2005-2009       80              3328.70         2465.17         5793.86
2005-2009       81              3199.63         2240.05         5439.68
2005-2009       82              3027.69         2017.39         5045.08
2005-2009       83              2823.53         1828.19         4651.72
2005-2009       84              2519.19         1555.60         4074.79
2005-2009       85              2212.55         1274.25         3486.80
2005-2009       86              1953.67         1088.16         3041.83
2005-2009       87              1680.60          905.55         2586.14
2005-2009       88              1387.39          694.94         2082.34
2005-2009       89              1179.55          533.37         1712.92
2005-2009       90               992.53          410.44         1402.97
2005-2009       91               810.99          317.41         1128.40
2005-2009       92               658.95          239.26          898.21
2005-2009       93               509.50          170.07          679.57
2005-2009       94               383.77          121.91          505.69
2005-2009       95               277.05           95.84          372.89
2005-2009       96               185.84           69.42          255.26
2005-2009       97               120.44           47.57          168.01
2005-2009       98                78.61           32.13          110.73
2005-2009       99                49.71           16.56           66.27
2005-2009      100                27.65            6.55           34.20
2005-2009      101                14.44            2.92           17.35
2005-2009      102                 6.55            0.37            6.92
2005-2009      103                 2.19            0.00            2.19
2005-2009      104                 0.13            0.00            0.13
2005-2009      105                 0.00            0.00            0.00
2005-2009      106                 0.00            0.00            0.00
2005-2009      107                 0.00            0.00            0.00
2005-2009      108                 0.00            0.00            0.00
2005-2009      109                 0.00            0.00            0.00
2005-2009      110+                0.00            0.00            0.00
2010-2014        0             12887.67        13781.18        26668.84
2010-2014        1             12638.53        13536.56        26175.09
2010-2014        2             12359.71        13298.00        25657.71
2010-2014        3             12078.55        13069.55        25148.09
2010-2014        4             11894.00        12849.00        24743.00
2010-2014        5             11662.00        12584.00        24246.00
2010-2014        6             11340.50        12179.53        23520.03
2010-2014        7             11059.00        11833.50        22892.50
2010-2014        8             10757.55        11474.50        22232.05
2010-2014        9             10540.04        11074.53        21614.57
2010-2014       10             10420.54        10837.50        21258.04
2010-2014       11             10387.00        10790.00        21177.00
2010-2014       12             10451.55        10733.00        21184.55
2010-2014       13             10453.05        10774.52        21227.57
2010-2014       14             10579.50        10932.53        21512.03
2010-2014       15             10857.58        11293.05        22150.64
2010-2014       16             11338.01        11881.52        23219.53
2010-2014       17             11940.10        12524.03        24464.13
2010-2014       18             12788.00        13571.54        26359.54
2010-2014       19             14181.02        14922.05        29103.08
2010-2014       20             15371.52        16051.13        31422.65
2010-2014       21             16074.53        16779.12        32853.66
2010-2014       22             16383.01        17178.70        33561.71
2010-2014       23             16715.50        17464.12        34179.62
2010-2014       24             16802.06        17483.59        34285.65
2010-2014       25             16761.55        17201.20        33962.75
2010-2014       26             16813.17        17155.70        33968.87
2010-2014       27             16819.02        16965.16        33784.17
2010-2014       28             16784.05        16880.69        33664.74
2010-2014       29             16673.57        16737.71        33411.28
2010-2014       30             16427.14        16406.64        32833.78
2010-2014       31             15921.01        15912.67        31833.68
2010-2014       32             15507.07        15413.66        30920.73
2010-2014       33             15019.14        15065.62        30084.75
2010-2014       34             14512.51        14632.04        29144.55
2010-2014       35             14098.60        14325.14        28423.74
2010-2014       36             13845.07        14137.60        27982.66
2010-2014       37             13832.62        13987.14        27819.76
2010-2014       38             13902.62        13980.61        27883.23
2010-2014       39             14075.63        14110.22        28185.86
2010-2014       40             14159.12        14117.68        28276.80
2010-2014       41             14116.75        14026.63        28143.39
2010-2014       42             13979.75        13720.69        27700.44
2010-2014       43             13569.21        13413.23        26982.43
2010-2014       44             13196.74        12928.69        26125.43
2010-2014       45             12915.68        12533.08        25448.77
2010-2014       46             12696.22        12238.61        24934.82
2010-2014       47             12548.58        12050.28        24598.87
2010-2014       48             12564.60        12063.73        24628.34
2010-2014       49             12647.32        12119.21        24766.53
2010-2014       50             12622.31        12174.70        24797.01
2010-2014       51             12579.37        12133.39        24712.75
2010-2014       52             12449.36        11927.54        24376.91
2010-2014       53             12224.38        11664.66        23889.04
2010-2014       54             11884.91        11306.03        23190.94
2010-2014       55             11560.45        10883.48        22443.94
2010-2014       56             11168.52        10555.46        21723.98
2010-2014       57             10821.27        10286.48        21107.76
2010-2014       58             10560.79         9973.00        20533.79
2010-2014       59             10330.28         9723.86        20054.14
2010-2014       60             10051.92         9473.77        19525.69
2010-2014       61              9787.36         9240.95        19028.31
2010-2014       62              9536.47         8983.78        18520.26
2010-2014       63              9323.52         8856.51        18180.03
2010-2014       64              9008.14         8704.41        17712.55
2010-2014       65              8597.73         8271.55        16869.28
2010-2014       66              8146.32         7732.37        15878.69
2010-2014       67              7561.15         7144.57        14705.72
2010-2014       68              6872.97         6485.32        13358.29
2010-2014       69              6291.44         5883.72        12175.16
2010-2014       70              5858.98         5430.62        11289.61
2010-2014       71              5471.41         5077.61        10549.02
2010-2014       72              5158.38         4760.57         9918.95
2010-2014       73              4876.59         4422.85         9299.44
2010-2014       74              4580.66         4113.95         8694.61
2010-2014       75              4298.16         3885.24         8183.40
2010-2014       76              4107.65         3591.81         7699.46
2010-2014       77              3889.37         3289.73         7179.10
2010-2014       78              3650.45         3014.96         6665.42
2010-2014       79              3459.64         2809.49         6269.13
2010-2014       80              3259.30         2602.19         5861.49
2010-2014       81              3103.98         2392.89         5496.87
2010-2014       82              2964.05         2257.41         5221.46
2010-2014       83              2910.19         2159.80         5069.99
2010-2014       84              2823.30         2031.52         4854.82
2010-2014       85              2666.27         1813.34         4479.61
2010-2014       86              2466.59         1537.73         4004.31
2010-2014       87              2213.69         1315.27         3528.96
2010-2014       88              1951.30         1117.76         3069.06
2010-2014       89              1646.37          876.64         2523.01
2010-2014       90              1353.75          647.56         2001.31
2010-2014       91              1110.84          490.36         1601.20
2010-2014       92               866.94          361.35         1228.30
2010-2014       93               637.02          248.68          885.69
2010-2014       94               484.95          165.77          650.71
2010-2014       95               367.77          113.51          481.27
2010-2014       96               268.33           79.67          348.00
2010-2014       97               188.45           50.23          238.67
2010-2014       98               122.58           28.90          151.48
2010-2014       99                76.13           17.74           93.87
2010-2014      100                44.49            7.67           52.16
2010-2014      101                23.67            1.50           25.17
2010-2014      102                11.47            0.19           11.66
2010-2014      103                 4.24            0.00            4.24
2010-2014      104                 0.91            0.00            0.91
2010-2014      105                 0.00            0.00            0.00
2010-2014      106                 0.00            0.00            0.00
2010-2014      107                 0.00            0.00            0.00
2010-2014      108                 0.00            0.00            0.00
2010-2014      109                 0.00            0.00            0.00
2010-2014      110+                0.00            0.00            0.00
2015-2016        0              5433.15         5877.34        11310.50
2015-2016        1              5409.32         5861.34        11270.66
2015-2016        2              5355.74         5775.13        11130.86
2015-2016        3              5373.83         5733.84        11107.66
2015-2016        4              5239.50         5736.93        10976.43
2015-2016        5              5199.08         5672.13        10871.20
2015-2016        6              5151.43         5605.72        10757.15
2015-2016        7              4935.35         5376.06        10311.41
2015-2016        8              4782.14         5173.60         9955.74
2015-2016        9              4677.98         5044.87         9722.84
2015-2016       10              4600.98         4916.95         9517.92
2015-2016       11              4401.51         4608.49         9010.00
2015-2016       12              4232.81         4513.79         8746.60
2015-2016       13              4158.73         4432.29         8591.02
2015-2016       14              4170.70         4307.98         8478.68
2015-2016       15              4224.21         4399.08         8623.29
2015-2016       16              4363.55         4516.23         8879.78
2015-2016       17              4716.55         4871.00         9587.55
2015-2016       18              5398.37         5495.38        10893.74
2015-2016       19              5911.46         6016.15        11927.60
2015-2016       20              6098.30         6327.52        12425.81
2015-2016       21              6340.10         6601.21        12941.31
2015-2016       22              6503.80         6816.08        13319.88
2015-2016       23              6649.67         6863.12        13512.78
2015-2016       24              6729.31         6910.78        13640.09
2015-2016       25              6914.96         7036.02        13950.97
2015-2016       26              6989.48         6954.21        13943.69
2015-2016       27              6964.62         6925.53        13890.15
2015-2016       28              6942.73         6837.86        13780.59
2015-2016       29              6969.61         6729.49        13699.10
2015-2016       30              7054.81         6867.26        13922.07
2015-2016       31              7105.92         6864.91        13970.83
2015-2016       32              6975.89         6991.24        13967.13
2015-2016       33              6756.77         6834.73        13591.49
2015-2016       34              6764.57         6680.86        13445.42
2015-2016       35              6512.85         6475.83        12988.68
2015-2016       36              6223.89         6187.25        12411.13
2015-2016       37              5930.97         6080.95        12011.92
2015-2016       38              5695.82         5816.45        11512.27
2015-2016       39              5589.95         5727.70        11317.65
2015-2016       40              5480.44         5683.12        11163.55
2015-2016       41              5521.88         5698.76        11220.64
2015-2016       42              5677.43         5670.35        11347.78
2015-2016       43              5833.91         5624.71        11458.62
2015-2016       44              5877.31         5720.94        11598.24
2015-2016       45              5742.72         5735.52        11478.24
2015-2016       46              5479.65         5438.32        10917.97
2015-2016       47              5327.04         5150.19        10477.23
2015-2016       48              4986.61         4969.45         9956.05
2015-2016       49              4897.20         4772.72         9669.91
2015-2016       50              5016.66         4690.64         9707.30
2015-2016       51              4964.91         4639.09         9604.00
2015-2016       52              4948.57         4757.05         9705.62
2015-2016       53              4895.92         4839.53         9735.45
2015-2016       54              4993.12         4802.95         9796.07
2015-2016       55              4843.82         4681.59         9525.41
2015-2016       56              4704.85         4486.50         9191.35
2015-2016       57              4585.27         4300.68         8885.95
2015-2016       58              4455.85         4209.60         8665.45
2015-2016       59              4316.18         4054.44         8370.62
2015-2016       60              4246.39         3867.90         8114.28
2015-2016       61              4015.28         3675.91         7691.19
2015-2016       62              3878.10         3659.87         7537.96
2015-2016       63              3875.87         3594.45         7470.32
2015-2016       64              3798.45         3456.39         7254.84
2015-2016       65              3668.07         3401.52         7069.59
2015-2016       66              3520.31         3374.16         6894.46
2015-2016       67              3521.07         3294.59         6815.66
2015-2016       68              3554.20         3283.65         6837.86
2015-2016       69              3364.34         3190.32         6554.67
2015-2016       70              2878.10         2766.93         5645.03
2015-2016       71              2653.40         2398.88         5052.28
2015-2016       72              2480.14         2197.09         4677.23
2015-2016       73              2285.82         2076.47         4362.29
2015-2016       74              2179.86         1947.47         4127.33
2015-2016       75              2040.62         1755.75         3796.38
2015-2016       76              1871.42         1672.11         3543.53
2015-2016       77              1756.08         1575.50         3331.59
2015-2016       78              1690.20         1446.33         3136.53
2015-2016       79              1593.59         1299.45         2893.04
2015-2016       80              1467.12         1225.63         2692.75
2015-2016       81              1365.76         1101.80         2467.57
2015-2016       82              1278.31          957.98         2236.29
2015-2016       83              1160.28          852.17         2012.44
2015-2016       84              1081.70          820.06         1901.76
2015-2016       85              1006.28          800.01         1806.29
2015-2016       86               936.39          695.82         1632.20
2015-2016       87               887.90          612.21         1500.11
2015-2016       88               854.44          536.26         1390.70
2015-2016       89               812.49          485.07         1297.57
2015-2016       90               686.26          410.30         1096.56
2015-2016       91               544.78          281.27          826.05
2015-2016       92               425.15          186.61          611.77
2015-2016       93               357.32          159.35          516.67
2015-2016       94               279.11          125.03          404.14
2015-2016       95               188.53           72.45          260.98
2015-2016       96               137.88           37.38          175.27
2015-2016       97                90.68           23.04          113.71
2015-2016       98                57.63           16.48           74.11
2015-2016       99                40.09            9.29           49.38
2015-2016      100                25.16            3.57           28.73
2015-2016      101                14.50            1.70           16.20
2015-2016      102                 6.51            0.82            7.33
2015-2016      103                 2.19            0.06            2.24
2015-2016      104                 0.64            0.00            0.64
2015-2016      105                 0.04            0.00            0.04
2015-2016      106                 0.00            0.00            0.00
2015-2016      107                 0.00            0.00            0.00
2015-2016      108                 0.00            0.00            0.00
2015-2016      109                 0.00            0.00            0.00
2015-2016      110+                0.00            0.00            0.00
