ACT, Life tables (period 1x5), Females	Last modified: 23 May 2023;  Methods Protocol: v6 (2017)

  Year          Age         mx       qx    ax      lx      dx      Lx       Tx     ex
1971-1974        0      0.01292  0.01277  0.12  100000    1277   98879  7632725  76.33
1971-1974        1      0.00148  0.00148  0.50   98723     146   98650  7533846  76.31
1971-1974        2      0.00074  0.00074  0.50   98576      73   98540  7435196  75.43
1971-1974        3      0.00076  0.00076  0.50   98503      75   98466  7336657  74.48
1971-1974        4      0.00000  0.00000  0.50   98428       0   98428  7238191  73.54
1971-1974        5      0.00042  0.00042  0.50   98428      42   98407  7139763  72.54
1971-1974        6      0.00116  0.00116  0.50   98386     114   98329  7041356  71.57
1971-1974        7      0.00044  0.00044  0.50   98272      43   98251  6943027  70.65
1971-1974        8      0.00057  0.00057  0.50   98229      56   98201  6844776  69.68
1971-1974        9      0.00043  0.00043  0.50   98173      42   98152  6746574  68.72
1971-1974       10      0.00057  0.00057  0.50   98131      56   98104  6648422  67.75
1971-1974       11      0.00073  0.00072  0.50   98076      71   98040  6550319  66.79
1971-1974       12      0.00045  0.00045  0.50   98005      44   97983  6452278  65.84
1971-1974       13      0.00047  0.00047  0.50   97961      46   97938  6354296  64.87
1971-1974       14      0.00000  0.00000  0.50   97915       0   97915  6256358  63.90
1971-1974       15      0.00099  0.00099  0.50   97915      97   97867  6158443  62.90
1971-1974       16      0.00033  0.00033  0.50   97818      32   97802  6060576  61.96
1971-1974       17      0.00162  0.00161  0.50   97786     158   97707  5962774  60.98
1971-1974       18      0.00032  0.00032  0.50   97628      31   97613  5865066  60.08
1971-1974       19      0.00106  0.00106  0.50   97597     104   97546  5767454  59.09
1971-1974       20      0.00143  0.00143  0.50   97494     139   97424  5669908  58.16
1971-1974       21      0.00041  0.00041  0.50   97355      40   97335  5572484  57.24
1971-1974       22      0.00120  0.00120  0.50   97314     117   97256  5475149  56.26
1971-1974       23      0.00039  0.00039  0.50   97197      38   97178  5377893  55.33
1971-1974       24      0.00052  0.00052  0.50   97159      50   97134  5280715  54.35
1971-1974       25      0.00076  0.00076  0.50   97109      74   97072  5183581  53.38
1971-1974       26      0.00091  0.00091  0.50   97035      89   96991  5086509  52.42
1971-1974       27      0.00068  0.00068  0.50   96946      66   96913  4989518  51.47
1971-1974       28      0.00000  0.00000  0.50   96880       0   96880  4892605  50.50
1971-1974       29      0.00160  0.00160  0.50   96880     155   96803  4795725  49.50
1971-1974       30      0.00234  0.00233  0.50   96725     226   96613  4698922  48.58
1971-1974       31      0.00070  0.00070  0.50   96500      68   96466  4602309  47.69
1971-1974       32      0.00019  0.00019  0.50   96432      18   96423  4505843  46.73
1971-1974       33      0.00058  0.00058  0.50   96414      56   96386  4409420  45.73
1971-1974       34      0.00140  0.00140  0.50   96358     135   96291  4313034  44.76
1971-1974       35      0.00103  0.00103  0.50   96224      99   96174  4216743  43.82
1971-1974       36      0.00000  0.00000  0.50   96125       0   96125  4120569  42.87
1971-1974       37      0.00113  0.00113  0.50   96125     109   96070  4024444  41.87
1971-1974       38      0.00265  0.00265  0.50   96016     254   95889  3928373  40.91
1971-1974       39      0.00202  0.00202  0.50   95762     193   95666  3832484  40.02
1971-1974       40      0.00207  0.00206  0.50   95569     197   95470  3736819  39.10
1971-1974       41      0.00261  0.00260  0.50   95372     248   95248  3641348  38.18
1971-1974       42      0.00291  0.00290  0.50   95124     276   94985  3546100  37.28
1971-1974       43      0.00188  0.00188  0.50   94847     178   94758  3451115  36.39
1971-1974       44      0.00324  0.00324  0.50   94669     306   94516  3356357  35.45
1971-1974       45      0.00328  0.00327  0.50   94363     309   94209  3261840  34.57
1971-1974       46      0.00351  0.00350  0.50   94054     329   93889  3167632  33.68
1971-1974       47      0.00218  0.00218  0.50   93725     204   93623  3073742  32.80
1971-1974       48      0.00250  0.00249  0.50   93520     233   93404  2980120  31.87
1971-1974       49      0.00230  0.00229  0.50   93287     214   93180  2886716  30.94
1971-1974       50      0.00360  0.00360  0.50   93073     335   92906  2793536  30.01
1971-1974       51      0.00441  0.00440  0.50   92738     408   92534  2700630  29.12
1971-1974       52      0.00422  0.00421  0.50   92330     389   92136  2608096  28.25
1971-1974       53      0.00274  0.00274  0.50   91941     251   91816  2515960  27.36
1971-1974       54      0.00396  0.00395  0.50   91690     362   91509  2424144  26.44
1971-1974       55      0.00578  0.00577  0.50   91328     527   91064  2332635  25.54
1971-1974       56      0.00259  0.00259  0.50   90801     235   90684  2241571  24.69
1971-1974       57      0.00546  0.00544  0.50   90566     493   90320  2150887  23.75
1971-1974       58      0.00967  0.00962  0.50   90073     867   89640  2060568  22.88
1971-1974       59      0.00673  0.00671  0.50   89206     598   88907  1970928  22.09
1971-1974       60      0.01195  0.01188  0.50   88608    1053   88082  1882021  21.24
1971-1974       61      0.01076  0.01070  0.50   87555     937   87087  1793939  20.49
1971-1974       62      0.01355  0.01346  0.50   86618    1166   86035  1706853  19.71
1971-1974       63      0.00798  0.00795  0.50   85452     679   85113  1620817  18.97
1971-1974       64      0.01430  0.01420  0.50   84773    1204   84171  1535705  18.12
1971-1974       65      0.01625  0.01612  0.50   83570    1347   82896  1451533  17.37
1971-1974       66      0.01189  0.01182  0.50   82222     972   81736  1368637  16.65
1971-1974       67      0.01411  0.01401  0.50   81250    1139   80681  1286901  15.84
1971-1974       68      0.01530  0.01518  0.50   80112    1216   79504  1206220  15.06
1971-1974       69      0.01916  0.01898  0.50   78896    1497   78147  1126716  14.28
1971-1974       70      0.02949  0.02907  0.50   77399    2250   76274  1048569  13.55
1971-1974       71      0.03352  0.03297  0.50   75149    2477   73910   972295  12.94
1971-1974       72      0.02175  0.02152  0.50   72672    1564   71890   898385  12.36
1971-1974       73      0.04025  0.03945  0.50   71108    2806   69705   826495  11.62
1971-1974       74      0.06754  0.06534  0.50   68302    4463   66071   756790  11.08
1971-1974       75      0.04272  0.04183  0.50   63840    2670   62504   690719  10.82
1971-1974       76      0.06469  0.06266  0.50   61169    3833   59253   628215  10.27
1971-1974       77      0.05641  0.05486  0.50   57336    3145   55763   568962   9.92
1971-1974       78      0.06566  0.06357  0.50   54191    3445   52468   513198   9.47
1971-1974       79      0.08611  0.08255  0.50   50746    4189   48651   460730   9.08
1971-1974       80      0.06269  0.06078  0.50   46556    2830   45142   412079   8.85
1971-1974       81      0.06840  0.06614  0.50   43727    2892   42281   366938   8.39
1971-1974       82      0.07460  0.07192  0.50   40835    2937   39366   324657   7.95
1971-1974       83      0.08132  0.07814  0.50   37898    2961   36417   285291   7.53
1971-1974       84      0.08857  0.08482  0.50   34936    2963   33455   248874   7.12
1971-1974       85      0.09641  0.09198  0.50   31973    2941   30503   215419   6.74
1971-1974       86      0.10486  0.09964  0.50   29032    2893   27586   184917   6.37
1971-1974       87      0.11396  0.10782  0.50   26140    2818   24730   157331   6.02
1971-1974       88      0.12374  0.11653  0.50   23321    2718   21962   132600   5.69
1971-1974       89      0.13423  0.12579  0.50   20604    2592   19308   110638   5.37
1971-1974       90      0.14547  0.13560  0.50   18012    2442   16791    91330   5.07
1971-1974       91      0.15747  0.14598  0.50   15569    2273   14433    74539   4.79
1971-1974       92      0.17027  0.15691  0.50   13297    2086   12253    60106   4.52
1971-1974       93      0.18387  0.16839  0.50   11210    1888   10266    47853   4.27
1971-1974       94      0.19831  0.18042  0.50    9323    1682    8482    37586   4.03
1971-1974       95      0.21358  0.19297  0.50    7641    1474    6903    29105   3.81
1971-1974       96      0.22969  0.20603  0.50    6166    1270    5531    22202   3.60
1971-1974       97      0.24664  0.21956  0.50    4896    1075    4358    16671   3.41
1971-1974       98      0.26441  0.23353  0.50    3821     892    3375    12312   3.22
1971-1974       99      0.28298  0.24790  0.50    2929     726    2566     8938   3.05
1971-1974      100      0.30231  0.26261  0.50    2203     578    1913     6372   2.89
1971-1974      101      0.32237  0.27762  0.50    1624     451    1399     4459   2.75
1971-1974      102      0.34311  0.29287  0.50    1173     344    1001     3060   2.61
1971-1974      103      0.36447  0.30829  0.50     830     256     702     2059   2.48
1971-1974      104      0.38637  0.32381  0.50     574     186     481     1357   2.36
1971-1974      105      0.40874  0.33938  0.50     388     132     322      876   2.26
1971-1974      106      0.43150  0.35492  0.50     256      91     211      554   2.16
1971-1974      107      0.45455  0.37037  0.50     165      61     135      343   2.07
1971-1974      108      0.47779  0.38566  0.50     104      40      84      208   2.00
1971-1974      109      0.50113  0.40073  0.50      64      26      51      124   1.94
1971-1974      110+     0.52447  1.00000  1.91      38      38      73       73   1.91
1975-1979        0      0.01140  0.01129  0.13  100000    1129   99013  7831141  78.31
1975-1979        1      0.00095  0.00095  0.50   98871      94   98824  7732128  78.20
1975-1979        2      0.00139  0.00139  0.50   98777     137   98709  7633304  77.28
1975-1979        3      0.00045  0.00045  0.50   98640      44   98618  7534596  76.38
1975-1979        4      0.00043  0.00043  0.50   98596      43   98575  7435977  75.42
1975-1979        5      0.00017  0.00017  0.50   98553      17   98545  7337403  74.45
1975-1979        6      0.00017  0.00017  0.50   98537      17   98528  7238858  73.46
1975-1979        7      0.00000  0.00000  0.50   98520       0   98520  7140329  72.48
1975-1979        8      0.00037  0.00037  0.50   98520      36   98502  7041810  71.48
1975-1979        9      0.00029  0.00029  0.50   98484      29   98469  6943308  70.50
1975-1979       10      0.00000  0.00000  0.50   98455       0   98455  6844838  69.52
1975-1979       11      0.00102  0.00102  0.50   98455     101   98405  6746383  68.52
1975-1979       12      0.00021  0.00021  0.50   98354      20   98344  6647979  67.59
1975-1979       13      0.00083  0.00083  0.50   98334      82   98293  6549634  66.61
1975-1979       14      0.00031  0.00031  0.50   98253      31   98237  6451341  65.66
1975-1979       15      0.00042  0.00042  0.50   98222      41   98201  6353103  64.68
1975-1979       16      0.00095  0.00095  0.50   98181      93   98134  6254902  63.71
1975-1979       17      0.00074  0.00074  0.50   98088      73   98051  6156768  62.77
1975-1979       18      0.00052  0.00052  0.50   98015      51   97989  6058717  61.81
1975-1979       19      0.00081  0.00081  0.50   97964      80   97924  5960727  60.85
1975-1979       20      0.00071  0.00071  0.50   97884      69   97850  5862803  59.90
1975-1979       21      0.00110  0.00110  0.50   97815     107   97762  5764954  58.94
1975-1979       22      0.00128  0.00128  0.50   97708     125   97645  5667192  58.00
1975-1979       23      0.00087  0.00087  0.50   97583      85   97540  5569547  57.08
1975-1979       24      0.00038  0.00038  0.50   97498      37   97479  5472007  56.12
1975-1979       25      0.00018  0.00018  0.50   97461      18   97452  5374527  55.15
1975-1979       26      0.00115  0.00115  0.50   97443     112   97387  5277076  54.16
1975-1979       27      0.00078  0.00078  0.50   97331      76   97293  5179689  53.22
1975-1979       28      0.00093  0.00093  0.50   97255      91   97209  5082396  52.26
1975-1979       29      0.00060  0.00060  0.50   97164      58   97135  4985187  51.31
1975-1979       30      0.00072  0.00071  0.50   97106      69   97071  4888052  50.34
1975-1979       31      0.00084  0.00084  0.50   97037      81   96996  4790980  49.37
1975-1979       32      0.00079  0.00079  0.50   96955      77   96917  4693984  48.41
1975-1979       33      0.00085  0.00085  0.50   96879      83   96837  4597068  47.45
1975-1979       34      0.00138  0.00138  0.50   96796     133   96729  4500230  46.49
1975-1979       35      0.00133  0.00133  0.50   96663     129   96599  4403501  45.56
1975-1979       36      0.00076  0.00076  0.50   96534      74   96498  4306902  44.62
1975-1979       37      0.00133  0.00133  0.50   96461     128   96397  4210405  43.65
1975-1979       38      0.00179  0.00179  0.50   96333     172   96247  4114008  42.71
1975-1979       39      0.00187  0.00187  0.50   96161     180   96071  4017761  41.78
1975-1979       40      0.00092  0.00092  0.50   95980      89   95936  3921691  40.86
1975-1979       41      0.00213  0.00213  0.50   95892     204   95790  3825755  39.90
1975-1979       42      0.00053  0.00053  0.50   95688      50   95663  3729965  38.98
1975-1979       43      0.00187  0.00186  0.50   95638     178   95549  3634302  38.00
1975-1979       44      0.00233  0.00233  0.50   95459     222   95348  3538753  37.07
1975-1979       45      0.00157  0.00156  0.50   95237     149   95163  3443405  36.16
1975-1979       46      0.00159  0.00159  0.50   95088     151   95013  3348242  35.21
1975-1979       47      0.00201  0.00201  0.50   94937     191   94842  3253230  34.27
1975-1979       48      0.00181  0.00181  0.50   94746     172   94661  3158388  33.34
1975-1979       49      0.00243  0.00243  0.50   94575     229   94460  3063728  32.39
1975-1979       50      0.00329  0.00329  0.50   94345     310   94190  2969268  31.47
1975-1979       51      0.00295  0.00295  0.50   94035     277   93896  2875077  30.57
1975-1979       52      0.00366  0.00366  0.50   93758     343   93586  2781181  29.66
1975-1979       53      0.00199  0.00199  0.50   93415     186   93322  2687595  28.77
1975-1979       54      0.00442  0.00441  0.50   93229     411   93024  2594273  27.83
1975-1979       55      0.00322  0.00322  0.50   92818     299   92669  2501250  26.95
1975-1979       56      0.00854  0.00850  0.50   92520     787   92126  2408581  26.03
1975-1979       57      0.00386  0.00386  0.50   91733     354   91556  2316455  25.25
1975-1979       58      0.00427  0.00426  0.50   91379     389   91185  2224899  24.35
1975-1979       59      0.00649  0.00647  0.50   90990     589   90696  2133714  23.45
1975-1979       60      0.01061  0.01055  0.50   90402     954   89925  2043018  22.60
1975-1979       61      0.00662  0.00660  0.50   89448     590   89153  1953093  21.83
1975-1979       62      0.00954  0.00949  0.50   88858     843   88436  1863941  20.98
1975-1979       63      0.01317  0.01309  0.50   88014    1152   87438  1775504  20.17
1975-1979       64      0.01372  0.01363  0.50   86863    1184   86271  1688066  19.43
1975-1979       65      0.01017  0.01012  0.50   85679     867   85245  1601795  18.70
1975-1979       66      0.00992  0.00987  0.50   84811     837   84393  1516550  17.88
1975-1979       67      0.01600  0.01587  0.50   83974    1333   83308  1432157  17.05
1975-1979       68      0.01371  0.01361  0.50   82642    1125   82079  1348849  16.32
1975-1979       69      0.02432  0.02403  0.50   81517    1958   80537  1266770  15.54
1975-1979       70      0.02395  0.02367  0.50   79558    1883   78617  1186233  14.91
1975-1979       71      0.02705  0.02669  0.50   77675    2073   76639  1107616  14.26
1975-1979       72      0.02685  0.02649  0.50   75602    2003   74601  1030978  13.64
1975-1979       73      0.03231  0.03179  0.50   73599    2340   72429   956377  12.99
1975-1979       74      0.03786  0.03716  0.50   71259    2648   69935   883948  12.40
1975-1979       75      0.04348  0.04255  0.50   68611    2920   67152   814013  11.86
1975-1979       76      0.03236  0.03184  0.50   65692    2092   64646   746861  11.37
1975-1979       77      0.05462  0.05317  0.50   63600    3381   61909   682215  10.73
1975-1979       78      0.03911  0.03836  0.50   60218    2310   59064   620306  10.30
1975-1979       79      0.03820  0.03748  0.50   57909    2171   56823   561243   9.69
1975-1979       80      0.05099  0.04972  0.50   55738    2771   54352   504419   9.05
1975-1979       81      0.05723  0.05564  0.50   52967    2947   51493   450067   8.50
1975-1979       82      0.06418  0.06218  0.50   50020    3110   48465   398574   7.97
1975-1979       83      0.07191  0.06941  0.50   46909    3256   45281   350109   7.46
1975-1979       84      0.08049  0.07738  0.50   43653    3378   41964   304828   6.98
1975-1979       85      0.09000  0.08612  0.50   40275    3469   38541   262864   6.53
1975-1979       86      0.10050  0.09569  0.50   36807    3522   35046   224323   6.09
1975-1979       87      0.11208  0.10613  0.50   33285    3533   31518   189277   5.69
1975-1979       88      0.12481  0.11748  0.50   29752    3495   28004   157758   5.30
1975-1979       89      0.13876  0.12976  0.50   26257    3407   24553   129754   4.94
1975-1979       90      0.15400  0.14299  0.50   22850    3267   21216   105201   4.60
1975-1979       91      0.17058  0.15717  0.50   19582    3078   18044    83985   4.29
1975-1979       92      0.18854  0.17230  0.50   16505    2844   15083    65941   4.00
1975-1979       93      0.20792  0.18834  0.50   13661    2573   12375    50858   3.72
1975-1979       94      0.22873  0.20526  0.50   11088    2276    9950    38484   3.47
1975-1979       95      0.25096  0.22298  0.50    8812    1965    7830    28534   3.24
1975-1979       96      0.27459  0.24144  0.50    6847    1653    6021    20704   3.02
1975-1979       97      0.29955  0.26053  0.50    5194    1353    4517    14683   2.83
1975-1979       98      0.32576  0.28013  0.50    3841    1076    3303    10166   2.65
1975-1979       99      0.35311  0.30012  0.50    2765     830    2350     6863   2.48
1975-1979      100      0.38146  0.32036  0.50    1935     620    1625     4513   2.33
1975-1979      101      0.41063  0.34069  0.50    1315     448    1091     2888   2.20
1975-1979      102      0.44045  0.36096  0.50     867     313     711     1797   2.07
1975-1979      103      0.47071  0.38103  0.50     554     211     449     1086   1.96
1975-1979      104      0.50118  0.40075  0.50     343     137     274      638   1.86
1975-1979      105      0.53164  0.42000  0.50     206      86     162      364   1.77
1975-1979      106      0.56187  0.43864  0.50     119      52      93      201   1.69
1975-1979      107      0.59165  0.45658  0.50      67      31      52      108   1.62
1975-1979      108      0.62077  0.47373  0.50      36      17      28       57   1.56
1975-1979      109      0.64904  0.49002  0.50      19       9      14       29   1.51
1975-1979      110+     0.67630  1.00000  1.48      10      10      14       14   1.48
1980-1984        0      0.00873  0.00866  0.13  100000     866   99247  7890145  78.90
1980-1984        1      0.00157  0.00157  0.50   99134     155   99056  7790897  78.59
1980-1984        2      0.00039  0.00039  0.50   98979      39   98959  7691841  77.71
1980-1984        3      0.00039  0.00039  0.50   98940      38   98921  7592882  76.74
1980-1984        4      0.00058  0.00058  0.50   98902      57   98873  7493961  75.77
1980-1984        5      0.00028  0.00028  0.50   98845      28   98831  7395088  74.82
1980-1984        6      0.00083  0.00083  0.50   98817      82   98776  7296257  73.84
1980-1984        7      0.00027  0.00027  0.50   98734      27   98721  7197481  72.90
1980-1984        8      0.00035  0.00035  0.50   98707      35   98690  7098760  71.92
1980-1984        9      0.00060  0.00060  0.50   98673      59   98643  7000070  70.94
1980-1984       10      0.00026  0.00026  0.50   98614      25   98601  6901427  69.98
1980-1984       11      0.00034  0.00034  0.50   98588      34   98571  6802826  69.00
1980-1984       12      0.00018  0.00018  0.50   98555      17   98546  6704255  68.03
1980-1984       13      0.00027  0.00027  0.50   98537      27   98524  6605709  67.04
1980-1984       14      0.00029  0.00029  0.50   98510      28   98496  6507185  66.06
1980-1984       15      0.00030  0.00030  0.50   98482      29   98467  6408689  65.07
1980-1984       16      0.00100  0.00100  0.50   98453      99   98404  6310222  64.09
1980-1984       17      0.00138  0.00138  0.50   98354     135   98287  6211818  63.16
1980-1984       18      0.00067  0.00067  0.50   98219      66   98186  6113531  62.24
1980-1984       19      0.00076  0.00076  0.50   98153      75   98115  6015346  61.29
1980-1984       20      0.00066  0.00066  0.50   98078      65   98046  5917230  60.33
1980-1984       21      0.00085  0.00085  0.50   98014      83   97972  5819184  59.37
1980-1984       22      0.00142  0.00142  0.50   97930     139   97861  5721212  58.42
1980-1984       23      0.00094  0.00094  0.50   97792      92   97746  5623351  57.50
1980-1984       24      0.00019  0.00019  0.50   97700      18   97690  5525606  56.56
1980-1984       25      0.00047  0.00047  0.50   97681      46   97658  5427915  55.57
1980-1984       26      0.00046  0.00046  0.50   97635      45   97613  5330257  54.59
1980-1984       27      0.00027  0.00027  0.50   97590      27   97577  5232644  53.62
1980-1984       28      0.00098  0.00098  0.50   97564      96   97516  5135068  52.63
1980-1984       29      0.00088  0.00088  0.50   97468      85   97425  5037552  51.68
1980-1984       30      0.00094  0.00094  0.50   97382      92   97336  4940127  50.73
1980-1984       31      0.00110  0.00110  0.50   97290     107   97237  4842791  49.78
1980-1984       32      0.00034  0.00034  0.50   97183      33   97167  4745554  48.83
1980-1984       33      0.00133  0.00133  0.50   97151     129   97086  4648387  47.85
1980-1984       34      0.00017  0.00017  0.50   97022      16   97014  4551300  46.91
1980-1984       35      0.00122  0.00122  0.50   97006     119   96946  4454286  45.92
1980-1984       36      0.00082  0.00082  0.50   96887      79   96847  4357340  44.97
1980-1984       37      0.00126  0.00126  0.50   96808     122   96747  4260492  44.01
1980-1984       38      0.00064  0.00064  0.50   96686      62   96655  4163746  43.06
1980-1984       39      0.00091  0.00091  0.50   96624      88   96580  4067090  42.09
1980-1984       40      0.00179  0.00179  0.50   96536     173   96450  3970510  41.13
1980-1984       41      0.00064  0.00064  0.50   96363      62   96333  3874060  40.20
1980-1984       42      0.00147  0.00147  0.50   96302     142   96231  3777728  39.23
1980-1984       43      0.00085  0.00085  0.50   96160      82   96119  3681497  38.29
1980-1984       44      0.00226  0.00226  0.50   96079     217   95970  3585377  37.32
1980-1984       45      0.00161  0.00161  0.50   95862     154   95785  3489407  36.40
1980-1984       46      0.00291  0.00291  0.50   95708     278   95568  3393623  35.46
1980-1984       47      0.00181  0.00181  0.50   95429     172   95343  3298054  34.56
1980-1984       48      0.00211  0.00211  0.50   95257     201   95156  3202711  33.62
1980-1984       49      0.00241  0.00240  0.50   95056     228   94942  3107555  32.69
1980-1984       50      0.00207  0.00206  0.50   94828     196   94730  3012613  31.77
1980-1984       51      0.00126  0.00126  0.50   94632     120   94572  2917883  30.83
1980-1984       52      0.00257  0.00257  0.50   94512     243   94391  2823311  29.87
1980-1984       53      0.00304  0.00304  0.50   94269     286   94126  2728920  28.95
1980-1984       54      0.00264  0.00264  0.50   93983     248   93859  2634794  28.03
1980-1984       55      0.00402  0.00401  0.50   93735     376   93547  2540935  27.11
1980-1984       56      0.00315  0.00315  0.50   93359     294   93212  2447388  26.21
1980-1984       57      0.00715  0.00713  0.50   93065     663   92734  2354176  25.30
1980-1984       58      0.00500  0.00499  0.50   92402     461   92171  2261442  24.47
1980-1984       59      0.00396  0.00395  0.50   91941     363   91759  2169271  23.59
1980-1984       60      0.00696  0.00693  0.50   91578     635   91260  2077511  22.69
1980-1984       61      0.00691  0.00689  0.50   90943     626   90630  1986251  21.84
1980-1984       62      0.00605  0.00604  0.50   90317     545   90044  1895622  20.99
1980-1984       63      0.00633  0.00631  0.50   89771     567   89488  1805578  20.11
1980-1984       64      0.01325  0.01316  0.50   89204    1174   88617  1716090  19.24
1980-1984       65      0.01321  0.01312  0.50   88030    1155   87453  1627472  18.49
1980-1984       66      0.01115  0.01109  0.50   86875     963   86394  1540019  17.73
1980-1984       67      0.01355  0.01346  0.50   85912    1156   85334  1453626  16.92
1980-1984       68      0.02059  0.02038  0.50   84756    1727   83892  1368292  16.14
1980-1984       69      0.02033  0.02012  0.50   83028    1671   82193  1284400  15.47
1980-1984       70      0.01688  0.01673  0.50   81358    1362   80677  1202207  14.78
1980-1984       71      0.02868  0.02827  0.50   79996    2261   78865  1121530  14.02
1980-1984       72      0.02735  0.02698  0.50   77735    2098   76686  1042665  13.41
1980-1984       73      0.02967  0.02923  0.50   75637    2211   74531   965979  12.77
1980-1984       74      0.02606  0.02573  0.50   73426    1889   72481   891447  12.14
1980-1984       75      0.03807  0.03736  0.50   71537    2673   70201   818966  11.45
1980-1984       76      0.04500  0.04401  0.50   68864    3031   67349   748765  10.87
1980-1984       77      0.03482  0.03422  0.50   65833    2253   64707   681417  10.35
1980-1984       78      0.04565  0.04463  0.50   63580    2837   62162   616710   9.70
1980-1984       79      0.05709  0.05551  0.50   60743    3372   59057   554548   9.13
1980-1984       80      0.05938  0.05767  0.50   57371    3309   55717   495491   8.64
1980-1984       81      0.06584  0.06374  0.50   54063    3446   52340   439774   8.13
1980-1984       82      0.07295  0.07038  0.50   50617    3563   48835   387434   7.65
1980-1984       83      0.08076  0.07763  0.50   47054    3653   45228   338599   7.20
1980-1984       84      0.08933  0.08551  0.50   43401    3711   41546   293371   6.76
1980-1984       85      0.09870  0.09406  0.50   39690    3733   37824   251825   6.34
1980-1984       86      0.10894  0.10332  0.50   35957    3715   34099   214002   5.95
1980-1984       87      0.12011  0.11330  0.50   32242    3653   30415   179902   5.58
1980-1984       88      0.13225  0.12404  0.50   28589    3546   26816   149487   5.23
1980-1984       89      0.14541  0.13555  0.50   25043    3395   23345   122671   4.90
1980-1984       90      0.15964  0.14784  0.50   21648    3200   20048    99326   4.59
1980-1984       91      0.17498  0.16090  0.50   18448    2968   16963    79278   4.30
1980-1984       92      0.19145  0.17473  0.50   15479    2705   14127    62314   4.03
1980-1984       93      0.20909  0.18930  0.50   12775    2418   11566    48188   3.77
1980-1984       94      0.22789  0.20458  0.50   10356    2119    9297    36622   3.54
1980-1984       95      0.24785  0.22052  0.50    8238    1817    7329    27325   3.32
1980-1984       96      0.26895  0.23707  0.50    6421    1522    5660    19996   3.11
1980-1984       97      0.29116  0.25416  0.50    4899    1245    4276    14336   2.93
1980-1984       98      0.31440  0.27169  0.50    3654     993    3157    10059   2.75
1980-1984       99      0.33862  0.28959  0.50    2661     771    2276     6902   2.59
1980-1984      100      0.36371  0.30775  0.50    1890     582    1600     4626   2.45
1980-1984      101      0.38957  0.32606  0.50    1309     427    1095     3027   2.31
1980-1984      102      0.41606  0.34441  0.50     882     304     730     1931   2.19
1980-1984      103      0.44305  0.36270  0.50     578     210     473     1201   2.08
1980-1984      104      0.47038  0.38081  0.50     368     140     298      728   1.98
1980-1984      105      0.49788  0.39864  0.50     228      91     183      430   1.88
1980-1984      106      0.52540  0.41609  0.50     137      57     109      247   1.80
1980-1984      107      0.55277  0.43307  0.50      80      35      63      138   1.73
1980-1984      108      0.57982  0.44950  0.50      45      20      35       76   1.66
1980-1984      109      0.60640  0.46531  0.50      25      12      19       40   1.61
1980-1984      110+     0.63236  1.00000  1.58      13      13      21       21   1.58
1985-1989        0      0.00662  0.00658  0.14  100000     658   99431  7982851  79.83
1985-1989        1      0.00048  0.00048  0.50   99342      48   99318  7883420  79.36
1985-1989        2      0.00038  0.00038  0.50   99294      37   99276  7784102  78.39
1985-1989        3      0.00037  0.00037  0.50   99257      37   99238  7684826  77.42
1985-1989        4      0.00056  0.00056  0.50   99220      56   99192  7585587  76.45
1985-1989        5      0.00028  0.00028  0.50   99164      28   99150  7486396  75.50
1985-1989        6      0.00046  0.00046  0.50   99136      46   99113  7387246  74.52
1985-1989        7      0.00000  0.00000  0.50   99090       0   99090  7288132  73.55
1985-1989        8      0.00064  0.00064  0.50   99090      63   99059  7189042  72.55
1985-1989        9      0.00064  0.00064  0.50   99027      63   98995  7089983  71.60
1985-1989       10      0.00000  0.00000  0.50   98964       0   98964  6990988  70.64
1985-1989       11      0.00035  0.00035  0.50   98964      35   98946  6892024  69.64
1985-1989       12      0.00052  0.00052  0.50   98929      51   98903  6793078  68.67
1985-1989       13      0.00008  0.00008  0.50   98877       8   98873  6694175  67.70
1985-1989       14      0.00033  0.00033  0.50   98869      33   98852  6595302  66.71
1985-1989       15      0.00041  0.00041  0.50   98836      41   98816  6496449  65.73
1985-1989       16      0.00106  0.00106  0.50   98795     105   98743  6397634  64.76
1985-1989       17      0.00105  0.00105  0.50   98691     104   98639  6298891  63.82
1985-1989       18      0.00055  0.00055  0.50   98587      54   98560  6200252  62.89
1985-1989       19      0.00086  0.00086  0.50   98533      85   98490  6101692  61.93
1985-1989       20      0.00097  0.00097  0.50   98448      96   98400  6003202  60.98
1985-1989       21      0.00066  0.00066  0.50   98352      65   98320  5904802  60.04
1985-1989       22      0.00057  0.00057  0.50   98288      56   98259  5806482  59.08
1985-1989       23      0.00025  0.00025  0.50   98231      24   98219  5708223  58.11
1985-1989       24      0.00025  0.00025  0.50   98207      25   98195  5610004  57.12
1985-1989       25      0.00051  0.00051  0.50   98182      50   98158  5511809  56.14
1985-1989       26      0.00084  0.00084  0.50   98133      82   98092  5413651  55.17
1985-1989       27      0.00050  0.00050  0.50   98050      49   98026  5315560  54.21
1985-1989       28      0.00091  0.00091  0.50   98001      89   97957  5217534  53.24
1985-1989       29      0.00017  0.00017  0.50   97913      16   97904  5119577  52.29
1985-1989       30      0.00059  0.00059  0.50   97896      57   97868  5021673  51.30
1985-1989       31      0.00109  0.00108  0.50   97839     106   97786  4923805  50.33
1985-1989       32      0.00033  0.00033  0.50   97733      33   97717  4826019  49.38
1985-1989       33      0.00008  0.00008  0.50   97700       8   97696  4728302  48.40
1985-1989       34      0.00066  0.00066  0.50   97692      65   97660  4630606  47.40
1985-1989       35      0.00113  0.00113  0.50   97628     110   97572  4532946  46.43
1985-1989       36      0.00081  0.00081  0.50   97517      79   97478  4435374  45.48
1985-1989       37      0.00153  0.00153  0.50   97439     149   97364  4337896  44.52
1985-1989       38      0.00088  0.00087  0.50   97290      85   97247  4240531  43.59
1985-1989       39      0.00057  0.00057  0.50   97205      55   97177  4143284  42.62
1985-1989       40      0.00135  0.00135  0.50   97150     131   97084  4046107  41.65
1985-1989       41      0.00152  0.00151  0.50   97018     147   96945  3949023  40.70
1985-1989       42      0.00143  0.00143  0.50   96871     139   96802  3852078  39.76
1985-1989       43      0.00083  0.00083  0.50   96733      80   96693  3755276  38.82
1985-1989       44      0.00136  0.00136  0.50   96652     131   96587  3658584  37.85
1985-1989       45      0.00145  0.00145  0.50   96521     140   96451  3561997  36.90
1985-1989       46      0.00206  0.00206  0.50   96382     199   96282  3465546  35.96
1985-1989       47      0.00124  0.00124  0.50   96183     119   96123  3369263  35.03
1985-1989       48      0.00161  0.00161  0.50   96064     155   95987  3273140  34.07
1985-1989       49      0.00232  0.00232  0.50   95909     222   95798  3177153  33.13
1985-1989       50      0.00282  0.00282  0.50   95687     270   95552  3081355  32.20
1985-1989       51      0.00176  0.00176  0.50   95417     168   95333  2985803  31.29
1985-1989       52      0.00317  0.00317  0.50   95249     302   95098  2890469  30.35
1985-1989       53      0.00356  0.00356  0.50   94948     338   94779  2795371  29.44
1985-1989       54      0.00378  0.00377  0.50   94610     357   94431  2700592  28.54
1985-1989       55      0.00284  0.00283  0.50   94253     267   94119  2606161  27.65
1985-1989       56      0.00361  0.00361  0.50   93986     339   93817  2512041  26.73
1985-1989       57      0.00487  0.00486  0.50   93647     455   93419  2418225  25.82
1985-1989       58      0.00468  0.00467  0.50   93192     435   92974  2324806  24.95
1985-1989       59      0.00734  0.00731  0.50   92756     678   92417  2231832  24.06
1985-1989       60      0.00600  0.00598  0.50   92078     551   91803  2139414  23.23
1985-1989       61      0.00584  0.00582  0.50   91528     533   91261  2047611  22.37
1985-1989       62      0.00745  0.00743  0.50   90995     676   90657  1956350  21.50
1985-1989       63      0.00685  0.00683  0.50   90319     617   90011  1865693  20.66
1985-1989       64      0.00854  0.00850  0.50   89702     763   89321  1775682  19.80
1985-1989       65      0.00955  0.00951  0.50   88940     846   88517  1686361  18.96
1985-1989       66      0.01240  0.01233  0.50   88094    1086   87551  1597844  18.14
1985-1989       67      0.01257  0.01249  0.50   87008    1086   86465  1510293  17.36
1985-1989       68      0.01547  0.01535  0.50   85922    1319   85262  1423828  16.57
1985-1989       69      0.01637  0.01624  0.50   84603    1374   83916  1338566  15.82
1985-1989       70      0.02036  0.02016  0.50   83229    1678   82390  1254650  15.07
1985-1989       71      0.02133  0.02110  0.50   81551    1721   80691  1172260  14.37
1985-1989       72      0.02391  0.02363  0.50   79830    1886   78887  1091570  13.67
1985-1989       73      0.02026  0.02006  0.50   77944    1564   77162  1012683  12.99
1985-1989       74      0.03444  0.03385  0.50   76380    2586   75087   935521  12.25
1985-1989       75      0.03325  0.03271  0.50   73794    2413   72588   860434  11.66
1985-1989       76      0.04127  0.04043  0.50   71381    2886   69938   787846  11.04
1985-1989       77      0.03549  0.03487  0.50   68495    2389   67300   717908  10.48
1985-1989       78      0.05033  0.04909  0.50   66106    3245   64483   650608   9.84
1985-1989       79      0.06189  0.06003  0.50   62861    3774   60974   586124   9.32
1985-1989       80      0.04971  0.04851  0.50   59087    2866   57654   525150   8.89
1985-1989       81      0.05634  0.05480  0.50   56221    3081   54680   467496   8.32
1985-1989       82      0.06380  0.06183  0.50   53140    3286   51497   412816   7.77
1985-1989       83      0.07217  0.06966  0.50   49854    3473   48118   361319   7.25
1985-1989       84      0.08154  0.07835  0.50   46382    3634   44565   313200   6.75
1985-1989       85      0.09201  0.08796  0.50   42748    3760   40868   268636   6.28
1985-1989       86      0.10366  0.09856  0.50   38988    3843   37067   227768   5.84
1985-1989       87      0.11661  0.11019  0.50   35145    3873   33209   190701   5.43
1985-1989       88      0.13094  0.12289  0.50   31273    3843   29351   157492   5.04
1985-1989       89      0.14673  0.13670  0.50   27430    3750   25555   128140   4.67
1985-1989       90      0.16407  0.15163  0.50   23680    3591   21885   102586   4.33
1985-1989       91      0.18302  0.16768  0.50   20089    3369   18405    80701   4.02
1985-1989       92      0.20363  0.18481  0.50   16721    3090   15176    62296   3.73
1985-1989       93      0.22591  0.20298  0.50   13631    2767   12247    47120   3.46
1985-1989       94      0.24987  0.22212  0.50   10864    2413    9657    34873   3.21
1985-1989       95      0.27546  0.24211  0.50    8451    2046    7428    25216   2.98
1985-1989       96      0.30262  0.26285  0.50    6405    1683    5563    17788   2.78
1985-1989       97      0.33123  0.28416  0.50    4721    1342    4050    12225   2.59
1985-1989       98      0.36114  0.30590  0.50    3380    1034    2863     8174   2.42
1985-1989       99      0.39217  0.32788  0.50    2346     769    1961     5312   2.26
1985-1989      100      0.42410  0.34990  0.50    1577     552    1301     3350   2.12
1985-1989      101      0.45668  0.37178  0.50    1025     381     834     2049   2.00
1985-1989      102      0.48963  0.39333  0.50     644     253     517     1215   1.89
1985-1989      103      0.52267  0.41438  0.50     391     162     310      698   1.79
1985-1989      104      0.55551  0.43475  0.50     229      99     179      388   1.70
1985-1989      105      0.58787  0.45433  0.50     129      59     100      209   1.62
1985-1989      106      0.61950  0.47299  0.50      71      33      54      109   1.55
1985-1989      107      0.65014  0.49064  0.50      37      18      28       55   1.48
1985-1989      108      0.67959  0.50723  0.50      19      10      14       27   1.43
1985-1989      109      0.70767  0.52271  0.50       9       5       7       13   1.39
1985-1989      110+     0.73426  1.00000  1.36       4       4       6        6   1.36
1990-1994        0      0.00452  0.00450  0.14  100000     450   99613  8110966  81.11
1990-1994        1      0.00018  0.00018  0.50   99550      18   99541  8011353  80.48
1990-1994        2      0.00081  0.00081  0.50   99532      81   99492  7911813  79.49
1990-1994        3      0.00027  0.00027  0.50   99451      27   99438  7812321  78.55
1990-1994        4      0.00064  0.00064  0.50   99424      63   99392  7712883  77.58
1990-1994        5      0.00009  0.00009  0.50   99361       9   99356  7613491  76.62
1990-1994        6      0.00082  0.00082  0.50   99352      82   99311  7514135  75.63
1990-1994        7      0.00054  0.00054  0.50   99270      54   99243  7414824  74.69
1990-1994        8      0.00000  0.00000  0.50   99216       0   99216  7315580  73.73
1990-1994        9      0.00036  0.00036  0.50   99216      36   99199  7216364  72.73
1990-1994       10      0.00045  0.00045  0.50   99181      44   99159  7117165  71.76
1990-1994       11      0.00000  0.00000  0.50   99136       0   99136  7018007  70.79
1990-1994       12      0.00027  0.00027  0.50   99136      26   99123  6918870  69.79
1990-1994       13      0.00000  0.00000  0.50   99110       0   99110  6819747  68.81
1990-1994       14      0.00018  0.00018  0.50   99110      18   99101  6720637  67.81
1990-1994       15      0.00000  0.00000  0.50   99092       0   99092  6621536  66.82
1990-1994       16      0.00017  0.00017  0.50   99092      17   99084  6522443  65.82
1990-1994       17      0.00098  0.00098  0.50   99076      97   99027  6423359  64.83
1990-1994       18      0.00073  0.00073  0.50   98978      72   98942  6324332  63.90
1990-1994       19      0.00100  0.00100  0.50   98906      98   98857  6225390  62.94
1990-1994       20      0.00052  0.00052  0.50   98808      51   98782  6126533  62.00
1990-1994       21      0.00053  0.00053  0.50   98756      53   98730  6027751  61.04
1990-1994       22      0.00083  0.00083  0.50   98704      82   98663  5929021  60.07
1990-1994       23      0.00052  0.00052  0.50   98622      51   98596  5830359  59.12
1990-1994       24      0.00108  0.00108  0.50   98571     107   98517  5731763  58.15
1990-1994       25      0.00111  0.00111  0.50   98464     109   98409  5633245  57.21
1990-1994       26      0.00056  0.00056  0.50   98355      55   98327  5534836  56.27
1990-1994       27      0.00056  0.00056  0.50   98299      55   98272  5436509  55.31
1990-1994       28      0.00087  0.00087  0.50   98244      86   98201  5338237  54.34
1990-1994       29      0.00055  0.00055  0.50   98159      54   98132  5240036  53.38
1990-1994       30      0.00054  0.00054  0.50   98105      53   98078  5141904  52.41
1990-1994       31      0.00078  0.00078  0.50   98051      76   98013  5043826  51.44
1990-1994       32      0.00039  0.00039  0.50   97975      38   97956  4945813  50.48
1990-1994       33      0.00047  0.00047  0.50   97937      46   97914  4847856  49.50
1990-1994       34      0.00070  0.00070  0.50   97891      69   97857  4749942  48.52
1990-1994       35      0.00071  0.00071  0.50   97822      69   97788  4652086  47.56
1990-1994       36      0.00071  0.00071  0.50   97753      70   97718  4554298  46.59
1990-1994       37      0.00079  0.00079  0.50   97683      77   97645  4456580  45.62
1990-1994       38      0.00112  0.00112  0.50   97606     109   97552  4358935  44.66
1990-1994       39      0.00120  0.00119  0.50   97497     117   97439  4261384  43.71
1990-1994       40      0.00119  0.00119  0.50   97381     116   97323  4163945  42.76
1990-1994       41      0.00055  0.00055  0.50   97265      54   97238  4066622  41.81
1990-1994       42      0.00063  0.00063  0.50   97211      62   97180  3969384  40.83
1990-1994       43      0.00095  0.00095  0.50   97150      92   97103  3872204  39.86
1990-1994       44      0.00122  0.00122  0.50   97057     119   96998  3775100  38.90
1990-1994       45      0.00154  0.00154  0.50   96939     149   96864  3678102  37.94
1990-1994       46      0.00144  0.00144  0.50   96789     139   96720  3581238  37.00
1990-1994       47      0.00155  0.00155  0.50   96650     149   96575  3484519  36.05
1990-1994       48      0.00150  0.00150  0.50   96500     144   96428  3387944  35.11
1990-1994       49      0.00175  0.00175  0.50   96356     169   96272  3291516  34.16
1990-1994       50      0.00177  0.00177  0.50   96187     170   96102  3195244  33.22
1990-1994       51      0.00218  0.00218  0.50   96017     209   95913  3099141  32.28
1990-1994       52      0.00320  0.00320  0.50   95808     306   95655  3003229  31.35
1990-1994       53      0.00230  0.00230  0.50   95502     220   95392  2907573  30.45
1990-1994       54      0.00181  0.00180  0.50   95282     172   95196  2812181  29.51
1990-1994       55      0.00472  0.00471  0.50   95110     448   94886  2716985  28.57
1990-1994       56      0.00429  0.00428  0.50   94662     405   94459  2622099  27.70
1990-1994       57      0.00481  0.00480  0.50   94257     452   94031  2527639  26.82
1990-1994       58      0.00386  0.00385  0.50   93805     361   93624  2433609  25.94
1990-1994       59      0.00358  0.00357  0.50   93443     334   93276  2339985  25.04
1990-1994       60      0.00345  0.00345  0.50   93109     321   92949  2246708  24.13
1990-1994       61      0.00737  0.00735  0.50   92788     682   92447  2153759  23.21
1990-1994       62      0.00609  0.00607  0.50   92107     559   91827  2061312  22.38
1990-1994       63      0.01083  0.01077  0.50   91547     986   91054  1969485  21.51
1990-1994       64      0.01022  0.01017  0.50   90561     921   90101  1878431  20.74
1990-1994       65      0.00753  0.00750  0.50   89641     673   89304  1788330  19.95
1990-1994       66      0.01194  0.01187  0.50   88968    1056   88440  1699026  19.10
1990-1994       67      0.01142  0.01135  0.50   87912     998   87413  1610586  18.32
1990-1994       68      0.01239  0.01231  0.50   86914    1070   86378  1523173  17.53
1990-1994       69      0.01665  0.01651  0.50   85843    1417   85135  1436795  16.74
1990-1994       70      0.01686  0.01672  0.50   84426    1412   83721  1351660  16.01
1990-1994       71      0.01493  0.01482  0.50   83015    1231   82399  1267940  15.27
1990-1994       72      0.01601  0.01589  0.50   81784    1299   81135  1185540  14.50
1990-1994       73      0.02219  0.02194  0.50   80485    1766   79602  1104406  13.72
1990-1994       74      0.02443  0.02414  0.50   78719    1900   77769  1024804  13.02
1990-1994       75      0.02159  0.02136  0.50   76819    1641   75998   947035  12.33
1990-1994       76      0.03076  0.03029  0.50   75178    2277   74039   871037  11.59
1990-1994       77      0.04087  0.04005  0.50   72900    2920   71441   796997  10.93
1990-1994       78      0.04144  0.04060  0.50   69981    2841   68560   725557  10.37
1990-1994       79      0.05002  0.04880  0.50   67140    3276   65502   656997   9.79
1990-1994       80      0.04188  0.04102  0.50   63863    2620   62554   591495   9.26
1990-1994       81      0.04821  0.04708  0.50   61244    2883   59802   528941   8.64
1990-1994       82      0.05545  0.05396  0.50   58360    3149   56786   469139   8.04
1990-1994       83      0.06371  0.06174  0.50   55212    3409   53507   412353   7.47
1990-1994       84      0.07309  0.07052  0.50   51803    3653   49976   358846   6.93
1990-1994       85      0.08374  0.08037  0.50   48150    3870   46215   308870   6.41
1990-1994       86      0.09578  0.09140  0.50   44280    4047   42256   262655   5.93
1990-1994       87      0.10934  0.10367  0.50   40233    4171   38147   220399   5.48
1990-1994       88      0.12455  0.11725  0.50   36062    4228   33948   182252   5.05
1990-1994       89      0.14155  0.13219  0.50   31834    4208   29729   148304   4.66
1990-1994       90      0.16044  0.14852  0.50   27625    4103   25574   118574   4.29
1990-1994       91      0.18132  0.16625  0.50   23522    3911   21567    93001   3.95
1990-1994       92      0.20425  0.18533  0.50   19612    3635   17795    71433   3.64
1990-1994       93      0.22928  0.20570  0.50   15977    3286   14334    53639   3.36
1990-1994       94      0.25638  0.22725  0.50   12691    2884   11249    39305   3.10
1990-1994       95      0.28550  0.24983  0.50    9807    2450    8582    28056   2.86
1990-1994       96      0.31652  0.27327  0.50    7357    2010    6352    19474   2.65
1990-1994       97      0.34926  0.29733  0.50    5346    1590    4552    13123   2.45
1990-1994       98      0.38349  0.32179  0.50    3757    1209    3152     8571   2.28
1990-1994       99      0.41891  0.34636  0.50    2548     882    2107     5419   2.13
1990-1994      100      0.45519  0.37080  0.50    1665     618    1357     3312   1.99
1990-1994      101      0.49195  0.39483  0.50    1048     414     841     1956   1.87
1990-1994      102      0.52880  0.41822  0.50     634     265     502     1115   1.76
1990-1994      103      0.56533  0.44075  0.50     369     163     288      613   1.66
1990-1994      104      0.60118  0.46223  0.50     206      95     159      325   1.58
1990-1994      105      0.63596  0.48253  0.50     111      54      84      167   1.50
1990-1994      106      0.66939  0.50153  0.50      57      29      43       83   1.44
1990-1994      107      0.70118  0.51917  0.50      29      15      21       40   1.38
1990-1994      108      0.73115  0.53542  0.50      14       7      10       18   1.34
1990-1994      109      0.75914  0.55027  0.50       6       4       5        8   1.30
1990-1994      110+     0.78508  1.00000  1.27       3       3       4        4   1.27
1995-1999        0      0.00618  0.00614  0.14  100000     614   99469  8208420  82.08
1995-1999        1      0.00066  0.00066  0.50   99386      66   99353  8108951  81.59
1995-1999        2      0.00113  0.00113  0.50   99320     112   99264  8009598  80.64
1995-1999        3      0.00028  0.00028  0.50   99208      28   99194  7910334  79.73
1995-1999        4      0.00000  0.00000  0.50   99181       0   99181  7811139  78.76
1995-1999        5      0.00027  0.00027  0.50   99181      27   99167  7711959  77.76
1995-1999        6      0.00009  0.00009  0.50   99154       9   99149  7612792  76.78
1995-1999        7      0.00000  0.00000  0.50   99145       0   99145  7513642  75.78
1995-1999        8      0.00009  0.00009  0.50   99145       9   99140  7414498  74.78
1995-1999        9      0.00036  0.00036  0.50   99136      36   99118  7315358  73.79
1995-1999       10      0.00000  0.00000  0.50   99100       0   99100  7216240  72.82
1995-1999       11      0.00018  0.00018  0.50   99100      18   99091  7117140  71.82
1995-1999       12      0.00036  0.00036  0.50   99082      36   99064  7018049  70.83
1995-1999       13      0.00000  0.00000  0.50   99046       0   99046  6918985  69.86
1995-1999       14      0.00000  0.00000  0.50   99046       0   99046  6819938  68.86
1995-1999       15      0.00062  0.00062  0.50   99046      61   99016  6720892  67.86
1995-1999       16      0.00009  0.00009  0.50   98985       9   98981  6621876  66.90
1995-1999       17      0.00009  0.00009  0.50   98977       9   98972  6522895  65.90
1995-1999       18      0.00040  0.00040  0.50   98968      40   98948  6423923  64.91
1995-1999       19      0.00053  0.00053  0.50   98928      53   98902  6324975  63.94
1995-1999       20      0.00037  0.00037  0.50   98876      37   98857  6226073  62.97
1995-1999       21      0.00051  0.00051  0.50   98839      51   98814  6127216  61.99
1995-1999       22      0.00074  0.00074  0.50   98788      73   98752  6028402  61.02
1995-1999       23      0.00052  0.00052  0.50   98716      51   98690  5929650  60.07
1995-1999       24      0.00044  0.00044  0.50   98664      44   98643  5830960  59.10
1995-1999       25      0.00022  0.00022  0.50   98621      22   98610  5732317  58.12
1995-1999       26      0.00030  0.00030  0.50   98599      29   98584  5633708  57.14
1995-1999       27      0.00059  0.00059  0.50   98570      59   98541  5535123  56.15
1995-1999       28      0.00098  0.00098  0.50   98511      97   98463  5436583  55.19
1995-1999       29      0.00070  0.00070  0.50   98414      69   98380  5338120  54.24
1995-1999       30      0.00063  0.00063  0.50   98345      62   98314  5239740  53.28
1995-1999       31      0.00079  0.00079  0.50   98283      78   98244  5141426  52.31
1995-1999       32      0.00063  0.00063  0.50   98205      62   98174  5043182  51.35
1995-1999       33      0.00093  0.00093  0.50   98143      92   98098  4945007  50.39
1995-1999       34      0.00015  0.00015  0.50   98052      15   98044  4846910  49.43
1995-1999       35      0.00107  0.00107  0.50   98037     105   97984  4748866  48.44
1995-1999       36      0.00084  0.00084  0.50   97932      82   97891  4650881  47.49
1995-1999       37      0.00107  0.00107  0.50   97850     104   97798  4552991  46.53
1995-1999       38      0.00038  0.00038  0.50   97745      37   97727  4455193  45.58
1995-1999       39      0.00054  0.00054  0.50   97708      53   97682  4357466  44.60
1995-1999       40      0.00047  0.00047  0.50   97655      46   97632  4259785  43.62
1995-1999       41      0.00087  0.00087  0.50   97609      85   97567  4162153  42.64
1995-1999       42      0.00048  0.00048  0.50   97525      47   97501  4064586  41.68
1995-1999       43      0.00111  0.00111  0.50   97478     108   97424  3967084  40.70
1995-1999       44      0.00127  0.00127  0.50   97370     123   97308  3869660  39.74
1995-1999       45      0.00135  0.00135  0.50   97247     131   97181  3772352  38.79
1995-1999       46      0.00200  0.00200  0.50   97115     194   97018  3675171  37.84
1995-1999       47      0.00153  0.00153  0.50   96921     148   96847  3578153  36.92
1995-1999       48      0.00170  0.00170  0.50   96773     165   96691  3481306  35.97
1995-1999       49      0.00226  0.00225  0.50   96608     218   96499  3384615  35.03
1995-1999       50      0.00106  0.00106  0.50   96391     102   96339  3288116  34.11
1995-1999       51      0.00122  0.00122  0.50   96288     118   96229  3191776  33.15
1995-1999       52      0.00244  0.00244  0.50   96171     235   96053  3095547  32.19
1995-1999       53      0.00248  0.00247  0.50   95936     237   95817  2999494  31.27
1995-1999       54      0.00260  0.00260  0.50   95699     249   95574  2903676  30.34
1995-1999       55      0.00363  0.00362  0.50   95450     346   95277  2808102  29.42
1995-1999       56      0.00205  0.00204  0.50   95104     194   95007  2712825  28.52
1995-1999       57      0.00251  0.00251  0.50   94909     238   94790  2617818  27.58
1995-1999       58      0.00381  0.00380  0.50   94671     360   94491  2523028  26.65
1995-1999       59      0.00546  0.00544  0.50   94311     513   94055  2428537  25.75
1995-1999       60      0.00509  0.00508  0.50   93798     477   93560  2334482  24.89
1995-1999       61      0.00440  0.00439  0.50   93321     409   93117  2240922  24.01
1995-1999       62      0.00694  0.00692  0.50   92912     643   92591  2147805  23.12
1995-1999       63      0.00510  0.00509  0.50   92269     470   92034  2055215  22.27
1995-1999       64      0.00740  0.00737  0.50   91799     677   91461  1963181  21.39
1995-1999       65      0.00863  0.00859  0.50   91122     783   90731  1871720  20.54
1995-1999       66      0.01141  0.01135  0.50   90339    1025   89827  1780989  19.71
1995-1999       67      0.01160  0.01154  0.50   89314    1030   88799  1691162  18.93
1995-1999       68      0.01077  0.01072  0.50   88284     946   87811  1602363  18.15
1995-1999       69      0.01436  0.01426  0.50   87338    1245   86715  1514552  17.34
1995-1999       70      0.01427  0.01417  0.50   86093    1220   85483  1427837  16.58
1995-1999       71      0.01551  0.01539  0.50   84873    1306   84219  1342354  15.82
1995-1999       72      0.02145  0.02122  0.50   83566    1774   82680  1258135  15.06
1995-1999       73      0.01863  0.01846  0.50   81793    1510   81038  1175455  14.37
1995-1999       74      0.02155  0.02132  0.50   80283    1712   79427  1094417  13.63
1995-1999       75      0.03030  0.02984  0.50   78572    2345   77399  1014990  12.92
1995-1999       76      0.02204  0.02180  0.50   76227    1662   75396   937591  12.30
1995-1999       77      0.02438  0.02409  0.50   74565    1796   73667   862195  11.56
1995-1999       78      0.02284  0.02258  0.50   72769    1643   71947   788528  10.84
1995-1999       79      0.03279  0.03226  0.50   71126    2295   69978   716581  10.07
1995-1999       80      0.04155  0.04071  0.50   68831    2802   67430   646603   9.39
1995-1999       81      0.04768  0.04657  0.50   66029    3075   64491   579173   8.77
1995-1999       82      0.05467  0.05321  0.50   62954    3350   61279   514681   8.18
1995-1999       83      0.06261  0.06070  0.50   59604    3618   57795   453403   7.61
1995-1999       84      0.07161  0.06913  0.50   55986    3870   54050   395608   7.07
1995-1999       85      0.08179  0.07858  0.50   52115    4095   50068   341557   6.55
1995-1999       86      0.09328  0.08913  0.50   48020    4280   45880   291490   6.07
1995-1999       87      0.10620  0.10084  0.50   43740    4411   41535   245610   5.62
1995-1999       88      0.12067  0.11380  0.50   39329    4476   37091   204075   5.19
1995-1999       89      0.13680  0.12804  0.50   34853    4463   32622   166984   4.79
1995-1999       90      0.15471  0.14361  0.50   30391    4364   28209   134362   4.42
1995-1999       91      0.17450  0.16050  0.50   26026    4177   23938   106153   4.08
1995-1999       92      0.19623  0.17869  0.50   21849    3904   19897    82215   3.76
1995-1999       93      0.21994  0.19815  0.50   17945    3556   16167    62318   3.47
1995-1999       94      0.24564  0.21877  0.50   14389    3148   12815    46151   3.21
1995-1999       95      0.27329  0.24044  0.50   11241    2703    9890    33336   2.97
1995-1999       96      0.30281  0.26299  0.50    8538    2246    7416    23446   2.75
1995-1999       97      0.33405  0.28624  0.50    6293    1801    5392    16030   2.55
1995-1999       98      0.36682  0.30997  0.50    4492    1392    3795    10638   2.37
1995-1999       99      0.40086  0.33393  0.50    3099    1035    2582     6843   2.21
1995-1999      100      0.43589  0.35789  0.50    2064     739    1695     4261   2.06
1995-1999      101      0.47157  0.38160  0.50    1326     506    1073     2566   1.94
1995-1999      102      0.50755  0.40482  0.50     820     332     654     1493   1.82
1995-1999      103      0.54344  0.42733  0.50     488     208     384      839   1.72
1995-1999      104      0.57890  0.44895  0.50     279     125     217      456   1.63
1995-1999      105      0.61355  0.46952  0.50     154      72     118      239   1.55
1995-1999      106      0.64709  0.48891  0.50      82      40      62      121   1.48
1995-1999      107      0.67925  0.50704  0.50      42      21      31       59   1.42
1995-1999      108      0.70978  0.52387  0.50      21      11      15       28   1.37
1995-1999      109      0.73853  0.53936  0.50      10       5       7       13   1.33
1995-1999      110+     0.76538  1.00000  1.31       5       5       6        6   1.31
2000-2004        0      0.00403  0.00401  0.14  100000     401   99655  8314783  83.15
2000-2004        1      0.00060  0.00060  0.50   99599      59   99569  8215128  82.48
2000-2004        2      0.00108  0.00108  0.50   99539     107   99486  8115559  81.53
2000-2004        3      0.00029  0.00029  0.50   99432      29   99418  8016073  80.62
2000-2004        4      0.00000  0.00000  0.50   99403       0   99403  7916655  79.64
2000-2004        5      0.00019  0.00019  0.50   99403      19   99394  7817252  78.64
2000-2004        6      0.00038  0.00038  0.50   99384      38   99365  7717858  77.66
2000-2004        7      0.00009  0.00009  0.50   99346       9   99342  7618493  76.69
2000-2004        8      0.00000  0.00000  0.50   99337       0   99337  7519151  75.69
2000-2004        9      0.00065  0.00065  0.50   99337      64   99305  7419814  74.69
2000-2004       10      0.00027  0.00027  0.50   99273      27   99259  7320509  73.74
2000-2004       11      0.00036  0.00036  0.50   99246      36   99228  7221250  72.76
2000-2004       12      0.00027  0.00027  0.50   99209      27   99196  7122022  71.79
2000-2004       13      0.00036  0.00036  0.50   99183      36   99165  7022826  70.81
2000-2004       14      0.00018  0.00018  0.50   99147      18   99138  6923661  69.83
2000-2004       15      0.00009  0.00009  0.50   99129       9   99124  6824524  68.85
2000-2004       16      0.00044  0.00044  0.50   99120      44   99098  6725399  67.85
2000-2004       17      0.00026  0.00026  0.50   99076      26   99064  6626301  66.88
2000-2004       18      0.00064  0.00064  0.50   99051      63   99019  6527238  65.90
2000-2004       19      0.00037  0.00037  0.50   98988      37   98970  6428218  64.94
2000-2004       20      0.00022  0.00022  0.50   98951      21   98941  6329249  63.96
2000-2004       21      0.00086  0.00086  0.50   98930      85   98887  6230308  62.98
2000-2004       22      0.00022  0.00022  0.50   98845      22   98834  6131420  62.03
2000-2004       23      0.00104  0.00104  0.50   98823     102   98772  6032586  61.04
2000-2004       24      0.00030  0.00030  0.50   98721      30   98706  5933814  60.11
2000-2004       25      0.00038  0.00038  0.50   98691      38   98672  5835108  59.12
2000-2004       26      0.00101  0.00101  0.50   98653      99   98604  5736436  58.15
2000-2004       27      0.00054  0.00054  0.50   98554      53   98527  5637833  57.21
2000-2004       28      0.00046  0.00046  0.50   98501      45   98478  5539305  56.24
2000-2004       29      0.00030  0.00030  0.50   98455      30   98440  5440827  55.26
2000-2004       30      0.00060  0.00060  0.50   98426      59   98396  5342387  54.28
2000-2004       31      0.00089  0.00089  0.50   98366      88   98323  5243991  53.31
2000-2004       32      0.00067  0.00067  0.50   98279      66   98246  5145669  52.36
2000-2004       33      0.00053  0.00053  0.50   98213      52   98186  5047423  51.39
2000-2004       34      0.00062  0.00062  0.50   98160      61   98130  4949237  50.42
2000-2004       35      0.00079  0.00079  0.50   98099      78   98060  4851107  49.45
2000-2004       36      0.00056  0.00056  0.50   98021      55   97994  4753047  48.49
2000-2004       37      0.00127  0.00127  0.50   97967     125   97904  4655053  47.52
2000-2004       38      0.00055  0.00055  0.50   97842      54   97815  4557149  46.58
2000-2004       39      0.00047  0.00047  0.50   97788      46   97765  4459334  45.60
2000-2004       40      0.00054  0.00054  0.50   97742      53   97716  4361569  44.62
2000-2004       41      0.00084  0.00084  0.50   97690      82   97649  4263853  43.65
2000-2004       42      0.00069  0.00069  0.50   97607      67   97574  4166204  42.68
2000-2004       43      0.00077  0.00077  0.50   97540      75   97502  4068631  41.71
2000-2004       44      0.00132  0.00132  0.50   97465     129   97400  3971128  40.74
2000-2004       45      0.00047  0.00047  0.50   97336      46   97313  3873728  39.80
2000-2004       46      0.00183  0.00183  0.50   97290     178   97201  3776416  38.82
2000-2004       47      0.00048  0.00048  0.50   97112      47   97089  3679215  37.89
2000-2004       48      0.00196  0.00196  0.50   97065     190   96970  3582126  36.90
2000-2004       49      0.00123  0.00123  0.50   96875     119   96816  3485156  35.98
2000-2004       50      0.00124  0.00124  0.50   96756     120   96696  3388341  35.02
2000-2004       51      0.00175  0.00175  0.50   96636     169   96551  3291645  34.06
2000-2004       52      0.00110  0.00110  0.50   96467     106   96413  3195094  33.12
2000-2004       53      0.00180  0.00180  0.50   96360     174   96273  3098680  32.16
2000-2004       54      0.00250  0.00250  0.50   96187     240   96067  3002407  31.21
2000-2004       55      0.00153  0.00152  0.50   95946     146   95873  2906340  30.29
2000-2004       56      0.00244  0.00244  0.50   95800     234   95683  2810467  29.34
2000-2004       57      0.00199  0.00199  0.50   95567     190   95472  2714783  28.41
2000-2004       58      0.00321  0.00320  0.50   95376     305   95224  2619312  27.46
2000-2004       59      0.00312  0.00311  0.50   95071     296   94923  2524088  26.55
2000-2004       60      0.00379  0.00378  0.50   94775     359   94596  2429165  25.63
2000-2004       61      0.00739  0.00736  0.50   94416     695   94069  2334569  24.73
2000-2004       62      0.00483  0.00482  0.50   93722     452   93496  2240500  23.91
2000-2004       63      0.00762  0.00759  0.50   93270     708   92915  2147005  23.02
2000-2004       64      0.00603  0.00601  0.50   92561     556   92283  2054089  22.19
2000-2004       65      0.00578  0.00576  0.50   92005     530   91740  1961806  21.32
2000-2004       66      0.00689  0.00687  0.50   91475     628   91161  1870065  20.44
2000-2004       67      0.00681  0.00679  0.50   90847     616   90539  1778904  19.58
2000-2004       68      0.01132  0.01126  0.50   90231    1016   89723  1688365  18.71
2000-2004       69      0.01124  0.01117  0.50   89215     997   88716  1598643  17.92
2000-2004       70      0.00661  0.00659  0.50   88218     581   87927  1509926  17.12
2000-2004       71      0.01227  0.01219  0.50   87637    1068   87103  1421999  16.23
2000-2004       72      0.01331  0.01322  0.50   86568    1145   85996  1334896  15.42
2000-2004       73      0.01513  0.01501  0.50   85424    1282   84782  1248900  14.62
2000-2004       74      0.02183  0.02160  0.50   84141    1817   83232  1164118  13.84
2000-2004       75      0.02003  0.01983  0.50   82324    1632   81508  1080886  13.13
2000-2004       76      0.02296  0.02270  0.50   80692    1832   79776   999378  12.39
2000-2004       77      0.02615  0.02581  0.50   78860    2035   77842   919602  11.66
2000-2004       78      0.02705  0.02669  0.50   76824    2051   75799   841760  10.96
2000-2004       79      0.03051  0.03005  0.50   74774    2247   73650   765961  10.24
2000-2004       80      0.03826  0.03754  0.50   72527    2723   71165   692311   9.55
2000-2004       81      0.05383  0.05242  0.50   69804    3659   67974   621146   8.90
2000-2004       82      0.05195  0.05063  0.50   66145    3349   64470   553171   8.36
2000-2004       83      0.06856  0.06629  0.50   62796    4163   60714   488701   7.78
2000-2004       84      0.06021  0.05845  0.50   58633    3427   56919   427986   7.30
2000-2004       85      0.07863  0.07566  0.50   55206    4177   53117   371067   6.72
2000-2004       86      0.08963  0.08578  0.50   51029    4377   48840   317950   6.23
2000-2004       87      0.10199  0.09704  0.50   46651    4527   44388   269110   5.77
2000-2004       88      0.11584  0.10950  0.50   42124    4612   39818   224722   5.33
2000-2004       89      0.13129  0.12321  0.50   37512    4622   35201   184904   4.93
2000-2004       90      0.14846  0.13820  0.50   32890    4546   30617   149703   4.55
2000-2004       91      0.16745  0.15451  0.50   28345    4380   26155   119085   4.20
2000-2004       92      0.18832  0.17211  0.50   23965    4125   21903    92931   3.88
2000-2004       93      0.21114  0.19098  0.50   19840    3789   17946    71028   3.58
2000-2004       94      0.23591  0.21102  0.50   16051    3387   14358    53082   3.31
2000-2004       95      0.26263  0.23214  0.50   12664    2940   11194    38725   3.06
2000-2004       96      0.29122  0.25420  0.50    9724    2472    8488    27530   2.83
2000-2004       97      0.32156  0.27702  0.50    7252    2009    6248    19042   2.63
2000-2004       98      0.35349  0.30039  0.50    5243    1575    4456    12794   2.44
2000-2004       99      0.38678  0.32410  0.50    3668    1189    3074     8339   2.27
2000-2004      100      0.42116  0.34790  0.50    2479     863    2048     5265   2.12
2000-2004      101      0.45633  0.37155  0.50    1617     601    1316     3217   1.99
2000-2004      102      0.49193  0.39482  0.50    1016     401     815     1900   1.87
2000-2004      103      0.52762  0.41749  0.50     615     257     487     1085   1.76
2000-2004      104      0.56303  0.43935  0.50     358     157     280      598   1.67
2000-2004      105      0.59781  0.46024  0.50     201      92     155      319   1.59
2000-2004      106      0.63163  0.48003  0.50     108      52      82      164   1.51
2000-2004      107      0.66420  0.49861  0.50      56      28      42       82   1.45
2000-2004      108      0.69529  0.51593  0.50      28      15      21       40   1.40
2000-2004      109      0.72468  0.53194  0.50      14       7      10       19   1.36
2000-2004      110+     0.75226  1.00000  1.33       6       6       9        9   1.33
2005-2009        0      0.00412  0.00410  0.14  100000     410   99647  8390169  83.90
2005-2009        1      0.00028  0.00028  0.50   99590      28   99576  8290522  83.25
2005-2009        2      0.00028  0.00028  0.50   99562      28   99548  8190946  82.27
2005-2009        3      0.00019  0.00019  0.50   99534      19   99524  8091398  81.29
2005-2009        4      0.00049  0.00049  0.50   99515      48   99491  7991874  80.31
2005-2009        5      0.00000  0.00000  0.50   99466       0   99466  7892383  79.35
2005-2009        6      0.00010  0.00010  0.50   99466      10   99461  7792917  78.35
2005-2009        7      0.00020  0.00020  0.50   99457      19   99447  7693455  77.35
2005-2009        8      0.00000  0.00000  0.50   99437       0   99437  7594009  76.37
2005-2009        9      0.00029  0.00029  0.50   99437      29   99423  7494571  75.37
2005-2009       10      0.00010  0.00010  0.50   99408      10   99404  7395149  74.39
2005-2009       11      0.00019  0.00019  0.50   99399      19   99389  7295745  73.40
2005-2009       12      0.00000  0.00000  0.50   99380       0   99380  7196356  72.41
2005-2009       13      0.00066  0.00066  0.50   99380      66   99347  7096976  71.41
2005-2009       14      0.00000  0.00000  0.50   99314       0   99314  6997630  70.46
2005-2009       15      0.00064  0.00064  0.50   99314      63   99282  6898316  69.46
2005-2009       16      0.00026  0.00026  0.50   99251      26   99237  6799033  68.50
2005-2009       17      0.00051  0.00051  0.50   99224      50   99199  6699796  67.52
2005-2009       18      0.00023  0.00023  0.50   99174      23   99163  6600597  66.56
2005-2009       19      0.00000  0.00000  0.50   99151       0   99151  6501434  65.57
2005-2009       20      0.00014  0.00014  0.50   99151      13   99144  6402283  64.57
2005-2009       21      0.00041  0.00041  0.50   99138      40   99117  6303138  63.58
2005-2009       22      0.00007  0.00007  0.50   99097       7   99094  6204021  62.61
2005-2009       23      0.00047  0.00047  0.50   99091      46   99067  6104927  61.61
2005-2009       24      0.00059  0.00059  0.50   99044      58   99015  6005859  60.64
2005-2009       25      0.00033  0.00033  0.50   98986      32   98970  5906844  59.67
2005-2009       26      0.00060  0.00060  0.50   98954      59   98924  5807875  58.69
2005-2009       27      0.00068  0.00068  0.50   98894      68   98860  5708951  57.73
2005-2009       28      0.00014  0.00014  0.50   98827      14   98820  5610090  56.77
2005-2009       29      0.00058  0.00058  0.50   98813      58   98784  5511271  55.77
2005-2009       30      0.00067  0.00067  0.50   98755      66   98722  5412487  54.81
2005-2009       31      0.00068  0.00068  0.50   98689      68   98655  5313765  53.84
2005-2009       32      0.00084  0.00084  0.50   98621      83   98580  5215110  52.88
2005-2009       33      0.00053  0.00053  0.50   98538      52   98512  5116530  51.92
2005-2009       34      0.00059  0.00059  0.50   98486      58   98457  5018018  50.95
2005-2009       35      0.00051  0.00051  0.50   98428      50   98403  4919560  49.98
2005-2009       36      0.00065  0.00065  0.50   98379      64   98346  4821157  49.01
2005-2009       37      0.00059  0.00059  0.50   98314      58   98285  4722810  48.04
2005-2009       38      0.00122  0.00122  0.50   98256     120   98196  4624525  47.07
2005-2009       39      0.00063  0.00063  0.50   98137      61   98106  4526329  46.12
2005-2009       40      0.00079  0.00079  0.50   98075      78   98036  4428223  45.15
2005-2009       41      0.00096  0.00095  0.50   97997      94   97951  4330187  44.19
2005-2009       42      0.00064  0.00064  0.50   97904      62   97873  4232236  43.23
2005-2009       43      0.00087  0.00087  0.50   97841      85   97799  4134364  42.26
2005-2009       44      0.00156  0.00156  0.50   97756     152   97680  4036565  41.29
2005-2009       45      0.00085  0.00085  0.50   97604      83   97562  3938885  40.36
2005-2009       46      0.00078  0.00078  0.50   97521      76   97483  3841322  39.39
2005-2009       47      0.00078  0.00078  0.50   97445      76   97407  3743840  38.42
2005-2009       48      0.00166  0.00166  0.50   97369     161   97288  3646433  37.45
2005-2009       49      0.00168  0.00168  0.50   97207     164   97126  3549145  36.51
2005-2009       50      0.00106  0.00106  0.50   97044     103   96992  3452019  35.57
2005-2009       51      0.00192  0.00192  0.50   96941     186   96848  3355027  34.61
2005-2009       52      0.00170  0.00170  0.50   96755     164   96673  3258179  33.67
2005-2009       53      0.00208  0.00207  0.50   96591     200   96490  3161506  32.73
2005-2009       54      0.00229  0.00229  0.50   96390     221   96280  3065016  31.80
2005-2009       55      0.00244  0.00243  0.50   96170     234   96053  2968736  30.87
2005-2009       56      0.00343  0.00342  0.50   95936     329   95771  2872683  29.94
2005-2009       57      0.00342  0.00342  0.50   95607     327   95444  2776912  29.05
2005-2009       58      0.00291  0.00291  0.50   95280     277   95142  2681468  28.14
2005-2009       59      0.00283  0.00282  0.50   95003     268   94869  2586327  27.22
2005-2009       60      0.00354  0.00353  0.50   94735     335   94568  2491457  26.30
2005-2009       61      0.00376  0.00375  0.50   94401     354   94224  2396889  25.39
2005-2009       62      0.00428  0.00427  0.50   94047     401   93846  2302666  24.48
2005-2009       63      0.00498  0.00496  0.50   93645     465   93413  2208820  23.59
2005-2009       64      0.00471  0.00470  0.50   93181     438   92962  2115407  22.70
2005-2009       65      0.00583  0.00581  0.50   92743     539   92473  2022445  21.81
2005-2009       66      0.00630  0.00628  0.50   92204     579   91914  1929971  20.93
2005-2009       67      0.00619  0.00618  0.50   91625     566   91342  1838057  20.06
2005-2009       68      0.00920  0.00915  0.50   91059     834   90642  1746715  19.18
2005-2009       69      0.00747  0.00744  0.50   90225     671   89890  1656073  18.35
2005-2009       70      0.01086  0.01080  0.50   89554     967   89070  1566183  17.49
2005-2009       71      0.01074  0.01068  0.50   88587     946   88113  1477113  16.67
2005-2009       72      0.01603  0.01590  0.50   87640    1394   86943  1389000  15.85
2005-2009       73      0.01520  0.01509  0.50   86247    1301   85596  1302057  15.10
2005-2009       74      0.01773  0.01757  0.50   84945    1493   84199  1216461  14.32
2005-2009       75      0.01856  0.01839  0.50   83453    1535   82685  1132262  13.57
2005-2009       76      0.02113  0.02091  0.50   81918    1713   81061  1049577  12.81
2005-2009       77      0.02909  0.02867  0.50   80205    2299   79055   968515  12.08
2005-2009       78      0.02689  0.02653  0.50   77906    2067   76872   889460  11.42
2005-2009       79      0.02589  0.02556  0.50   75839    1938   74869   812588  10.71
2005-2009       80      0.03857  0.03784  0.50   73900    2796   72502   737719   9.98
2005-2009       81      0.04014  0.03935  0.50   71104    2798   69705   665216   9.36
2005-2009       82      0.04086  0.04004  0.50   68306    2735   66938   595511   8.72
2005-2009       83      0.05256  0.05122  0.50   65571    3358   63892   528573   8.06
2005-2009       84      0.06454  0.06252  0.50   62212    3889   60268   464681   7.47
2005-2009       85      0.07237  0.06984  0.50   58323    4073   56286   404414   6.93
2005-2009       86      0.07985  0.07679  0.50   54249    4166   52167   348127   6.42
2005-2009       87      0.08908  0.08529  0.50   50084    4271   47948   295961   5.91
2005-2009       88      0.10859  0.10300  0.50   45812    4719   43453   248013   5.41
2005-2009       89      0.12462  0.11731  0.50   41094    4821   38683   204560   4.98
2005-2009       90      0.14263  0.13314  0.50   36273    4829   33858   165876   4.57
2005-2009       91      0.16277  0.15052  0.50   31444    4733   29077   132018   4.20
2005-2009       92      0.18513  0.16945  0.50   26711    4526   24448   102941   3.85
2005-2009       93      0.20980  0.18988  0.50   22185    4212   20079    78493   3.54
2005-2009       94      0.23679  0.21173  0.50   17972    3805   16070    58414   3.25
2005-2009       95      0.26610  0.23485  0.50   14167    3327   12504    42344   2.99
2005-2009       96      0.29761  0.25906  0.50   10840    2808    9436    29841   2.75
2005-2009       97      0.33117  0.28412  0.50    8032    2282    6891    20405   2.54
2005-2009       98      0.36654  0.30977  0.50    5750    1781    4859    13514   2.35
2005-2009       99      0.40341  0.33570  0.50    3969    1332    3303     8655   2.18
2005-2009      100      0.44141  0.36160  0.50    2636     953    2160     5352   2.03
2005-2009      101      0.48010  0.38716  0.50    1683     652    1357     3193   1.90
2005-2009      102      0.51903  0.41209  0.50    1031     425     819     1835   1.78
2005-2009      103      0.55774  0.43612  0.50     606     264     474     1016   1.68
2005-2009      104      0.59575  0.45902  0.50     342     157     263      542   1.59
2005-2009      105      0.63265  0.48062  0.50     185      89     141      279   1.51
2005-2009      106      0.66806  0.50078  0.50      96      48      72      138   1.44
2005-2009      107      0.70167  0.51943  0.50      48      25      36       66   1.38
2005-2009      108      0.73323  0.53653  0.50      23      12      17       31   1.33
2005-2009      109      0.76258  0.55208  0.50      11       6       8       14   1.29
2005-2009      110+     0.78963  1.00000  1.27       5       5       6        6   1.27
2010-2014        0      0.00256  0.00255  0.14  100000     255   99781  8507470  85.07
2010-2014        1      0.00040  0.00040  0.50   99745      39   99725  8407689  84.29
2010-2014        2      0.00081  0.00081  0.50   99705      81   99665  8307964  83.33
2010-2014        3      0.00025  0.00025  0.50   99624      25   99612  8208299  82.39
2010-2014        4      0.00000  0.00000  0.50   99600       0   99600  8108687  81.41
2010-2014        5      0.00000  0.00000  0.50   99600       0   99600  8009088  80.41
2010-2014        6      0.00000  0.00000  0.50   99600       0   99600  7909488  79.41
2010-2014        7      0.00000  0.00000  0.50   99600       0   99600  7809888  78.41
2010-2014        8      0.00037  0.00037  0.50   99600      37   99581  7710289  77.41
2010-2014        9      0.00028  0.00028  0.50   99563      28   99548  7610708  76.44
2010-2014       10      0.00038  0.00038  0.50   99534      38   99515  7511159  75.46
2010-2014       11      0.00000  0.00000  0.50   99496       0   99496  7411644  74.49
2010-2014       12      0.00038  0.00038  0.50   99496      38   99477  7312148  73.49
2010-2014       13      0.00077  0.00077  0.50   99458      76   99420  7212671  72.52
2010-2014       14      0.00000  0.00000  0.50   99382       0   99382  7113251  71.57
2010-2014       15      0.00092  0.00092  0.50   99382      91   99336  7013869  70.57
2010-2014       16      0.00018  0.00018  0.50   99290      18   99282  6914533  69.64
2010-2014       17      0.00109  0.00109  0.50   99273     108   99219  6815251  68.65
2010-2014       18      0.00000  0.00000  0.50   99165       0   99165  6716032  67.73
2010-2014       19      0.00021  0.00021  0.50   99165      21   99154  6616867  66.73
2010-2014       20      0.00020  0.00020  0.50   99144      19   99134  6517713  65.74
2010-2014       21      0.00019  0.00019  0.50   99125      18   99115  6418578  64.75
2010-2014       22      0.00006  0.00006  0.50   99106       6   99103  6319463  63.76
2010-2014       23      0.00000  0.00000  0.50   99100       0   99100  6220360  62.77
2010-2014       24      0.00024  0.00024  0.50   99100      24   99088  6121260  61.77
2010-2014       25      0.00030  0.00030  0.50   99076      30   99062  6022172  60.78
2010-2014       26      0.00083  0.00083  0.50   99047      82   99006  5923110  59.80
2010-2014       27      0.00012  0.00012  0.50   98964      12   98959  5824104  58.85
2010-2014       28      0.00024  0.00024  0.50   98953      24   98941  5725146  57.86
2010-2014       29      0.00042  0.00042  0.50   98929      42   98908  5626205  56.87
2010-2014       30      0.00073  0.00073  0.50   98888      72   98851  5527296  55.89
2010-2014       31      0.00006  0.00006  0.50   98815       6   98812  5428445  54.94
2010-2014       32      0.00045  0.00045  0.50   98809      45   98787  5329633  53.94
2010-2014       33      0.00073  0.00073  0.50   98765      72   98728  5230846  52.96
2010-2014       34      0.00007  0.00007  0.50   98692       7   98689  5132117  52.00
2010-2014       35      0.00064  0.00064  0.50   98685      63   98654  5033428  51.00
2010-2014       36      0.00051  0.00051  0.50   98623      50   98598  4934774  50.04
2010-2014       37      0.00080  0.00079  0.50   98573      78   98533  4836177  49.06
2010-2014       38      0.00079  0.00079  0.50   98494      78   98455  4737643  48.10
2010-2014       39      0.00064  0.00064  0.50   98416      63   98385  4639188  47.14
2010-2014       40      0.00057  0.00056  0.50   98353      56   98326  4540803  46.17
2010-2014       41      0.00120  0.00120  0.50   98298     118   98239  4442477  45.19
2010-2014       42      0.00100  0.00100  0.50   98180      98   98130  4344239  44.25
2010-2014       43      0.00088  0.00088  0.50   98081      87   98038  4246108  43.29
2010-2014       44      0.00106  0.00106  0.50   97995     104   97943  4148070  42.33
2010-2014       45      0.00077  0.00077  0.50   97891      76   97853  4050127  41.37
2010-2014       46      0.00110  0.00110  0.50   97815     108   97761  3952275  40.41
2010-2014       47      0.00048  0.00048  0.50   97707      47   97684  3854513  39.45
2010-2014       48      0.00072  0.00072  0.50   97660      70   97626  3756830  38.47
2010-2014       49      0.00174  0.00174  0.50   97591     170   97506  3659204  37.50
2010-2014       50      0.00182  0.00182  0.50   97421     177   97332  3561698  36.56
2010-2014       51      0.00191  0.00191  0.50   97244     185   97151  3464366  35.63
2010-2014       52      0.00185  0.00185  0.50   97058     179   96969  3367215  34.69
2010-2014       53      0.00188  0.00188  0.50   96879     182   96788  3270247  33.76
2010-2014       54      0.00210  0.00210  0.50   96697     203   96595  3173458  32.82
2010-2014       55      0.00242  0.00242  0.50   96494     233   96377  3076863  31.89
2010-2014       56      0.00295  0.00295  0.50   96260     284   96118  2980486  30.96
2010-2014       57      0.00259  0.00258  0.50   95976     248   95852  2884368  30.05
2010-2014       58      0.00218  0.00218  0.50   95728     208   95624  2788515  29.13
2010-2014       59      0.00271  0.00271  0.50   95520     259   95391  2692891  28.19
2010-2014       60      0.00318  0.00318  0.50   95262     303   95110  2597500  27.27
2010-2014       61      0.00480  0.00479  0.50   94959     455   94731  2502390  26.35
2010-2014       62      0.00377  0.00377  0.50   94504     356   94326  2407659  25.48
2010-2014       63      0.00386  0.00385  0.50   94148     363   93966  2313333  24.57
2010-2014       64      0.00389  0.00388  0.50   93785     364   93603  2219367  23.66
2010-2014       65      0.00570  0.00568  0.50   93421     531   93156  2125764  22.75
2010-2014       66      0.00663  0.00661  0.50   92890     614   92583  2032608  21.88
2010-2014       67      0.00542  0.00541  0.50   92277     499   92027  1940024  21.02
2010-2014       68      0.00698  0.00696  0.50   91778     639   91458  1847997  20.14
2010-2014       69      0.00715  0.00713  0.50   91139     650   90814  1756539  19.27
2010-2014       70      0.00632  0.00630  0.50   90489     570   90205  1665725  18.41
2010-2014       71      0.00713  0.00710  0.50   89920     639   89600  1575520  17.52
2010-2014       72      0.01357  0.01348  0.50   89281    1203   88679  1485920  16.64
2010-2014       73      0.01251  0.01243  0.50   88078    1095   87530  1397241  15.86
2010-2014       74      0.01594  0.01581  0.50   86983    1375   86295  1309711  15.06
2010-2014       75      0.01489  0.01478  0.50   85607    1265   84975  1223415  14.29
2010-2014       76      0.01509  0.01498  0.50   84342    1264   83710  1138441  13.50
2010-2014       77      0.02083  0.02061  0.50   83079    1712   82223  1054730  12.70
2010-2014       78      0.02246  0.02221  0.50   81366    1807   80463   972508  11.95
2010-2014       79      0.02168  0.02145  0.50   79559    1706   78706   892045  11.21
2010-2014       80      0.02944  0.02901  0.50   77853    2259   76723   813339  10.45
2010-2014       81      0.03443  0.03385  0.50   75594    2559   74314   736616   9.74
2010-2014       82      0.04023  0.03944  0.50   73035    2880   71595   662302   9.07
2010-2014       83      0.04696  0.04589  0.50   70155    3219   68545   590707   8.42
2010-2014       84      0.05476  0.05330  0.50   66936    3567   65152   522162   7.80
2010-2014       85      0.06375  0.06179  0.50   63368    3915   61411   457010   7.21
2010-2014       86      0.07412  0.07147  0.50   59453    4249   57328   395599   6.65
2010-2014       87      0.08601  0.08246  0.50   55204    4552   52928   338271   6.13
2010-2014       88      0.09960  0.09488  0.50   50652    4806   48249   285343   5.63
2010-2014       89      0.11508  0.10881  0.50   45846    4989   43352   237094   5.17
2010-2014       90      0.13260  0.12435  0.50   40857    5081   38317   193743   4.74
2010-2014       91      0.15233  0.14155  0.50   35777    5064   33244   155426   4.34
2010-2014       92      0.17440  0.16042  0.50   30712    4927   28249   122181   3.98
2010-2014       93      0.19893  0.18093  0.50   25786    4665   23453    93932   3.64
2010-2014       94      0.22596  0.20302  0.50   21120    4288   18976    70479   3.34
2010-2014       95      0.25549  0.22655  0.50   16832    3813   14926    51503   3.06
2010-2014       96      0.28745  0.25133  0.50   13019    3272   11383    36577   2.81
2010-2014       97      0.32168  0.27711  0.50    9747    2701    8397    25194   2.58
2010-2014       98      0.35793  0.30360  0.50    7046    2139    5976    16798   2.38
2010-2014       99      0.39589  0.33047  0.50    4907    1622    4096    10821   2.21
2010-2014      100      0.43514  0.35739  0.50    3285    1174    2698     6725   2.05
2010-2014      101      0.47523  0.38399  0.50    2111     811    1706     4027   1.91
2010-2014      102      0.51564  0.40994  0.50    1301     533    1034     2321   1.78
2010-2014      103      0.55584  0.43496  0.50     767     334     600     1287   1.68
2010-2014      104      0.59532  0.45877  0.50     434     199     334      687   1.58
2010-2014      105      0.63361  0.48117  0.50     235     113     178      353   1.50
2010-2014      106      0.67029  0.50203  0.50     122      61      91      174   1.43
2010-2014      107      0.70500  0.52125  0.50      61      32      45       83   1.37
2010-2014      108      0.73748  0.53880  0.50      29      16      21       38   1.32
2010-2014      109      0.76757  0.55469  0.50      13       7      10       17   1.28
2010-2014      110+     0.79517  1.00000  1.26       6       6       7        7   1.26
2015-2019        0      0.00241  0.00240  0.14  100000     240   99795  8542880  85.43
2015-2019        1      0.00052  0.00052  0.50   99760      52   99734  8443085  84.63
2015-2019        2      0.00096  0.00096  0.50   99708      96   99660  8343351  83.68
2015-2019        3      0.00000  0.00000  0.50   99612       0   99612  8243691  82.76
2015-2019        4      0.00007  0.00007  0.50   99612       7   99609  8144079  81.76
2015-2019        5      0.00044  0.00044  0.50   99605      44   99583  8044470  80.76
2015-2019        6      0.00000  0.00000  0.50   99561       0   99561  7944887  79.80
2015-2019        7      0.00054  0.00054  0.50   99561      53   99534  7845326  78.80
2015-2019        8      0.00000  0.00000  0.50   99508       0   99508  7745792  77.84
2015-2019        9      0.00032  0.00032  0.50   99508      32   99492  7646284  76.84
2015-2019       10      0.00000  0.00000  0.50   99476       0   99476  7546793  75.87
2015-2019       11      0.00017  0.00017  0.50   99476      17   99467  7447317  74.87
2015-2019       12      0.00035  0.00035  0.50   99459      35   99442  7347849  73.88
2015-2019       13      0.00009  0.00009  0.50   99424       9   99420  7248407  72.90
2015-2019       14      0.00018  0.00018  0.50   99415      18   99406  7148988  71.91
2015-2019       15      0.00045  0.00045  0.50   99397      45   99375  7049582  70.92
2015-2019       16      0.00052  0.00052  0.50   99352      52   99326  6950207  69.96
2015-2019       17      0.00065  0.00065  0.50   99300      65   99268  6850881  68.99
2015-2019       18      0.00007  0.00007  0.50   99235       7   99232  6751613  68.04
2015-2019       19      0.00033  0.00033  0.50   99228      33   99212  6652381  67.04
2015-2019       20      0.00056  0.00056  0.50   99195      56   99167  6553169  66.06
2015-2019       21      0.00000  0.00000  0.50   99140       0   99140  6454002  65.10
2015-2019       22      0.00012  0.00012  0.50   99140      12   99134  6354862  64.10
2015-2019       23      0.00045  0.00044  0.50   99128      44   99106  6255728  63.11
2015-2019       24      0.00065  0.00065  0.50   99084      65   99052  6156622  62.14
2015-2019       25      0.00022  0.00022  0.50   99019      22   99009  6057571  61.18
2015-2019       26      0.00000  0.00000  0.50   98998       0   98998  5958562  60.19
2015-2019       27      0.00043  0.00043  0.50   98998      43   98976  5859564  59.19
2015-2019       28      0.00043  0.00043  0.50   98955      43   98933  5760588  58.21
2015-2019       29      0.00065  0.00065  0.50   98912      65   98880  5661655  57.24
2015-2019       30      0.00049  0.00049  0.50   98847      49   98823  5562775  56.28
2015-2019       31      0.00027  0.00027  0.50   98799      27   98785  5463953  55.30
2015-2019       32      0.00066  0.00066  0.50   98772      65   98739  5365167  54.32
2015-2019       33      0.00028  0.00028  0.50   98706      28   98692  5266429  53.35
2015-2019       34      0.00062  0.00062  0.50   98679      61   98648  5167736  52.37
2015-2019       35      0.00063  0.00063  0.50   98618      62   98586  5069088  51.40
2015-2019       36      0.00047  0.00047  0.50   98555      47   98532  4970502  50.43
2015-2019       37      0.00080  0.00080  0.50   98508      79   98469  4871970  49.46
2015-2019       38      0.00070  0.00070  0.50   98430      69   98395  4773501  48.50
2015-2019       39      0.00033  0.00033  0.50   98361      32   98345  4675106  47.53
2015-2019       40      0.00069  0.00069  0.50   98328      67   98295  4576761  46.55
2015-2019       41      0.00070  0.00070  0.50   98261      69   98227  4478466  45.58
2015-2019       42      0.00091  0.00091  0.50   98192      89   98148  4380240  44.61
2015-2019       43      0.00076  0.00076  0.50   98103      75   98065  4282092  43.65
2015-2019       44      0.00089  0.00089  0.50   98028      88   97984  4184026  42.68
2015-2019       45      0.00062  0.00062  0.50   97940      61   97910  4086042  41.72
2015-2019       46      0.00112  0.00112  0.50   97880     109   97825  3988132  40.75
2015-2019       47      0.00106  0.00106  0.50   97771     104   97719  3890307  39.79
2015-2019       48      0.00104  0.00103  0.50   97667     101   97616  3792588  38.83
2015-2019       49      0.00122  0.00122  0.50   97566     119   97506  3694972  37.87
2015-2019       50      0.00101  0.00101  0.50   97447      98   97398  3597465  36.92
2015-2019       51      0.00176  0.00176  0.50   97349     171   97263  3500067  35.95
2015-2019       52      0.00137  0.00137  0.50   97178     133   97111  3402804  35.02
2015-2019       53      0.00219  0.00218  0.50   97045     212   96939  3305693  34.06
2015-2019       54      0.00177  0.00177  0.50   96833     171   96747  3208754  33.14
2015-2019       55      0.00246  0.00245  0.50   96662     237   96543  3112006  32.19
2015-2019       56      0.00132  0.00132  0.50   96425     128   96361  3015463  31.27
2015-2019       57      0.00295  0.00294  0.50   96297     283   96155  2919102  30.31
2015-2019       58      0.00302  0.00302  0.50   96014     290   95869  2822947  29.40
2015-2019       59      0.00347  0.00347  0.50   95724     332   95558  2727078  28.49
2015-2019       60      0.00356  0.00355  0.50   95392     339   95223  2631520  27.59
2015-2019       61      0.00380  0.00380  0.50   95053     361   94873  2536297  26.68
2015-2019       62      0.00373  0.00373  0.50   94692     353   94516  2441425  25.78
2015-2019       63      0.00502  0.00500  0.50   94339     472   94103  2346909  24.88
2015-2019       64      0.00446  0.00445  0.50   93867     418   93658  2252806  24.00
2015-2019       65      0.00393  0.00392  0.50   93449     366   93266  2159148  23.11
2015-2019       66      0.00412  0.00411  0.50   93083     383   92891  2065882  22.19
2015-2019       67      0.00633  0.00631  0.50   92700     585   92407  1972990  21.28
2015-2019       68      0.00463  0.00462  0.50   92115     426   91902  1880583  20.42
2015-2019       69      0.00514  0.00513  0.50   91689     470   91454  1788681  19.51
2015-2019       70      0.00804  0.00801  0.50   91219     730   90853  1697227  18.61
2015-2019       71      0.00671  0.00669  0.50   90488     605   90186  1606374  17.75
2015-2019       72      0.00981  0.00976  0.50   89883     877   89445  1516188  16.87
2015-2019       73      0.01175  0.01168  0.50   89006    1039   88487  1426743  16.03
2015-2019       74      0.01391  0.01382  0.50   87967    1216   87359  1338257  15.21
2015-2019       75      0.01356  0.01346  0.50   86751    1168   86167  1250897  14.42
2015-2019       76      0.01584  0.01571  0.50   85583    1345   84911  1164730  13.61
2015-2019       77      0.02126  0.02104  0.50   84239    1772   83353  1079819  12.82
2015-2019       78      0.02326  0.02300  0.50   82467    1896   81518   996467  12.08
2015-2019       79      0.02417  0.02388  0.50   80570    1924   79608   914948  11.36
2015-2019       80      0.03008  0.02963  0.50   78646    2331   77481   835340  10.62
2015-2019       81      0.03232  0.03181  0.50   76316    2428   75102   757859   9.93
2015-2019       82      0.03623  0.03559  0.50   73888    2629   72573   682757   9.24
2015-2019       83      0.04582  0.04480  0.50   71259    3192   69662   610184   8.56
2015-2019       84      0.05370  0.05229  0.50   68066    3559   66287   540522   7.94
2015-2019       85      0.06367  0.06171  0.50   64507    3981   62517   474235   7.35
2015-2019       86      0.07323  0.07065  0.50   60526    4276   58388   411718   6.80
2015-2019       87      0.08553  0.08202  0.50   56250    4614   53943   353330   6.28
2015-2019       88      0.09245  0.08836  0.50   51636    4563   49355   299386   5.80
2015-2019       89      0.11011  0.10437  0.50   47074    4913   44617   250031   5.31
2015-2019       90      0.11752  0.11100  0.50   42161    4680   39821   205414   4.87
2015-2019       91      0.14803  0.13783  0.50   37481    5166   34898   165593   4.42
2015-2019       92      0.17552  0.16136  0.50   32315    5214   29708   130695   4.04
2015-2019       93      0.20019  0.18197  0.50   27101    4932   24635   100987   3.73
2015-2019       94      0.21659  0.19542  0.50   22169    4332   20003    76352   3.44
2015-2019       95      0.24494  0.21822  0.50   17837    3892   15891    56349   3.16
2015-2019       96      0.27570  0.24230  0.50   13945    3379   12255    40459   2.90
2015-2019       97      0.30874  0.26745  0.50   10566    2826    9153    28203   2.67
2015-2019       98      0.34386  0.29341  0.50    7740    2271    6604    19051   2.46
2015-2019       99      0.38078  0.31988  0.50    5469    1749    4594    12446   2.28
2015-2019      100      0.41913  0.34651  0.50    3720    1289    3075     7852   2.11
2015-2019      101      0.45848  0.37298  0.50    2431     907    1977     4777   1.97
2015-2019      102      0.49835  0.39894  0.50    1524     608    1220     2799   1.84
2015-2019      103      0.53825  0.42411  0.50     916     389     722     1579   1.72
2015-2019      104      0.57766  0.44820  0.50     528     236     409      858   1.63
2015-2019      105      0.61611  0.47101  0.50     291     137     223      448   1.54
2015-2019      106      0.65315  0.49236  0.50     154      76     116      226   1.47
2015-2019      107      0.68844  0.51215  0.50      78      40      58      110   1.40
2015-2019      108      0.72166  0.53031  0.50      38      20      28       51   1.35
2015-2019      109      0.75261  0.54683  0.50      18      10      13       23   1.31
2015-2019      110+     0.78117  1.00000  1.28       8       8      10       10   1.28
