ACT, Life tables (period 5x5), Males	Last modified: 23 May 2023;  Methods Protocol: v6 (2017)

  Year          Age         mx       qx    ax      lx      dx      Lx       Tx     ex
1971-1974        0      0.01962  0.01928  0.11  100000    1928   98284  7040347  70.40
1971-1974      1-4      0.00101  0.00404  1.73   98072     396  391388  6942063  70.79
1971-1974      5-9      0.00043  0.00214  1.77   97675     209  487701  6550676  67.07
1971-1974     10-14     0.00100  0.00498  2.59   97466     485  486163  6062975  62.21
1971-1974     15-19     0.00192  0.00957  2.77   96981     928  482830  5576812  57.50
1971-1974     20-24     0.00160  0.00797  2.34   96053     766  478227  5093982  53.03
1971-1974     25-29     0.00094  0.00469  2.78   95287     447  475444  4615755  48.44
1971-1974     30-34     0.00123  0.00614  2.65   94840     583  472828  4140311  43.66
1971-1974     35-39     0.00189  0.00940  2.36   94257     886  468946  3667482  38.91
1971-1974     40-44     0.00274  0.01361  2.72   93371    1271  463953  3198536  34.26
1971-1974     45-49     0.00451  0.02231  2.59   92100    2054  455546  2734583  29.69
1971-1974     50-54     0.00659  0.03248  2.85   90046    2925  443955  2279036  25.31
1971-1974     55-59     0.01313  0.06375  2.74   87121    5554  423032  1835082  21.06
1971-1974     60-64     0.02230  0.10606  2.70   81568    8651  387974  1412049  17.31
1971-1974     65-69     0.03256  0.14972  2.32   72916   10917  335338  1024076  14.04
1971-1974     70-74     0.06238  0.27315  2.73   61999   16935  271471   688738  11.11
1971-1974     75-79     0.08441  0.35259  2.67   45064   15889  188230   417267   9.26
1971-1974     80-84     0.07619  0.32238  2.62   29175    9405  123452   229037   7.85
1971-1974     85-89     0.14392  0.52669  2.45   19769   10412   72346   105585   5.34
1971-1974     90-94     0.25263  0.73919  2.19    9357    6917   27379    33239   3.55
1971-1974     95-99     0.40219  0.88773  1.85    2440    2166    5387     5860   2.40
1971-1974    100-104    0.57299  0.95724  1.52     274     262     458      474   1.73
1971-1974    105-109    0.73048  0.98218  1.28      12      12      16       16   1.37
1971-1974    110+       0.83603  1.00000  1.20       0       0       0        0   1.20
1975-1979        0      0.01477  0.01458  0.12  100000    1458   98716  7187033  71.87
1975-1979      1-4      0.00066  0.00262  1.73   98542     258  393581  7088316  71.93
1975-1979      5-9      0.00051  0.00254  2.70   98284     250  490845  6694735  68.12
1975-1979     10-14     0.00054  0.00267  3.16   98034     262  489687  6203891  63.28
1975-1979     15-19     0.00136  0.00676  3.03   97772     661  487559  5714204  58.44
1975-1979     20-24     0.00171  0.00850  2.39   97111     825  483403  5226645  53.82
1975-1979     25-29     0.00110  0.00548  2.28   96285     528  479992  4743242  49.26
1975-1979     30-34     0.00126  0.00629  2.37   95758     602  477208  4263250  44.52
1975-1979     35-39     0.00158  0.00787  2.66   95156     749  474029  3786042  39.79
1975-1979     40-44     0.00231  0.01149  2.67   94407    1085  469512  3312013  35.08
1975-1979     45-49     0.00416  0.02064  2.90   93322    1927  462556  2842501  30.46
1975-1979     50-54     0.00690  0.03393  2.68   91395    3101  449786  2379946  26.04
1975-1979     55-59     0.01181  0.05737  2.55   88294    5065  429044  1930159  21.86
1975-1979     60-64     0.02104  0.10052  2.79   83228    8366  397668  1501115  18.04
1975-1979     65-69     0.03214  0.14924  2.61   74862   11172  347595  1103447  14.74
1975-1979     70-74     0.04523  0.20373  2.57   63690   12975  286861   755852  11.87
1975-1979     75-79     0.08703  0.35439  2.38   50714   17973  206519   468991   9.25
1975-1979     80-84     0.09213  0.37303  2.45   32742   12214  132575   262472   8.02
1975-1979     85-89     0.12822  0.47952  2.37   20528    9844   76771   129898   6.33
1975-1979     90-94     0.17547  0.59310  2.27   10684    6337   36115    53126   4.97
1975-1979     95-99     0.23509  0.70287  2.14    4347    3056   12998    17012   3.91
1975-1979    100-104    0.30707  0.79771  1.99    1292    1030    3356     4013   3.11
1975-1979    105-109    0.38962  0.87055  1.82     261     227     584      658   2.52
1975-1979    110+       0.45837  1.00000  2.18      34      34      74       74   2.18
1980-1984        0      0.01015  0.01006  0.13  100000    1006   99124  7324576  73.25
1980-1984      1-4      0.00080  0.00319  1.57   98994     315  395210  7225452  72.99
1980-1984      5-9      0.00052  0.00262  2.33   98678     258  492703  6830243  69.22
1980-1984     10-14     0.00036  0.00178  2.32   98420     176  491632  6337540  64.39
1980-1984     15-19     0.00109  0.00542  2.70   98245     533  490000  5845908  59.50
1980-1984     20-24     0.00149  0.00741  2.05   97712     724  486426  5355907  54.81
1980-1984     25-29     0.00132  0.00659  2.61   96988     639  483408  4869481  50.21
1980-1984     30-34     0.00094  0.00469  2.84   96348     451  480766  4386073  45.52
1980-1984     35-39     0.00117  0.00582  2.66   95897     558  478180  3905307  40.72
1980-1984     40-44     0.00192  0.00953  2.58   95339     909  474492  3427127  35.95
1980-1984     45-49     0.00314  0.01558  2.51   94430    1471  468491  2952635  31.27
1980-1984     50-54     0.00606  0.02995  2.93   92959    2784  459040  2484144  26.72
1980-1984     55-59     0.00887  0.04346  2.67   90175    3919  441759  2025104  22.46
1980-1984     60-64     0.01727  0.08300  2.68   86256    7159  414681  1583346  18.36
1980-1984     65-69     0.03156  0.14676  2.61   79096   11608  367771  1168665  14.78
1980-1984     70-74     0.04773  0.21490  2.69   67488   14503  303885   800894  11.87
1980-1984     75-79     0.07747  0.32922  2.72   52985   17444  225160   497009   9.38
1980-1984     80-84     0.09368  0.37883  2.48   35541   13464  143730   271849   7.65
1980-1984     85-89     0.13940  0.51024  2.37   22077   11265   80810   128119   5.80
1980-1984     90-94     0.20192  0.64789  2.24   10813    7005   34694    47309   4.38
1980-1984     95-99     0.28260  0.77162  2.06    3807    2938   10396    12615   3.31
1980-1984    100-104    0.37965  0.86543  1.86     869     752    1982     2219   2.55
1980-1984    105-109    0.48736  0.92568  1.65     117     108     222      237   2.03
1980-1984    110+       0.57654  1.00000  1.73       9       9      15       15   1.73
1985-1989        0      0.00913  0.00906  0.13  100000     906   99213  7488060  74.88
1985-1989      1-4      0.00072  0.00286  1.64   99094     284  395709  7388847  74.56
1985-1989      5-9      0.00034  0.00170  2.60   98811     168  493653  6993139  70.77
1985-1989     10-14     0.00053  0.00265  2.72   98643     262  492620  6499486  65.89
1985-1989     15-19     0.00107  0.00534  2.93   98381     525  490823  6006866  61.06
1985-1989     20-24     0.00138  0.00687  2.33   97856     672  487488  5516044  56.37
1985-1989     25-29     0.00124  0.00617  2.40   97184     600  484364  5028556  51.74
1985-1989     30-34     0.00093  0.00464  3.03   96585     448  482042  4544192  47.05
1985-1989     35-39     0.00136  0.00679  2.79   96137     652  479242  4062150  42.25
1985-1989     40-44     0.00118  0.00591  2.87   95484     564  476221  3582908  37.52
1985-1989     45-49     0.00217  0.01080  2.38   94920    1025  471916  3106686  32.73
1985-1989     50-54     0.00457  0.02259  2.54   93895    2121  464260  2634770  28.06
1985-1989     55-59     0.00839  0.04119  2.84   91774    3780  450714  2170510  23.65
1985-1989     60-64     0.01505  0.07261  2.57   87994    6389  424462  1719796  19.54
1985-1989     65-69     0.02317  0.10972  2.59   81605    8953  386472  1295334  15.87
1985-1989     70-74     0.03937  0.18007  2.63   72651   13082  332309   908863  12.51
1985-1989     75-79     0.06761  0.28857  2.46   59569   17190  254268   576554   9.68
1985-1989     80-84     0.09258  0.37564  2.49   42379   15919  171956   322286   7.60
1985-1989     85-89     0.14176  0.51687  2.38   26460   13676   96473   150329   5.68
1985-1989     90-94     0.21032  0.66416  2.23   12784    8490   40368    53857   4.21
1985-1989     95-99     0.29962  0.79269  2.03    4293    3403   11359    13489   3.14
1985-1989    100-104    0.40673  0.88484  1.81     890     788    1936     2130   2.39
1985-1989    105-109    0.52365  0.93977  1.59     102      96     184      194   1.89
1985-1989    110+       0.61934  1.00000  1.61       6       6      10       10   1.61
1990-1994        0      0.00835  0.00829  0.13  100000     829   99281  7624195  76.24
1990-1994      1-4      0.00048  0.00191  1.18   99171     189  396150  7524914  75.88
1990-1994      5-9      0.00055  0.00277  2.00   98982     274  494085  7128765  72.02
1990-1994     10-14     0.00036  0.00179  2.20   98707     177  493044  6634680  67.22
1990-1994     15-19     0.00071  0.00355  2.75   98531     350  491867  6141636  62.33
1990-1994     20-24     0.00092  0.00457  2.57   98181     449  489818  5649769  57.54
1990-1994     25-29     0.00084  0.00419  2.55   97732     410  487657  5159952  52.80
1990-1994     30-34     0.00109  0.00545  2.60   97323     530  485345  4672294  48.01
1990-1994     35-39     0.00116  0.00577  2.65   96793     558  482651  4186950  43.26
1990-1994     40-44     0.00148  0.00736  2.96   96234     708  479730  3704299  38.49
1990-1994     45-49     0.00246  0.01224  2.83   95526    1170  475095  3224568  33.76
1990-1994     50-54     0.00376  0.01866  2.88   94357    1761  468057  2749473  29.14
1990-1994     55-59     0.00640  0.03157  2.83   92596    2923  456622  2281416  24.64
1990-1994     60-64     0.01318  0.06405  2.79   89673    5743  435666  1824793  20.35
1990-1994     65-69     0.02228  0.10608  2.75   83930    8903  399622  1389128  16.55
1990-1994     70-74     0.03205  0.14917  2.68   75027   11192  349200   989506  13.19
1990-1994     75-79     0.05750  0.25261  2.60   63835   16125  280438   640306  10.03
1990-1994     80-84     0.09530  0.38409  2.48   47710   18325  192281   359868   7.54
1990-1994     85-89     0.14242  0.51805  2.37   29385   15223  106885   167587   5.70
1990-1994     90-94     0.20693  0.65731  2.23   14162    9309   44987    60702   4.29
1990-1994     95-99     0.29006  0.78084  2.04    4853    3790   13065    15715   3.24
1990-1994    100-104    0.38967  0.87278  1.84    1064     928    2382     2650   2.49
1990-1994    105-109    0.49943  0.93060  1.63     135     126     252      268   1.98
1990-1994    110+       0.58998  1.00000  1.69       9       9      16       16   1.69
1995-1999        0      0.00415  0.00413  0.14  100000     413   99645  7784369  77.84
1995-1999      1-4      0.00074  0.00296  1.85   99587     295  397712  7684724  77.17
1995-1999      5-9      0.00028  0.00138  2.12   99291     137  496062  7287013  73.39
1995-1999     10-14     0.00045  0.00224  2.79   99154     222  495281  6790951  68.49
1995-1999     15-19     0.00079  0.00395  3.08   98932     390  493909  6295670  63.64
1995-1999     20-24     0.00074  0.00371  2.28   98541     365  491712  5801762  58.88
1995-1999     25-29     0.00138  0.00690  2.48   98176     677  489175  5310049  54.09
1995-1999     30-34     0.00103  0.00516  2.47   97499     503  486222  4820875  49.45
1995-1999     35-39     0.00144  0.00715  2.62   96996     694  483332  4334653  44.69
1995-1999     40-44     0.00135  0.00673  2.63   96302     648  479977  3851321  39.99
1995-1999     45-49     0.00180  0.00897  2.44   95654     858  476076  3371343  35.25
1995-1999     50-54     0.00268  0.01333  2.61   94797    1263  470963  2895268  30.54
1995-1999     55-59     0.00618  0.03042  2.46   93533    2845  460435  2424305  25.92
1995-1999     60-64     0.00877  0.04298  2.63   90688    3897  444214  1963870  21.66
1995-1999     65-69     0.01609  0.07754  2.67   86790    6730  418242  1519655  17.51
1995-1999     70-74     0.03066  0.14329  2.72   80061   11472  374185  1101414  13.76
1995-1999     75-79     0.04621  0.20755  2.55   68589   14236  308076   727229  10.60
1995-1999     80-84     0.08463  0.35049  2.55   54353   19050  225094   419153   7.71
1995-1999     85-89     0.14306  0.52220  2.41   35303   18435  128859   194059   5.50
1995-1999     90-94     0.23026  0.70125  2.21   16868   11829   51371    65201   3.87
1995-1999     95-99     0.34744  0.84347  1.95    5039    4250   12234    13830   2.74
1995-1999    100-104    0.48613  0.92792  1.67     789     732    1506     1596   2.02
1995-1999    105-109    0.62808  0.96742  1.42      57      55      88       90   1.58
1995-1999    110+       0.73647  1.00000  1.36       2       2       3        3   1.36
2000-2004        0      0.00545  0.00543  0.14  100000     543   99532  7946389  79.46
2000-2004      1-4      0.00048  0.00191  1.39   99457     190  397334  7846856  78.90
2000-2004      5-9      0.00024  0.00119  1.48   99267     119  495919  7449522  75.05
2000-2004     10-14     0.00021  0.00104  2.83   99149     103  495520  6953603  70.13
2000-2004     15-19     0.00041  0.00202  3.50   99046     201  494927  6458083  65.20
2000-2004     20-24     0.00073  0.00367  2.92   98845     362  493473  5963156  60.33
2000-2004     25-29     0.00095  0.00473  2.79   98483     466  491386  5469683  55.54
2000-2004     30-34     0.00101  0.00502  2.60   98017     492  488903  4978297  50.79
2000-2004     35-39     0.00095  0.00473  2.80   97524     461  486609  4489394  46.03
2000-2004     40-44     0.00157  0.00782  2.62   97063     759  483509  4002785  41.24
2000-2004     45-49     0.00146  0.00728  2.63   96304     701  479858  3519276  36.54
2000-2004     50-54     0.00276  0.01371  2.88   95603    1310  475233  3039418  31.79
2000-2004     55-59     0.00439  0.02174  2.57   94293    2050  466474  2564185  27.19
2000-2004     60-64     0.00715  0.03513  2.63   92243    3241  453533  2097710  22.74
2000-2004     65-69     0.01407  0.06801  2.56   89002    6053  430255  1644177  18.47
2000-2004     70-74     0.02436  0.11499  2.57   82949    9538  391533  1213923  14.63
2000-2004     75-79     0.04050  0.18467  2.62   73411   13557  334746   822390  11.20
2000-2004     80-84     0.07593  0.32168  2.63   59854   19254  253563   487644   8.15
2000-2004     85-89     0.13224  0.49442  2.45   40600   20073  151798   234081   5.77
2000-2004     90-94     0.21894  0.68298  2.25   20527   14019   64032    82282   4.01
2000-2004     95-99     0.33843  0.83617  1.98    6507    5441   16078    18250   2.80
2000-2004    100-104    0.48222  0.92683  1.68    1066     988    2049     2172   2.04
2000-2004    105-109    0.63021  0.96805  1.42      78      76     120      123   1.58
2000-2004    110+       0.74274  1.00000  1.35       2       2       3        3   1.35
2005-2009        0      0.00503  0.00501  0.14  100000     501   99569  8028845  80.29
2005-2009      1-4      0.00047  0.00188  2.10   99499     187  397641  7929276  79.69
2005-2009      5-9      0.00012  0.00057  2.50   99312      57  496418  7531634  75.84
2005-2009     10-14     0.00018  0.00091  2.77   99255      91  496073  7035216  70.88
2005-2009     15-19     0.00070  0.00347  2.95   99165     344  495118  6539143  65.94
2005-2009     20-24     0.00078  0.00391  2.40   98820     386  493098  6044025  61.16
2005-2009     25-29     0.00081  0.00405  2.53   98434     398  491184  5550927  56.39
2005-2009     30-34     0.00098  0.00490  2.62   98035     480  489036  5059743  51.61
2005-2009     35-39     0.00089  0.00445  2.59   97555     434  486731  4570707  46.85
2005-2009     40-44     0.00157  0.00781  2.48   97121     758  483693  4083976  42.05
2005-2009     45-49     0.00180  0.00894  2.65   96363     861  479790  3600282  37.36
2005-2009     50-54     0.00269  0.01335  2.60   95501    1275  474446  3120492  32.67
2005-2009     55-59     0.00407  0.02015  2.81   94226    1898  466967  2646047  28.08
2005-2009     60-64     0.00722  0.03545  2.49   92328    3273  453437  2179079  23.60
2005-2009     65-69     0.01192  0.05808  2.78   89055    5172  433789  1725642  19.38
2005-2009     70-74     0.01801  0.08663  2.80   83883    7266  403418  1291853  15.40
2005-2009     75-79     0.03983  0.18222  2.67   76616   13961  350492   888434  11.60
2005-2009     80-84     0.06753  0.29139  2.65   62655   18257  270340   537942   8.59
2005-2009     85-89     0.12272  0.46661  2.43   44398   20716  168817   267602   6.03
2005-2009     90-94     0.20694  0.66228  2.28   23681   15684   75788    98785   4.17
2005-2009     95-99     0.32829  0.82742  2.00    7998    6617   20157    22997   2.88
2005-2009    100-104    0.47708  0.92523  1.69    1380    1277    2677     2839   2.06
2005-2009    105-109    0.63138  0.96852  1.42     103     100     158      163   1.58
2005-2009    110+       0.74827  1.00000  1.34       3       3       4        4   1.34
2010-2014        0      0.00334  0.00333  0.14  100000     333   99715  8154690  81.55
2010-2014      1-4      0.00026  0.00104  0.94   99667     104  398350  8054976  80.82
2010-2014      5-9      0.00009  0.00043  2.77   99563      42  497721  7656625  76.90
2010-2014     10-14     0.00017  0.00083  4.05   99521      82  497525  7158904  71.93
2010-2014     15-19     0.00058  0.00288  2.49   99438     286  496473  6661379  66.99
2010-2014     20-24     0.00058  0.00288  2.34   99152     286  495000  6164906  62.18
2010-2014     25-29     0.00080  0.00400  2.54   98866     395  493360  5669906  57.35
2010-2014     30-34     0.00068  0.00339  2.14   98471     333  491403  5176545  52.57
2010-2014     35-39     0.00102  0.00509  2.67   98138     500  489526  4685142  47.74
2010-2014     40-44     0.00112  0.00558  2.64   97638     545  486904  4195616  42.97
2010-2014     45-49     0.00150  0.00747  2.97   97094     726  483993  3708712  38.20
2010-2014     50-54     0.00271  0.01346  2.66   96368    1297  478809  3224719  33.46
2010-2014     55-59     0.00434  0.02150  2.73   95071    2044  470707  2745910  28.88
2010-2014     60-64     0.00658  0.03240  2.64   93027    3014  458019  2275203  24.46
2010-2014     65-69     0.00968  0.04736  2.70   90013    4263  440262  1817184  20.19
2010-2014     70-74     0.01770  0.08501  2.70   85750    7290  411971  1376922  16.06
2010-2014     75-79     0.03286  0.15258  2.66   78460   11971  364281   964951  12.30
2010-2014     80-84     0.05668  0.25043  2.68   66488   16650  293771   600670   9.03
2010-2014     85-89     0.11360  0.44403  2.54   49838   22129  194797   306899   6.16
2010-2014     90-94     0.21210  0.67460  2.30   27709   18692   88130   112102   4.05
2010-2014     95-99     0.35781  0.85675  1.96    9016    7725   21589    23972   2.66
2010-2014    100-104    0.53513  0.94771  1.59    1292    1224    2287     2383   1.84
2010-2014    105-109    0.70672  0.97991  1.31      68      66      94       95   1.41
2010-2014    110+       0.82404  1.00000  1.21       1       1       2        2   1.21
2015-2019        0      0.00325  0.00324  0.14  100000     324   99722  8204968  82.05
2015-2019      1-4      0.00038  0.00151  1.85   99676     150  398379  8105246  81.32
2015-2019      5-9      0.00016  0.00079  2.71   99525      78  497446  7706867  77.44
2015-2019     10-14     0.00028  0.00138  2.28   99447     138  496860  7209421  72.50
2015-2019     15-19     0.00058  0.00289  2.20   99309     287  495743  6712561  67.59
2015-2019     20-24     0.00078  0.00388  2.66   99022     384  494212  6216818  62.78
2015-2019     25-29     0.00058  0.00289  2.67   98638     285  492528  5722606  58.02
2015-2019     30-34     0.00062  0.00310  2.61   98354     305  491039  5230078  53.18
2015-2019     35-39     0.00088  0.00439  2.73   98048     431  489265  4739039  48.33
2015-2019     40-44     0.00125  0.00621  2.65   97618     606  486662  4249774  43.53
2015-2019     45-49     0.00155  0.00771  2.69   97011     748  483326  3763112  38.79
2015-2019     50-54     0.00245  0.01217  3.00   96264    1172  478974  3279786  34.07
2015-2019     55-59     0.00453  0.02242  2.59   95092    2132  470315  2800812  29.45
2015-2019     60-64     0.00653  0.03214  2.55   92960    2988  457485  2330497  25.07
2015-2019     65-69     0.00901  0.04409  2.64   89972    3967  440507  1873012  20.82
2015-2019     70-74     0.01532  0.07399  2.69   86005    6363  415309  1432504  16.66
2015-2019     75-79     0.03243  0.15082  2.69   79642   12011  370416  1017196  12.77
2015-2019     80-84     0.05258  0.23372  2.63   67631   15807  300614   646779   9.56
2015-2019     85-89     0.10396  0.41300  2.51   51824   21403  205882   346166   6.68
2015-2019     90-94     0.17942  0.60807  2.35   30421   18498  103099   140284   4.61
2015-2019     95-99     0.29762  0.79610  2.08   11923    9492   31893    37185   3.12
2015-2019    100-104    0.44855  0.91286  1.75    2431    2219    4947     5292   2.18
2015-2019    105-109    0.61075  0.96499  1.46     212     204     335      345   1.63
2015-2019    110+       0.73583  1.00000  1.36       7       7      10       10   1.36
