ACT, Death rates (period 1x10), 	Last modified: 02 Jul 2018;  Methods Protocol: v6 (2017)

  Year          Age             Female            Male           Total
1971-1979        0             0.012061        0.016883        0.014535
1971-1979        1             0.001184        0.001324        0.001256
1971-1979        2             0.001111        0.000552        0.000825
1971-1979        3             0.000578        0.000651        0.000615
1971-1979        4             0.000263        0.000701        0.000487
1971-1979        5             0.000265        0.000452        0.000361
1971-1979        6             0.000537        0.000407        0.000470
1971-1979        7             0.000164        0.000778        0.000479
1971-1979        8             0.000448        0.000478        0.000463
1971-1979        9             0.000346        0.000273        0.000309
1971-1979       10             0.000235        0.000449        0.000345
1971-1979       11             0.000899        0.000746        0.000821
1971-1979       12             0.000304        0.000764        0.000538
1971-1979       13             0.000684        0.000476        0.000578
1971-1979       14             0.000190        0.001209        0.000712
1971-1979       15             0.000641        0.000610        0.000626
1971-1979       16             0.000706        0.001787        0.001257
1971-1979       17             0.001088        0.001108        0.001098
1971-1979       18             0.000439        0.002465        0.001461
1971-1979       19             0.000914        0.001884        0.001399
1971-1979       20             0.001005        0.001809        0.001403
1971-1979       21             0.000809        0.001801        0.001295
1971-1979       22             0.001249        0.001657        0.001448
1971-1979       23             0.000668        0.001739        0.001193
1971-1979       24             0.000437        0.001304        0.000863
1971-1979       25             0.000425        0.001042        0.000729
1971-1979       26             0.001056        0.000910        0.000983
1971-1979       27             0.000742        0.001271        0.001007
1971-1979       28             0.000594        0.000996        0.000798
1971-1979       29             0.000948        0.000903        0.000925
1971-1979       30             0.001281        0.001358        0.001321
1971-1979       31             0.000792        0.001422        0.001118
1971-1979       32             0.000581        0.001373        0.000993
1971-1979       33             0.000754        0.000256        0.000497
1971-1979       34             0.001384        0.001854        0.001626
1971-1979       35             0.001219        0.001596        0.001412
1971-1979       36             0.000479        0.001748        0.001129
1971-1979       37             0.001257        0.001505        0.001384
1971-1979       38             0.002101        0.001987        0.002042
1971-1979       39             0.001926        0.001642        0.001780
1971-1979       40             0.001350        0.001976        0.001674
1971-1979       41             0.002312        0.001750        0.002019
1971-1979       42             0.001476        0.002959        0.002254
1971-1979       43             0.001871        0.003342        0.002648
1971-1979       44             0.002714        0.002408        0.002552
1971-1979       45             0.002282        0.003189        0.002759
1971-1979       46             0.002403        0.003345        0.002895
1971-1979       47             0.002083        0.005076        0.003646
1971-1979       48             0.002102        0.004399        0.003299
1971-1979       49             0.002374        0.005557        0.004033
1971-1979       50             0.003420        0.005277        0.004387
1971-1979       51             0.003539        0.006015        0.004831
1971-1979       52             0.003875        0.006553        0.005278
1971-1979       53             0.002261        0.006716        0.004588
1971-1979       54             0.004258        0.009297        0.006892
1971-1979       55             0.004093        0.010836        0.007605
1971-1979       56             0.006517        0.011499        0.009095
1971-1979       57             0.004426        0.012437        0.008562
1971-1979       58             0.006244        0.011427        0.008906
1971-1979       59             0.006579        0.015422        0.011096
1971-1979       60             0.011107        0.016487        0.013821
1971-1979       61             0.008135        0.019771        0.013937
1971-1979       62             0.010952        0.016489        0.013703
1971-1979       63             0.011412        0.025743        0.018461
1971-1979       64             0.013919        0.029766        0.021667
1971-1979       65             0.012274        0.029315        0.020497
1971-1979       66             0.010609        0.032413        0.021008
1971-1979       67             0.015333        0.033374        0.023910
1971-1979       68             0.014264        0.030559        0.021869
1971-1979       69             0.022510        0.036057        0.028734
1971-1979       70             0.025899        0.043836        0.033955
1971-1979       71             0.029407        0.034538        0.031667
1971-1979       72             0.024902        0.058307        0.039135
1971-1979       73             0.035355        0.062068        0.046577
1971-1979       74             0.049115        0.060422        0.053718
1971-1979       75             0.043201        0.085821        0.060004
1971-1979       76             0.044199        0.069130        0.053594
1971-1979       77             0.055256        0.068607        0.059988
1971-1979       78             0.048570        0.118182        0.071837
1971-1979       79             0.055207        0.094731        0.067809
1971-1979       80             0.053692        0.081629        0.062810
1971-1979       81             0.055295        0.077102        0.062302
1971-1979       82             0.070710        0.087511        0.076030
1971-1979       83             0.076020        0.113277        0.087602
1971-1979       84             0.093701        0.105317        0.097276
1971-1979       85             0.096605        0.113193        0.101753
1971-1979       86             0.089552        0.128613        0.101837
1971-1979       87             0.158288        0.111021        0.142906
1971-1979       88             0.108263        0.128143        0.115031
1971-1979       89             0.136541        0.089602        0.120173
1971-1979       90             0.108027        0.133282        0.116884
1971-1979       91             0.188345        0.176151        0.184097
1971-1979       92             0.170695        0.275704        0.205478
1971-1979       93             0.174062        0.163014        0.170593
1971-1979       94             0.195718        0.358537        0.246607
1971-1979       95             0.196632        0.343140        0.238246
1971-1979       96             0.207433        0.579151        0.290221
1971-1979       97             0.294956        0.135563        0.266473
1971-1979       98             0.383264        0.584416        0.422968
1971-1979       99             0.241741        1.226158        0.403859
1971-1979      100             0.900441        1.685393        0.963464
1971-1979      101             1.076064              .        1.076064
1971-1979      102             2.628763              .        2.628763
1971-1979      103                   .              .              .
1971-1979      104                   .              .              .
1971-1979      105                   .              .              .
1971-1979      106                   .              .              .
1971-1979      107                   .              .              .
1971-1979      108                   .              .              .
1971-1979      109                   .              .              .
1971-1979      110+                  .              .              .
1980-1989        0             0.007668        0.009632        0.008667
1980-1989        1             0.001019        0.001276        0.001149
1980-1989        2             0.000383        0.000700        0.000544
1980-1989        3             0.000380        0.000507        0.000445
1980-1989        4             0.000569        0.000545        0.000557
1980-1989        5             0.000282        0.000538        0.000413
1980-1989        6             0.000648        0.000134        0.000385
1980-1989        7             0.000137        0.000751        0.000449
1980-1989        8             0.000494        0.000395        0.000444
1980-1989        9             0.000617        0.000345        0.000479
1980-1989       10             0.000132        0.000296        0.000215
1980-1989       11             0.000349        0.000462        0.000406
1980-1989       12             0.000349        0.000628        0.000491
1980-1989       13             0.000176        0.000506        0.000345
1980-1989       14             0.000311        0.000341        0.000327
1980-1989       15             0.000360        0.000559        0.000462
1980-1989       16             0.001033        0.000824        0.000927
1980-1989       17             0.001199        0.001483        0.001342
1980-1989       18             0.000605        0.001331        0.000968
1980-1989       19             0.000817        0.001196        0.001007
1980-1989       20             0.000827        0.001516        0.001173
1980-1989       21             0.000745        0.002017        0.001382
1980-1989       22             0.000966        0.001596        0.001279
1980-1989       23             0.000572        0.001118        0.000843
1980-1989       24             0.000221        0.000897        0.000557
1980-1989       25             0.000488        0.001382        0.000934
1980-1989       26             0.000660        0.001023        0.000841
1980-1989       27             0.000392        0.001377        0.000879
1980-1989       28             0.000944        0.001418        0.001177
1980-1989       29             0.000511        0.001189        0.000844
1980-1989       30             0.000762        0.000614        0.000689
1980-1989       31             0.001093        0.000782        0.000940
1980-1989       32             0.000335        0.000860        0.000594
1980-1989       33             0.000708        0.000768        0.000738
1980-1989       34             0.000417        0.001645        0.001027
1980-1989       35             0.001175        0.000976        0.001076
1980-1989       36             0.000813        0.001114        0.000963
1980-1989       37             0.001406        0.001312        0.001359
1980-1989       38             0.000773        0.001346        0.001061
1980-1989       39             0.000710        0.001633        0.001175
1980-1989       40             0.001536        0.001326        0.001431
1980-1989       41             0.001154        0.001084        0.001119
1980-1989       42             0.001448        0.001532        0.001490
1980-1989       43             0.000839        0.001633        0.001241
1980-1989       44             0.001746        0.001877        0.001812
1980-1989       45             0.001516        0.002721        0.002130
1980-1989       46             0.002429        0.002947        0.002694
1980-1989       47             0.001484        0.001991        0.001745
1980-1989       48             0.001826        0.002789        0.002325
1980-1989       49             0.002358        0.002520        0.002442
1980-1989       50             0.002485        0.003826        0.003183
1980-1989       51             0.001536        0.004109        0.002870
1980-1989       52             0.002893        0.005680        0.004334
1980-1989       53             0.003314        0.006865        0.005151
1980-1989       54             0.003226        0.006003        0.004665
1980-1989       55             0.003420        0.005554        0.004524
1980-1989       56             0.003382        0.008298        0.005927
1980-1989       57             0.006020        0.008125        0.007107
1980-1989       58             0.004840        0.011168        0.008076
1980-1989       59             0.005683        0.010079        0.007915
1980-1989       60             0.006459        0.013742        0.010123
1980-1989       61             0.006342        0.014650        0.010459
1980-1989       62             0.006823        0.016174        0.011386
1980-1989       63             0.006627        0.016758        0.011527
1980-1989       64             0.010484        0.018851        0.014491
1980-1989       65             0.011037        0.022942        0.016670
1980-1989       66             0.011881        0.023745        0.017431
1980-1989       67             0.012991        0.026870        0.019401
1980-1989       68             0.017752        0.029108        0.022930
1980-1989       69             0.018159        0.031568        0.024176
1980-1989       70             0.018789        0.032610        0.024883
1980-1989       71             0.024569        0.035067        0.029111
1980-1989       72             0.025400        0.050455        0.036078
1980-1989       73             0.024185        0.045001        0.032916
1980-1989       74             0.030990        0.053482        0.040201
1980-1989       75             0.035239        0.058829        0.044793
1980-1989       76             0.042795        0.064101        0.051285
1980-1989       77             0.035222        0.073652        0.050013
1980-1989       78             0.048453        0.071404        0.057176
1980-1989       79             0.059930        0.095687        0.073292
1980-1989       80             0.049483        0.084491        0.061513
1980-1989       81             0.052539        0.085002        0.063338
1980-1989       82             0.071514        0.091285        0.077986
1980-1989       83             0.078099        0.115526        0.090194
1980-1989       84             0.091621        0.103936        0.095530
1980-1989       85             0.097178        0.116314        0.103125
1980-1989       86             0.118859        0.127735        0.121565
1980-1989       87             0.124132        0.190813        0.143908
1980-1989       88             0.149424        0.107555        0.137203
1980-1989       89             0.151559        0.154811        0.152529
1980-1989       90             0.149657        0.121705        0.141069
1980-1989       91             0.151230        0.171833        0.157708
1980-1989       92             0.196192        0.171783        0.188479
1980-1989       93             0.201684        0.269554        0.222618
1980-1989       94             0.186254        0.172435        0.182172
1980-1989       95             0.223143        0.356537        0.261054
1980-1989       96             0.226639        0.369494        0.264313
1980-1989       97             0.259004        0.508965        0.318898
1980-1989       98             0.487564        0.635070        0.517603
1980-1989       99             0.450599        0.151172        0.401100
1980-1989      100             0.528854        1.268499        0.612872
1980-1989      101             0.635754        0.000000        0.621116
1980-1989      102             1.294186              .        1.294186
1980-1989      103             1.864615              .        1.864615
1980-1989      104                   .              .              .
1980-1989      105                   .              .              .
1980-1989      106                   .              .              .
1980-1989      107                   .              .              .
1980-1989      108                   .              .              .
1980-1989      109                   .              .              .
1980-1989      110+                  .              .              .
1990-1999        0             0.005326        0.006312        0.005828
1990-1999        1             0.000415        0.000845        0.000634
1990-1999        2             0.000966        0.000753        0.000857
1990-1999        3             0.000275        0.000616        0.000449
1990-1999        4             0.000320        0.000218        0.000268
1990-1999        5             0.000182        0.000652        0.000423
1990-1999        6             0.000454        0.000434        0.000444
1990-1999        7             0.000271        0.000430        0.000352
1990-1999        8             0.000045        0.000345        0.000198
1990-1999        9             0.000360        0.000217        0.000287
1990-1999       10             0.000224        0.000606        0.000419
1990-1999       11             0.000090        0.000174        0.000132
1990-1999       12             0.000313        0.000302        0.000307
1990-1999       13             0.000000        0.000427        0.000218
1990-1999       14             0.000088        0.000509        0.000303
1990-1999       15             0.000307        0.000506        0.000408
1990-1999       16             0.000130        0.000496        0.000317
1990-1999       17             0.000545        0.000637        0.000592
1990-1999       18             0.000575        0.001139        0.000863
1990-1999       19             0.000779        0.000963        0.000873
1990-1999       20             0.000450        0.000709        0.000581
1990-1999       21             0.000524        0.000984        0.000758
1990-1999       22             0.000785        0.000977        0.000882
1990-1999       23             0.000516        0.000796        0.000657
1990-1999       24             0.000756        0.000675        0.000715
1990-1999       25             0.000649        0.000842        0.000746
1990-1999       26             0.000423        0.001401        0.000909
1990-1999       27             0.000578        0.001217        0.000895
1990-1999       28             0.000930        0.001188        0.001057
1990-1999       29             0.000625        0.000954        0.000788
1990-1999       30             0.000589        0.001119        0.000851
1990-1999       31             0.000785        0.001157        0.000970
1990-1999       32             0.000509        0.000878        0.000692
1990-1999       33             0.000702        0.000722        0.000712
1990-1999       34             0.000427        0.001443        0.000927
1990-1999       35             0.000892        0.001248        0.001067
1990-1999       36             0.000776        0.001004        0.000888
1990-1999       37             0.000932        0.001293        0.001109
1990-1999       38             0.000743        0.001509        0.001117
1990-1999       39             0.000864        0.001441        0.001146
1990-1999       40             0.000826        0.001033        0.000927
1990-1999       41             0.000710        0.001076        0.000888
1990-1999       42             0.000556        0.001369        0.000953
1990-1999       43             0.001032        0.001862        0.001438
1990-1999       44             0.001245        0.001739        0.001488
1990-1999       45             0.001444        0.001973        0.001706
1990-1999       46             0.001737        0.001843        0.001789
1990-1999       47             0.001539        0.001556        0.001547
1990-1999       48             0.001615        0.002872        0.002242
1990-1999       49             0.002045        0.002225        0.002135
1990-1999       50             0.001353        0.002955        0.002163
1990-1999       51             0.001613        0.002272        0.001947
1990-1999       52             0.002757        0.002647        0.002701
1990-1999       53             0.002404        0.003476        0.002952
1990-1999       54             0.002259        0.004400        0.003352
1990-1999       55             0.004106        0.005753        0.004947
1990-1999       56             0.003032        0.006267        0.004686
1990-1999       57             0.003521        0.005301        0.004431
1990-1999       58             0.003832        0.006114        0.004995
1990-1999       59             0.004631        0.008005        0.006346
1990-1999       60             0.004356        0.007208        0.005807
1990-1999       61             0.005755        0.010460        0.008140
1990-1999       62             0.006549        0.011454        0.009020
1990-1999       63             0.007818        0.012384        0.010100
1990-1999       64             0.008758        0.012918        0.010822
1990-1999       65             0.008095        0.014821        0.011404
1990-1999       66             0.011674        0.017041        0.014289
1990-1999       67             0.011512        0.017645        0.014476
1990-1999       68             0.011570        0.021659        0.016383
1990-1999       69             0.015477        0.024525        0.019729
1990-1999       70             0.015516        0.024020        0.019456
1990-1999       71             0.015240        0.025286        0.019824
1990-1999       72             0.019011        0.033674        0.025588
1990-1999       73             0.020172        0.033873        0.026242
1990-1999       74             0.022764        0.040917        0.030670
1990-1999       75             0.026709        0.042233        0.033364
1990-1999       76             0.025680        0.047753        0.034967
1990-1999       77             0.031437        0.052423        0.040129
1990-1999       78             0.030892        0.050126        0.038676
1990-1999       79             0.040288        0.063938        0.049602
1990-1999       80             0.038591        0.075640        0.052089
1990-1999       81             0.048237        0.076110        0.058169
1990-1999       82             0.052165        0.088557        0.064726
1990-1999       83             0.070530        0.110317        0.083732
1990-1999       84             0.072555        0.107308        0.083731
1990-1999       85             0.090241        0.124804        0.101127
1990-1999       86             0.097262        0.121128        0.104584
1990-1999       87             0.105444        0.158939        0.121415
1990-1999       88             0.110421        0.193730        0.133953
1990-1999       89             0.138590        0.177524        0.148964
1990-1999       90             0.170633        0.139615        0.162398
1990-1999       91             0.163865        0.181829        0.168802
1990-1999       92             0.180464        0.213393        0.189708
1990-1999       93             0.251778        0.247613        0.250596
1990-1999       94             0.192614        0.221782        0.200979
1990-1999       95             0.280867        0.181643        0.250835
1990-1999       96             0.285239        0.287465        0.285952
1990-1999       97             0.389610        0.557221        0.438830
1990-1999       98             0.334786        0.513171        0.377068
1990-1999       99             0.367169        0.495186        0.395020
1990-1999      100             0.677388        0.684995        0.679200
1990-1999      101             0.792843        0.900688        0.825258
1990-1999      102             1.023944        2.549273        1.347737
1990-1999      103             2.547564              .        2.547564
1990-1999      104                   .              .              .
1990-1999      105                   .              .              .
1990-1999      106                   .              .              .
1990-1999      107                   .              .              .
1990-1999      108                   .              .              .
1990-1999      109                   .              .              .
1990-1999      110+                  .              .              .
2000-2009        0             0.004075        0.005227        0.004668
2000-2009        1             0.000432        0.000637        0.000537
2000-2009        2             0.000671        0.000552        0.000610
2000-2009        3             0.000241        0.000278        0.000260
2000-2009        4             0.000241        0.000421        0.000333
2000-2009        5             0.000097        0.000375        0.000238
2000-2009        6             0.000242        0.000047        0.000143
2000-2009        7             0.000144        0.000373        0.000260
2000-2009        8             0.000000        0.000000        0.000000
2000-2009        9             0.000473        0.000092        0.000279
2000-2009       10             0.000188        0.000136        0.000161
2000-2009       11             0.000280        0.000135        0.000206
2000-2009       12             0.000139        0.000179        0.000159
2000-2009       13             0.000509        0.000354        0.000430
2000-2009       14             0.000091        0.000175        0.000134
2000-2009       15             0.000360        0.000129        0.000242
2000-2009       16             0.000352        0.000420        0.000387
2000-2009       17             0.000383        0.000686        0.000539
2000-2009       18             0.000431        0.000558        0.000496
2000-2009       19             0.000181        0.000963        0.000582
2000-2009       20             0.000175        0.000695        0.000442
2000-2009       21             0.000628        0.000560        0.000593
2000-2009       22             0.000140        0.000901        0.000530
2000-2009       23             0.000736        0.000775        0.000756
2000-2009       24             0.000457        0.000858        0.000660
2000-2009       25             0.000353        0.000842        0.000598
2000-2009       26             0.000788        0.000854        0.000821
2000-2009       27             0.000617        0.000654        0.000636
2000-2009       28             0.000295        0.000813        0.000553
2000-2009       29             0.000444        0.001231        0.000836
2000-2009       30             0.000636        0.000894        0.000765
2000-2009       31             0.000790        0.000715        0.000752
2000-2009       32             0.000755        0.001292        0.001023
2000-2009       33             0.000531        0.001069        0.000799
2000-2009       34             0.000606        0.001001        0.000802
2000-2009       35             0.000642        0.000543        0.000593
2000-2009       36             0.000608        0.001090        0.000846
2000-2009       37             0.000920        0.001060        0.000989
2000-2009       38             0.000890        0.000710        0.000801
2000-2009       39             0.000546        0.001197        0.000868
2000-2009       40             0.000665        0.001616        0.001132
2000-2009       41             0.000899        0.001341        0.001115
2000-2009       42             0.000665        0.001553        0.001100
2000-2009       43             0.000820        0.001685        0.001241
2000-2009       44             0.001443        0.001652        0.001544
2000-2009       45             0.000664        0.001580        0.001108
2000-2009       46             0.001297        0.001052        0.001179
2000-2009       47             0.000635        0.001526        0.001066
2000-2009       48             0.001805        0.002614        0.002196
2000-2009       49             0.001461        0.001391        0.001427
2000-2009       50             0.001152        0.002417        0.001763
2000-2009       51             0.001836        0.002356        0.002088
2000-2009       52             0.001400        0.001929        0.001657
2000-2009       53             0.001940        0.003297        0.002603
2000-2009       54             0.002394        0.003634        0.003003
2000-2009       55             0.001994        0.003052        0.002516
2000-2009       56             0.002959        0.004339        0.003639
2000-2009       57             0.002761        0.003979        0.003363
2000-2009       58             0.003041        0.005073        0.004049
2000-2009       59             0.002950        0.004743        0.003841
2000-2009       60             0.003646        0.006753        0.005190
2000-2009       61             0.005282        0.006752        0.006013
2000-2009       62             0.004512        0.007465        0.005975
2000-2009       63             0.006117        0.007351        0.006727
2000-2009       64             0.005286        0.007655        0.006453
2000-2009       65             0.005807        0.010621        0.008166
2000-2009       66             0.006566        0.010465        0.008475
2000-2009       67             0.006473        0.014095        0.010193
2000-2009       68             0.010161        0.014209        0.012118
2000-2009       69             0.009174        0.015157        0.012062
2000-2009       70             0.008923        0.016999        0.012808
2000-2009       71             0.011445        0.017729        0.014451
2000-2009       72             0.014753        0.021610        0.018016
2000-2009       73             0.015165        0.023680        0.019179
2000-2009       74             0.019735        0.025471        0.022402
2000-2009       75             0.019288        0.031152        0.024750
2000-2009       76             0.022049        0.036869        0.028802
2000-2009       77             0.027610        0.039877        0.033130
2000-2009       78             0.026971        0.045283        0.035056
2000-2009       79             0.028176        0.049443        0.037342
2000-2009       80             0.038684        0.055461        0.045594
2000-2009       81             0.046228        0.060236        0.051867
2000-2009       82             0.045646        0.069407        0.055002
2000-2009       83             0.059701        0.084806        0.069346
2000-2009       84             0.063470        0.094766        0.075021
2000-2009       85             0.076948        0.109267        0.088334
2000-2009       86             0.086593        0.120810        0.098378
2000-2009       87             0.092191        0.125137        0.103173
2000-2009       88             0.105458        0.141183        0.116791
2000-2009       89             0.125548        0.175418        0.140527
2000-2009       90             0.141781        0.190315        0.155649
2000-2009       91             0.156302        0.205142        0.169636
2000-2009       92             0.192096        0.202470        0.194814
2000-2009       93             0.199362        0.245291        0.210927
2000-2009       94             0.204066        0.217960        0.207446
2000-2009       95             0.274635        0.242830        0.266846
2000-2009       96             0.350634        0.302129        0.338476
2000-2009       97             0.424565        0.238169        0.373053
2000-2009       98             0.415878        0.384721        0.406151
2000-2009       99             0.404845        0.905713        0.548072
2000-2009      100             0.574753        0.767230        0.612863
2000-2009      101             0.575298        0.840215        0.614257
2000-2009      102             0.713999        3.105882        0.804574
2000-2009      103             1.222122              .        1.222122
2000-2009      104             3.962264              .        3.962264
2000-2009      105                   .              .              .
2000-2009      106                   .              .              .
2000-2009      107                   .              .              .
2000-2009      108                   .              .              .
2000-2009      109                   .              .              .
2000-2009      110+                  .              .              .
2010-2016        0             0.002565        0.003510        0.003055
2010-2016        1             0.000443        0.000722        0.000588
2010-2016        2             0.000734        0.000000        0.000353
2010-2016        3             0.000172        0.000160        0.000165
2010-2016        4             0.000058        0.000000        0.000028
2010-2016        5             0.000000        0.000000        0.000000
2010-2016        6             0.000000        0.000169        0.000088
2010-2016        7             0.000188        0.000232        0.000211
2010-2016        8             0.000257        0.000180        0.000217
2010-2016        9             0.000460        0.000186        0.000319
2010-2016       10             0.000266        0.000000        0.000130
2010-2016       11             0.000000        0.000065        0.000033
2010-2016       12             0.000409        0.000000        0.000200
2010-2016       13             0.000548        0.000263        0.000402
2010-2016       14             0.000000        0.000328        0.000167
2010-2016       15             0.000663        0.000574        0.000617
2010-2016       16             0.000510        0.000793        0.000654
2010-2016       17             0.000780        0.000460        0.000617
2010-2016       18             0.000000        0.000524        0.000268
2010-2016       19             0.000149        0.000430        0.000292
2010-2016       20             0.000233        0.000581        0.000411
2010-2016       21             0.000134        0.000599        0.000371
2010-2016       22             0.000044        0.000708        0.000384
2010-2016       23             0.000171        0.000575        0.000377
2010-2016       24             0.000382        0.000697        0.000543
2010-2016       25             0.000211        0.000784        0.000501
2010-2016       26             0.000588        0.000705        0.000647
2010-2016       27             0.000168        0.000586        0.000378
2010-2016       28             0.000337        0.000759        0.000548
2010-2016       29             0.000465        0.000852        0.000658
2010-2016       30             0.000596        0.000645        0.000620
2010-2016       31             0.000043        0.000878        0.000458
2010-2016       32             0.000356        0.000625        0.000490
2010-2016       33             0.000643        0.000822        0.000733
2010-2016       34             0.000188        0.000375        0.000282
2010-2016       35             0.000776        0.000866        0.000821
2010-2016       36             0.000349        0.000886        0.000619
2010-2016       37             0.000860        0.001046        0.000954
2010-2016       38             0.000663        0.000808        0.000736
2010-2016       39             0.000509        0.001260        0.000886
2010-2016       40             0.000509        0.001162        0.000837
2010-2016       41             0.001069        0.000660        0.000864
2010-2016       42             0.001017        0.001031        0.001024
2010-2016       43             0.000825        0.001576        0.001197
2010-2016       44             0.000944        0.001126        0.001034
2010-2016       45             0.000643        0.000657        0.000650
2010-2016       46             0.001210        0.001245        0.001227
2010-2016       47             0.000727        0.001977        0.001340
2010-2016       48             0.000855        0.001821        0.001330
2010-2016       49             0.001653        0.001658        0.001656
2010-2016       50             0.001644        0.001779        0.001710
2010-2016       51             0.001767        0.002266        0.002011
2010-2016       52             0.001782        0.003477        0.002612
2010-2016       53             0.001811        0.002484        0.002141
2010-2016       54             0.002311        0.003042        0.002668
2010-2016       55             0.002499        0.003534        0.003003
2010-2016       56             0.002394        0.003990        0.003170
2010-2016       57             0.002726        0.004732        0.003701
2010-2016       58             0.002664        0.005289        0.003939
2010-2016       59             0.003004        0.005589        0.004257
2010-2016       60             0.003567        0.005472        0.004487
2010-2016       61             0.004637        0.006194        0.005390
2010-2016       62             0.003727        0.006329        0.004990
2010-2016       63             0.003940        0.006988        0.005419
2010-2016       64             0.003592        0.006579        0.005047
2010-2016       65             0.005381        0.008568        0.006935
2010-2016       66             0.006257        0.008104        0.007158
2010-2016       67             0.006136        0.008623        0.007342
2010-2016       68             0.006617        0.011262        0.008864
2010-2016       69             0.006421        0.012564        0.009397
2010-2016       70             0.006982        0.011469        0.009154
2010-2016       71             0.006892        0.016454        0.011475
2010-2016       72             0.013092        0.014663        0.013841
2010-2016       73             0.012007        0.021699        0.016618
2010-2016       74             0.015088        0.021122        0.017940
2010-2016       75             0.014198        0.024113        0.018867
2010-2016       76             0.015554        0.030589        0.022594
2010-2016       77             0.019839        0.034948        0.026833
2010-2016       78             0.024529        0.035647        0.029589
2010-2016       79             0.021768        0.043082        0.031327
2010-2016       80             0.028563        0.039456        0.033437
2010-2016       81             0.037586        0.048937        0.042567
2010-2016       82             0.038893        0.054124        0.045460
2010-2016       83             0.047660        0.059436        0.052668
2010-2016       84             0.053521        0.068390        0.059796
2010-2016       85             0.063171        0.092238        0.075256
2010-2016       86             0.069645        0.086875        0.076473
2010-2016       87             0.094790        0.105853        0.099030
2010-2016       88             0.094805        0.126377        0.106515
2010-2016       89             0.107367        0.154232        0.124070
2010-2016       90             0.128430        0.173956        0.143976
2010-2016       91             0.152209        0.195728        0.166044
2010-2016       92             0.188067        0.208079        0.194026
2010-2016       93             0.183036        0.254935        0.203956
2010-2016       94             0.219879        0.251035        0.228468
2010-2016       95             0.222902        0.333471        0.250602
2010-2016       96             0.285564        0.367439        0.303879
2010-2016       97             0.326023        0.450430        0.351888
2010-2016       98             0.327396        0.330518        0.328024
2010-2016       99             0.413010        0.628970        0.453757
2010-2016      100             0.478449        1.054691        0.558559
2010-2016      101             0.569869        1.574335        0.647459
2010-2016      102             0.748679        1.725620        0.800562
2010-2016      103             1.128697        6.000000        1.172538
2010-2016      104             1.935275              .        1.935275
2010-2016      105             6.000000              .        6.000000
2010-2016      106                   .              .              .
2010-2016      107                   .              .              .
2010-2016      108                   .              .              .
2010-2016      109                   .              .              .
2010-2016      110+                  .              .              .
