WA, Life tables (period 5x5), Total	Last modified: 02 Jul 2018;  Methods Protocol: v6 (2017)

  Year          Age         mx       qx    ax      lx      dx      Lx       Tx     ex
1971-1974        0      0.01793  0.01765  0.11  100000    1765   98433  7249983  72.50
1971-1974      1-4      0.00098  0.00393  1.56   98235     386  391999  7151550  72.80
1971-1974      5-9      0.00035  0.00172  2.41   97849     169  488810  6759551  69.08
1971-1974     10-14     0.00029  0.00146  2.36   97681     142  488027  6270741  64.20
1971-1974     15-19     0.00106  0.00527  2.94   97538     514  486634  5782714  59.29
1971-1974     20-24     0.00116  0.00579  2.40   97024     562  483659  5296080  54.59
1971-1974     25-29     0.00088  0.00440  2.57   96463     425  481282  4812421  49.89
1971-1974     30-34     0.00112  0.00558  2.53   96038     536  478866  4331139  45.10
1971-1974     35-39     0.00172  0.00856  2.69   95503     818  475621  3852273  40.34
1971-1974     40-44     0.00242  0.01202  2.71   94685    1138  470819  3376652  35.66
1971-1974     45-49     0.00429  0.02123  2.68   93547    1986  463132  2905833  31.06
1971-1974     50-54     0.00634  0.03121  2.59   91561    2858  450908  2442701  26.68
1971-1974     55-59     0.01085  0.05291  2.69   88703    4693  432677  1991793  22.45
1971-1974     60-64     0.01723  0.08285  2.69   84010    6960  403970  1559116  18.56
1971-1974     65-69     0.02717  0.12760  2.62   77050    9832  361851  1155146  14.99
1971-1974     70-74     0.04325  0.19589  2.59   67219   13167  304412   793295  11.80
1971-1974     75-79     0.07067  0.30162  2.57   54051   16303  230684   488883   9.04
1971-1974     80-84     0.10620  0.41908  2.48   37748   15820  148954   258199   6.84
1971-1974     85-89     0.16634  0.57282  2.28   21929   12561   75515   109245   4.98
1971-1974     90-94     0.25262  0.73514  2.16    9368    6887   27261    33730   3.60
1971-1974     95-99     0.36857  0.86003  1.90    2481    2134    5789     6470   2.61
1971-1974    100-104    0.50321  0.93419  1.64     347     324     645      680   1.96
1971-1974    105-109    0.64112  0.96965  1.40      23      22      35       35   1.55
1971-1974    110+       0.74690  1.00000  1.34       1       1       1        1   1.34
1975-1979        0      0.01245  0.01232  0.12  100000    1232   98921  7414422  74.14
1975-1979      1-4      0.00081  0.00321  1.56   98768     317  394300  7315501  74.07
1975-1979      5-9      0.00028  0.00138  2.15   98451     136  491866  6921201  70.30
1975-1979     10-14     0.00027  0.00135  2.59   98315     133  491253  6429335  65.40
1975-1979     15-19     0.00091  0.00456  2.92   98182     448  489974  5938082  60.48
1975-1979     20-24     0.00109  0.00541  2.29   97733     529  487233  5448108  55.74
1975-1979     25-29     0.00087  0.00435  2.55   97204     423  484985  4960875  51.04
1975-1979     30-34     0.00104  0.00516  2.71   96782     500  482764  4475890  46.25
1975-1979     35-39     0.00141  0.00702  2.78   96282     676  479907  3993126  41.47
1975-1979     40-44     0.00219  0.01089  2.67   95606    1041  475604  3513219  36.75
1975-1979     45-49     0.00391  0.01935  2.70   94565    1830  468613  3037616  32.12
1975-1979     50-54     0.00605  0.02984  2.63   92734    2767  457100  2569002  27.70
1975-1979     55-59     0.00937  0.04585  2.69   89967    4125  440292  2111902  23.47
1975-1979     60-64     0.01529  0.07377  2.62   85842    6333  414134  1671610  19.47
1975-1979     65-69     0.02488  0.11749  2.64   79509    9342  375493  1257476  15.82
1975-1979     70-74     0.03865  0.17701  2.62   70167   12420  321313   881983  12.57
1975-1979     75-79     0.06243  0.27079  2.55   57747   15637  250474   560670   9.71
1975-1979     80-84     0.09554  0.38503  2.48   42110   16213  169704   310197   7.37
1975-1979     85-89     0.14822  0.53357  2.38   25897   13817   93225   140492   5.43
1975-1979     90-94     0.22800  0.69605  2.20   12079    8408   36875    47268   3.91
1975-1979     95-99     0.33595  0.83205  1.97    3671    3055    9093    10393   2.83
1975-1979    100-104    0.46536  0.91844  1.70     617     566    1217     1300   2.11
1975-1979    105-109    0.60235  0.96215  1.46      50      48      80       83   1.65
1975-1979    110+       0.71034  1.00000  1.41       2       2       3        3   1.41
1980-1984        0      0.00958  0.00950  0.13  100000     950   99173  7590673  75.91
1980-1984      1-4      0.00051  0.00204  1.56   99050     202  395706  7491500  75.63
1980-1984      5-9      0.00025  0.00126  2.26   98848     125  493896  7095794  71.79
1980-1984     10-14     0.00025  0.00126  2.62   98723     125  493318  6601899  66.87
1980-1984     15-19     0.00068  0.00341  2.88   98598     336  492279  6108581  61.95
1980-1984     20-24     0.00094  0.00468  2.47   98262     460  490146  5616302  57.16
1980-1984     25-29     0.00086  0.00431  2.54   97802     421  487975  5126156  52.41
1980-1984     30-34     0.00083  0.00414  2.55   97381     403  485918  4638181  47.63
1980-1984     35-39     0.00112  0.00559  2.71   96978     542  483646  4152263  42.82
1980-1984     40-44     0.00186  0.00926  2.71   96436     893  480130  3668617  38.04
1980-1984     45-49     0.00308  0.01529  2.70   95543    1461  474358  3188487  33.37
1980-1984     50-54     0.00530  0.02616  2.68   94082    2461  464697  2714129  28.85
1980-1984     55-59     0.00839  0.04113  2.65   91620    3769  449239  2249432  24.55
1980-1984     60-64     0.01296  0.06292  2.69   87852    5528  426516  1800193  20.49
1980-1984     65-69     0.02093  0.09982  2.68   82324    8218  392564  1373677  16.69
1980-1984     70-74     0.03348  0.15503  2.62   74107   11489  343169   981114  13.24
1980-1984     75-79     0.05696  0.25059  2.60   62618   15691  275499   637944  10.19
1980-1984     80-84     0.08856  0.36253  2.50   46927   17012  192105   362445   7.72
1980-1984     85-89     0.13657  0.50387  2.40   29915   15073  110365   170340   5.69
1980-1984     90-94     0.21858  0.67904  2.21   14842   10078   46108    59976   4.04
1980-1984     95-99     0.32491  0.82202  2.00    4763    3916   12051    13868   2.91
1980-1984    100-104    0.45717  0.91500  1.72     848     776    1697     1817   2.14
1980-1984    105-109    0.59812  0.96141  1.47      72      69     116      120   1.66
1980-1984    110+       0.70895  1.00000  1.41       3       3       4        4   1.41
1985-1989        0      0.00853  0.00847  0.13  100000     847   99265  7687830  76.88
1985-1989      1-4      0.00050  0.00198  1.62   99153     197  396144  7588565  76.53
1985-1989      5-9      0.00023  0.00115  2.46   98957     113  494495  7192421  72.68
1985-1989     10-14     0.00020  0.00102  2.62   98843     101  493976  6697925  67.76
1985-1989     15-19     0.00070  0.00350  2.94   98742     345  492999  6203949  62.83
1985-1989     20-24     0.00091  0.00454  2.58   98397     447  490902  5710950  58.04
1985-1989     25-29     0.00086  0.00431  2.55   97950     422  488718  5220048  53.29
1985-1989     30-34     0.00081  0.00403  2.59   97528     393  486693  4731330  48.51
1985-1989     35-39     0.00105  0.00525  2.58   97135     510  484438  4244637  43.70
1985-1989     40-44     0.00155  0.00773  2.68   96625     747  481390  3760199  38.92
1985-1989     45-49     0.00260  0.01290  2.62   95878    1237  476445  3278809  34.20
1985-1989     50-54     0.00431  0.02132  2.65   94641    2018  468462  2802364  29.61
1985-1989     55-59     0.00737  0.03624  2.66   92624    3357  455269  2333903  25.20
1985-1989     60-64     0.01201  0.05845  2.69   89267    5217  434267  1878634  21.05
1985-1989     65-69     0.01888  0.09042  2.68   84050    7600  402619  1444367  17.18
1985-1989     70-74     0.03163  0.14713  2.63   76449   11248  355614  1041748  13.63
1985-1989     75-79     0.05129  0.22867  2.63   65202   14910  290685   686134  10.52
1985-1989     80-84     0.08645  0.35649  2.54   50292   17929  207395   395449   7.86
1985-1989     85-89     0.13373  0.49695  2.42   32363   16083  120261   188054   5.81
1985-1989     90-94     0.21088  0.66580  2.23   16281   10840   51400    67793   4.16
1985-1989     95-99     0.31271  0.80888  2.02    5441    4401   14074    16393   3.01
1985-1989    100-104    0.43800  0.90493  1.76    1040     941    2148     2319   2.23
1985-1989    105-109    0.57514  0.95596  1.51      99      95     164      171   1.73
1985-1989    110+       0.68603  1.00000  1.46       4       4       6        6   1.46
1990-1994        0      0.00690  0.00686  0.14  100000     686   99407  7809278  78.09
1990-1994      1-4      0.00039  0.00157  1.60   99314     156  396882  7709872  77.63
1990-1994      5-9      0.00017  0.00087  2.65   99158      86  495588  7312990  73.75
1990-1994     10-14     0.00018  0.00087  2.91   99072      87  495178  6817402  68.81
1990-1994     15-19     0.00065  0.00326  2.93   98985     323  494257  6322224  63.87
1990-1994     20-24     0.00092  0.00457  2.43   98663     451  492151  5827967  59.07
1990-1994     25-29     0.00085  0.00424  2.47   98211     416  490005  5335816  54.33
1990-1994     30-34     0.00090  0.00450  2.49   97795     440  487870  4845810  49.55
1990-1994     35-39     0.00108  0.00539  2.60   97355     525  485514  4357940  44.76
1990-1994     40-44     0.00136  0.00676  2.69   96830     655  482637  3872426  39.99
1990-1994     45-49     0.00216  0.01073  2.67   96175    1032  478473  3389789  35.25
1990-1994     50-54     0.00370  0.01836  2.68   95143    1747  471668  2911317  30.60
1990-1994     55-59     0.00629  0.03101  2.69   93396    2897  460297  2439648  26.12
1990-1994     60-64     0.01072  0.05229  2.65   90500    4732  441374  1979351  21.87
1990-1994     65-69     0.01733  0.08330  2.67   85767    7144  412155  1537978  17.93
1990-1994     70-74     0.02739  0.12870  2.66   78623   10119  369424  1125823  14.32
1990-1994     75-79     0.04641  0.20871  2.59   68504   14297  308092   756399  11.04
1990-1994     80-84     0.07645  0.32173  2.54   54207   17440  228131   448307   8.27
1990-1994     85-89     0.12706  0.47921  2.44   36767   17619  138668   220176   5.99
1990-1994     90-94     0.20383  0.65845  2.31   19148   12608   61856    81508   4.26
1990-1994     95-99     0.31245  0.81017  2.03    6540    5298   16958    19651   3.00
1990-1994    100-104    0.45061  0.91268  1.74    1242    1133    2515     2694   2.17
1990-1994    105-109    0.60146  0.96266  1.47     108     104     174      179   1.65
1990-1994    110+       0.72059  1.00000  1.39       4       4       6        6   1.39
1995-1999        0      0.00527  0.00524  0.14  100000     524   99548  7911392  79.11
1995-1999      1-4      0.00037  0.00146  1.48   99476     145  397536  7811843  78.53
1995-1999      5-9      0.00016  0.00080  2.10   99330      80  496421  7414307  74.64
1995-1999     10-14     0.00019  0.00096  2.72   99251      95  496037  6917886  69.70
1995-1999     15-19     0.00063  0.00312  2.82   99156     310  495103  6421849  64.77
1995-1999     20-24     0.00093  0.00462  2.47   98846     456  493073  5926746  59.96
1995-1999     25-29     0.00097  0.00484  2.55   98390     476  490784  5433673  55.23
1995-1999     30-34     0.00099  0.00491  2.52   97914     481  488373  4942888  50.48
1995-1999     35-39     0.00109  0.00546  2.59   97432     532  485882  4454515  45.72
1995-1999     40-44     0.00147  0.00732  2.59   96901     709  482794  3968634  40.96
1995-1999     45-49     0.00190  0.00948  2.70   96192     912  478862  3485840  36.24
1995-1999     50-54     0.00320  0.01587  2.68   95280    1512  472899  3006978  31.56
1995-1999     55-59     0.00501  0.02478  2.69   93768    2324  463473  2534079  27.03
1995-1999     60-64     0.00867  0.04252  2.71   91444    3888  448329  2070607  22.64
1995-1999     65-69     0.01528  0.07377  2.67   87556    6459  422742  1622277  18.53
1995-1999     70-74     0.02503  0.11825  2.66   81097    9590  383085  1199535  14.79
1995-1999     75-79     0.04063  0.18530  2.63   71507   13250  326116   816450  11.42
1995-1999     80-84     0.07185  0.30569  2.56   58257   17809  247877   490334   8.42
1995-1999     85-89     0.12533  0.47558  2.47   40448   19236  153491   242458   5.99
1995-1999     90-94     0.20564  0.65760  2.26   21212   13949   67832    88967   4.19
1995-1999     95-99     0.32380  0.82276  2.01    7263    5976   18455    21134   2.91
1995-1999    100-104    0.47108  0.92276  1.70    1287    1188    2522     2679   2.08
1995-1999    105-109    0.62773  0.96803  1.43      99      96     153      158   1.58
1995-1999    110+       0.74821  1.00000  1.34       3       3       4        4   1.34
2000-2004        0      0.00432  0.00431  0.14  100000     431   99630  8070146  80.70
2000-2004      1-4      0.00028  0.00112  1.55   99569     112  398003  7970516  80.05
2000-2004      5-9      0.00016  0.00080  2.50   99457      80  497087  7572513  76.14
2000-2004     10-14     0.00015  0.00077  2.68   99377      76  496710  7075426  71.20
2000-2004     15-19     0.00052  0.00260  2.94   99301     259  495972  6578716  66.25
2000-2004     20-24     0.00075  0.00374  2.46   99043     370  494272  6082744  61.42
2000-2004     25-29     0.00086  0.00427  2.62   98672     421  492358  5588472  56.64
2000-2004     30-34     0.00088  0.00438  2.45   98251     430  490159  5096115  51.87
2000-2004     35-39     0.00104  0.00520  2.68   97821     508  487927  4605956  47.09
2000-2004     40-44     0.00130  0.00648  2.62   97313     630  485064  4118029  42.32
2000-2004     45-49     0.00193  0.00959  2.66   96682     927  481248  3632965  37.58
2000-2004     50-54     0.00262  0.01301  2.63   95756    1245  475825  3151717  32.91
2000-2004     55-59     0.00429  0.02122  2.69   94510    2005  467909  2675893  28.31
2000-2004     60-64     0.00724  0.03559  2.66   92505    3292  454819  2207984  23.87
2000-2004     65-69     0.01186  0.05773  2.67   89213    5150  434041  1753165  19.65
2000-2004     70-74     0.02113  0.10075  2.70   84063    8469  400824  1319123  15.69
2000-2004     75-79     0.03535  0.16322  2.65   75594   12339  349024   918299  12.15
2000-2004     80-84     0.06376  0.27631  2.59   63255   17478  274138   569276   9.00
2000-2004     85-89     0.11145  0.43658  2.52   45778   19986  179330   295138   6.45
2000-2004     90-94     0.18761  0.62517  2.33   25792   16124   85947   115808   4.49
2000-2004     95-99     0.30168  0.79969  2.06    9668    7731   25626    29861   3.09
2000-2004    100-104    0.44655  0.91136  1.75    1937    1765    3952     4235   2.19
2000-2004    105-109    0.60417  0.96351  1.47     172     165     274      282   1.64
2000-2004    110+       0.72769  1.00000  1.37       6       6       9        9   1.37
2005-2009        0      0.00368  0.00367  0.14  100000     367   99685  8169185  81.69
2005-2009      1-4      0.00022  0.00086  1.57   99633      86  398324  8069500  80.99
2005-2009      5-9      0.00015  0.00073  2.27   99547      73  497538  7671175  77.06
2005-2009     10-14     0.00014  0.00068  2.43   99474      67  497199  7173637  72.12
2005-2009     15-19     0.00045  0.00226  2.90   99407     224  496565  6676438  67.16
2005-2009     20-24     0.00063  0.00313  2.55   99183     310  495154  6179873  62.31
2005-2009     25-29     0.00069  0.00344  2.58   98872     340  493538  5684719  57.50
2005-2009     30-34     0.00082  0.00407  2.62   98533     401  491708  5191181  52.68
2005-2009     35-39     0.00095  0.00474  2.57   98131     465  489526  4699473  47.89
2005-2009     40-44     0.00136  0.00679  2.61   97666     663  486747  4209947  43.11
2005-2009     45-49     0.00194  0.00965  2.67   97003     936  482835  3723200  38.38
2005-2009     50-54     0.00275  0.01367  2.65   96067    1313  477251  3240365  33.73
2005-2009     55-59     0.00416  0.02060  2.70   94754    1951  469275  2763114  29.16
2005-2009     60-64     0.00619  0.03051  2.64   92803    2831  457328  2293838  24.72
2005-2009     65-69     0.01053  0.05140  2.67   89971    4624  439091  1836511  20.41
2005-2009     70-74     0.01737  0.08348  2.68   85347    7125  410215  1397420  16.37
2005-2009     75-79     0.03151  0.14668  2.65   78222   11474  364182   987205  12.62
2005-2009     80-84     0.05779  0.25417  2.63   66748   16965  293581   623022   9.33
2005-2009     85-89     0.10379  0.41270  2.52   49783   20546  197963   329442   6.62
2005-2009     90-94     0.18655  0.62414  2.35   29237   18248   97820   131479   4.50
2005-2009     95-99     0.30375  0.80334  2.07   10989    8828   29063    33660   3.06
2005-2009    100-104    0.45981  0.91877  1.73    2161    1986    4318     4596   2.13
2005-2009    105-109    0.62827  0.96859  1.43     176     170     271      278   1.58
2005-2009    110+       0.75690  1.00000  1.32       6       6       7        7   1.32
2010-2014        0      0.00280  0.00280  0.14  100000     280   99761  8273489  82.73
2010-2014      1-4      0.00019  0.00078  1.58   99720      77  398695  8173729  81.97
2010-2014      5-9      0.00015  0.00074  2.44   99643      73  498028  7775034  78.03
2010-2014     10-14     0.00014  0.00072  2.48   99570      72  497669  7277006  73.08
2010-2014     15-19     0.00037  0.00187  2.93   99498     186  497106  6779337  68.14
2010-2014     20-24     0.00052  0.00259  2.50   99312     257  495917  6282230  63.26
2010-2014     25-29     0.00054  0.00271  2.59   99055     268  494627  5786313  58.42
2010-2014     30-34     0.00074  0.00369  2.59   98786     365  493055  5291686  53.57
2010-2014     35-39     0.00095  0.00475  2.51   98422     467  490945  4798631  48.76
2010-2014     40-44     0.00131  0.00651  2.59   97955     637  488236  4307687  43.98
2010-2014     45-49     0.00182  0.00906  2.60   97317     881  484473  3819451  39.25
2010-2014     50-54     0.00256  0.01273  2.59   96436    1227  479217  3334978  34.58
2010-2014     55-59     0.00386  0.01913  2.62   95209    1822  471714  2855761  29.99
2010-2014     60-64     0.00581  0.02865  2.66   93387    2675  460666  2384047  25.53
2010-2014     65-69     0.00930  0.04552  2.67   90712    4129  443957  1923381  21.20
2010-2014     70-74     0.01544  0.07451  2.68   86583    6451  417947  1479425  17.09
2010-2014     75-79     0.02717  0.12788  2.70   80131   10247  377119  1061478  13.25
2010-2014     80-84     0.05118  0.22871  2.68   69884   15983  312282   684358   9.79
2010-2014     85-89     0.09513  0.38573  2.55   53901   20791  218554   372076   6.90
2010-2014     90-94     0.17693  0.60413  2.38   33110   20003  113054   153522   4.64
2010-2014     95-99     0.30017  0.80040  2.08   13107   10491   34950    40468   3.09
2010-2014    100-104    0.46373  0.92132  1.73    2616    2410    5198     5518   2.11
2010-2014    105-109    0.64028  0.97096  1.41     206     200     312      320   1.55
2010-2014    110+       0.77298  1.00000  1.29       6       6       8        8   1.29
2015-2016        0      0.00277  0.00277  0.14  100000     277   99763  8281090  82.81
2015-2016      1-4      0.00009  0.00036  1.34   99723      36  398797  8181327  82.04
2015-2016      5-9      0.00010  0.00049  2.39   99687      48  498309  7782530  78.07
2015-2016     10-14     0.00017  0.00086  2.43   99639      86  497972  7284222  73.11
2015-2016     15-19     0.00038  0.00191  2.89   99553     190  497363  6786249  68.17
2015-2016     20-24     0.00053  0.00265  2.61   99363     263  496184  6288886  63.29
2015-2016     25-29     0.00061  0.00306  2.53   99100     303  494748  5792702  58.45
2015-2016     30-34     0.00076  0.00380  2.48   98796     375  493037  5297953  53.63
2015-2016     35-39     0.00104  0.00518  2.60   98421     510  490880  4804917  48.82
2015-2016     40-44     0.00142  0.00707  2.69   97911     692  487953  4314037  44.06
2015-2016     45-49     0.00195  0.00970  2.67   97218     943  483897  3826084  39.36
2015-2016     50-54     0.00254  0.01262  2.58   96276    1215  478435  3342187  34.71
2015-2016     55-59     0.00389  0.01929  2.60   95061    1834  470904  2863752  30.13
2015-2016     60-64     0.00591  0.02916  2.63   93227    2718  459705  2392848  25.67
2015-2016     65-69     0.00869  0.04258  2.64   90509    3854  443455  1933143  21.36
2015-2016     70-74     0.01497  0.07239  2.72   86655    6273  418981  1489688  17.19
2015-2016     75-79     0.02628  0.12391  2.70   80382    9960  379020  1070707  13.32
2015-2016     80-84     0.04970  0.22271  2.67   70421   15684  315548   691687   9.82
2015-2016     85-89     0.09642  0.38980  2.54   54738   21337  221300   376138   6.87
2015-2016     90-94     0.17734  0.60468  2.37   33401   20197  113888   154839   4.64
2015-2016     95-99     0.29889  0.79851  2.08   13204   10544   35276    40951   3.10
2015-2016    100-104    0.45826  0.91840  1.74    2660    2443    5332     5674   2.13
2015-2016    105-109    0.63042  0.96913  1.43     217     210     334      343   1.58
2015-2016    110+       0.76156  1.00000  1.31       7       7       9        9   1.31
