WA, Death rates (period 1x5), 	Last modified: 23 May 2023;  Methods Protocol: v6 (2017)

  Year          Age             Female            Male           Total
1971-1974        0             0.015496        0.020242        0.017931
1971-1974        1             0.001651        0.001612        0.001631
1971-1974        2             0.000894        0.001088        0.000993
1971-1974        3             0.000666        0.000828        0.000749
1971-1974        4             0.000470        0.000647        0.000561
1971-1974        5             0.000312        0.000498        0.000408
1971-1974        6             0.000171        0.000506        0.000343
1971-1974        7             0.000318        0.000301        0.000309
1971-1974        8             0.000291        0.000344        0.000318
1971-1974        9             0.000310        0.000384        0.000348
1971-1974       10             0.000282        0.000443        0.000365
1971-1974       11             0.000209        0.000415        0.000315
1971-1974       12             0.000117        0.000328        0.000226
1971-1974       13             0.000165        0.000354        0.000263
1971-1974       14             0.000167        0.000405        0.000290
1971-1974       15             0.000342        0.000579        0.000463
1971-1974       16             0.000597        0.000997        0.000802
1971-1974       17             0.000557        0.001727        0.001154
1971-1974       18             0.000850        0.002411        0.001645
1971-1974       19             0.000651        0.001769        0.001218
1971-1974       20             0.000580        0.001988        0.001295
1971-1974       21             0.000424        0.002238        0.001351
1971-1974       22             0.000399        0.001458        0.000943
1971-1974       23             0.000425        0.001700        0.001086
1971-1974       24             0.000533        0.001675        0.001130
1971-1974       25             0.000447        0.001371        0.000933
1971-1974       26             0.000303        0.001234        0.000798
1971-1974       27             0.000433        0.001237        0.000862
1971-1974       28             0.000464        0.000811        0.000649
1971-1974       29             0.000393        0.001856        0.001169
1971-1974       30             0.000670        0.001499        0.001108
1971-1974       31             0.000652        0.001367        0.001027
1971-1974       32             0.000816        0.001631        0.001245
1971-1974       33             0.000505        0.001478        0.001014
1971-1974       34             0.000701        0.001652        0.001198
1971-1974       35             0.001090        0.001868        0.001495
1971-1974       36             0.001069        0.001842        0.001470
1971-1974       37             0.001173        0.002151        0.001679
1971-1974       38             0.001544        0.002071        0.001818
1971-1974       39             0.001622        0.002609        0.002135
1971-1974       40             0.001657        0.002469        0.002082
1971-1974       41             0.001050        0.002396        0.001762
1971-1974       42             0.002090        0.003130        0.002640
1971-1974       43             0.001747        0.003541        0.002693
1971-1974       44             0.002534        0.003250        0.002911
1971-1974       45             0.002530        0.004271        0.003444
1971-1974       46             0.002807        0.004794        0.003856
1971-1974       47             0.003333        0.005103        0.004268
1971-1974       48             0.003131        0.006602        0.004956
1971-1974       49             0.003944        0.005847        0.004936
1971-1974       50             0.005370        0.006620        0.006017
1971-1974       51             0.004002        0.007224        0.005658
1971-1974       52             0.004934        0.008337        0.006673
1971-1974       53             0.003818        0.007907        0.005886
1971-1974       54             0.004917        0.010024        0.007474
1971-1974       55             0.006102        0.010346        0.008214
1971-1974       56             0.006895        0.013823        0.010320
1971-1974       57             0.007879        0.013973        0.010892
1971-1974       58             0.007788        0.015563        0.011622
1971-1974       59             0.008593        0.018157        0.013312
1971-1974       60             0.010163        0.020016        0.015057
1971-1974       61             0.008476        0.017376        0.012879
1971-1974       62             0.010602        0.024614        0.017512
1971-1974       63             0.014166        0.025433        0.019694
1971-1974       64             0.012747        0.030312        0.021337
1971-1974       65             0.014837        0.034717        0.024535
1971-1974       66             0.014037        0.031265        0.022457
1971-1974       67             0.017053        0.036953        0.026806
1971-1974       68             0.020103        0.040379        0.030020
1971-1974       69             0.021805        0.044051        0.032680
1971-1974       70             0.025800        0.048006        0.036584
1971-1974       71             0.024272        0.052074        0.037621
1971-1974       72             0.028956        0.060655        0.043731
1971-1974       73             0.036060        0.067013        0.050051
1971-1974       74             0.038095        0.065283        0.049993
1971-1974       75             0.044372        0.076576        0.058195
1971-1974       76             0.049452        0.087759        0.065391
1971-1974       77             0.048234        0.091018        0.065387
1971-1974       78             0.062587        0.108573        0.080437
1971-1974       79             0.075887        0.111431        0.089417
1971-1974       80             0.070488        0.131971        0.093164
1971-1974       81             0.070916        0.130427        0.092508
1971-1974       82             0.082236        0.129253        0.099051
1971-1974       83             0.106237        0.166409        0.127357
1971-1974       84             0.110624        0.169184        0.130488
1971-1974       85             0.128435        0.189021        0.148407
1971-1974       86             0.136807        0.210596        0.160858
1971-1974       87             0.152017        0.210038        0.170698
1971-1974       88             0.156174        0.229548        0.179203
1971-1974       89             0.163778        0.249081        0.189288
1971-1974       90             0.203590        0.255088        0.218025
1971-1974       91             0.205500        0.330158        0.238245
1971-1974       92             0.252863        0.305659        0.266087
1971-1974       93             0.272779        0.314389        0.283202
1971-1974       94             0.303912        0.355487        0.317561
1971-1974       95             0.292264        0.342715        0.306330
1971-1974       96             0.366702        0.597889        0.426705
1971-1974       97             0.387433        0.321280        0.371800
1971-1974       98             0.362647        0.439167        0.380740
1971-1974       99             0.379267        0.857687        0.474563
1971-1974      100             0.595457        0.846686        0.630998
1971-1974      101             0.706595        1.191781        0.752341
1971-1974      102             0.905166        2.181818        0.969837
1971-1974      103             1.502013              .        1.502013
1971-1974      104             2.852113              .        2.852113
1971-1974      105                   .              .              .
1971-1974      106                   .              .              .
1971-1974      107                   .              .              .
1971-1974      108                   .              .              .
1971-1974      109                   .              .              .
1971-1974      110+                  .              .              .
1975-1979        0             0.010913        0.013904        0.012452
1975-1979        1             0.001081        0.001418        0.001254
1975-1979        2             0.000886        0.000989        0.000939
1975-1979        3             0.000324        0.000836        0.000586
1975-1979        4             0.000423        0.000455        0.000439
1975-1979        5             0.000178        0.000408        0.000296
1975-1979        6             0.000368        0.000383        0.000376
1975-1979        7             0.000332        0.000463        0.000399
1975-1979        8             0.000124        0.000167        0.000146
1975-1979        9             0.000162        0.000170        0.000166
1975-1979       10             0.000239        0.000294        0.000268
1975-1979       11             0.000130        0.000350        0.000243
1975-1979       12             0.000130        0.000348        0.000242
1975-1979       13             0.000184        0.000414        0.000303
1975-1979       14             0.000292        0.000308        0.000300
1975-1979       15             0.000452        0.000661        0.000560
1975-1979       16             0.000343        0.000971        0.000666
1975-1979       17             0.000345        0.001409        0.000889
1975-1979       18             0.000718        0.001710        0.001222
1975-1979       19             0.000596        0.001858        0.001237
1975-1979       20             0.000826        0.001977        0.001412
1975-1979       21             0.000302        0.001671        0.001000
1975-1979       22             0.000511        0.001921        0.001231
1975-1979       23             0.000302        0.001427        0.000877
1975-1979       24             0.000550        0.001250        0.000908
1975-1979       25             0.000439        0.001299        0.000878
1975-1979       26             0.000403        0.001190        0.000806
1975-1979       27             0.000349        0.001313        0.000845
1975-1979       28             0.000523        0.001224        0.000886
1975-1979       29             0.000473        0.001374        0.000943
1975-1979       30             0.000493        0.001326        0.000930
1975-1979       31             0.000534        0.001081        0.000821
1975-1979       32             0.000491        0.001397        0.000966
1975-1979       33             0.000595        0.001647        0.001145
1975-1979       34             0.000774        0.001809        0.001314
1975-1979       35             0.000769        0.001560        0.001181
1975-1979       36             0.000873        0.001416        0.001156
1975-1979       37             0.000623        0.001655        0.001159
1975-1979       38             0.001154        0.002049        0.001617
1975-1979       39             0.001299        0.002527        0.001934
1975-1979       40             0.001459        0.001988        0.001732
1975-1979       41             0.001520        0.002439        0.001996
1975-1979       42             0.001901        0.002898        0.002419
1975-1979       43             0.001799        0.002636        0.002236
1975-1979       44             0.002030        0.003060        0.002569
1975-1979       45             0.002102        0.004232        0.003219
1975-1979       46             0.002551        0.004353        0.003494
1975-1979       47             0.002742        0.004851        0.003841
1975-1979       48             0.002932        0.004953        0.003986
1975-1979       49             0.003616        0.006270        0.005004
1975-1979       50             0.004127        0.006479        0.005357
1975-1979       51             0.003598        0.007003        0.005379
1975-1979       52             0.004152        0.008185        0.006253
1975-1979       53             0.003750        0.008776        0.006353
1975-1979       54             0.005310        0.008503        0.006951
1975-1979       55             0.005303        0.010296        0.007849
1975-1979       56             0.005769        0.010905        0.008362
1975-1979       57             0.005226        0.011993        0.008593
1975-1979       58             0.007047        0.014191        0.010570
1975-1979       59             0.007049        0.016277        0.011560
1975-1979       60             0.008858        0.018172        0.013342
1975-1979       61             0.008983        0.018871        0.013731
1975-1979       62             0.009129        0.022851        0.015742
1975-1979       63             0.010074        0.021837        0.015732
1975-1979       64             0.012545        0.024051        0.018085
1975-1979       65             0.014815        0.028692        0.021513
1975-1979       66             0.014194        0.028763        0.021184
1975-1979       67             0.016585        0.034565        0.025129
1975-1979       68             0.017167        0.036852        0.026447
1975-1979       69             0.019466        0.043438        0.030712
1975-1979       70             0.020106        0.045873        0.032105
1975-1979       71             0.022354        0.045868        0.033283
1975-1979       72             0.028901        0.050725        0.039065
1975-1979       73             0.030609        0.059990        0.044239
1975-1979       74             0.031341        0.063622        0.046091
1975-1979       75             0.038787        0.070931        0.053158
1975-1979       76             0.041514        0.073779        0.055588
1975-1979       77             0.045863        0.085264        0.062523
1975-1979       78             0.054310        0.094223        0.070595
1975-1979       79             0.057025        0.099906        0.073819
1975-1979       80             0.065576        0.108029        0.081259
1975-1979       81             0.075684        0.120134        0.091544
1975-1979       82             0.076788        0.120426        0.091797
1975-1979       83             0.091496        0.126865        0.103243
1975-1979       84             0.103358        0.148239        0.117929
1975-1979       85             0.106120        0.172593        0.127132
1975-1979       86             0.125988        0.171707        0.139906
1975-1979       87             0.135126        0.181017        0.148664
1975-1979       88             0.144281        0.200708        0.160523
1975-1979       89             0.165149        0.236062        0.184865
1975-1979       90             0.182986        0.259972        0.203490
1975-1979       91             0.197215        0.240273        0.208318
1975-1979       92             0.225673        0.225733        0.225688
1975-1979       93             0.222144        0.316469        0.245576
1975-1979       94             0.255588        0.333668        0.273111
1975-1979       95             0.296361        0.325757        0.302300
1975-1979       96             0.372473        0.387227        0.375406
1975-1979       97             0.427516        0.251160        0.389418
1975-1979       98             0.357053        0.323268        0.349117
1975-1979       99             0.524031        0.701376        0.563437
1975-1979      100             0.507606        0.696983        0.540726
1975-1979      101             0.609785        0.800607        0.628831
1975-1979      102             0.768616        2.097561        0.820931
1975-1979      103             0.951302              .        0.951302
1975-1979      104             1.216783              .        1.216783
1975-1979      105             2.280000              .        2.280000
1975-1979      106                   .              .              .
1975-1979      107                   .              .              .
1975-1979      108                   .              .              .
1975-1979      109                   .              .              .
1975-1979      110+                  .              .              .
1980-1984        0             0.008327        0.010771        0.009581
1980-1984        1             0.001000        0.000829        0.000912
1980-1984        2             0.000361        0.000486        0.000425
1980-1984        3             0.000249        0.000488        0.000372
1980-1984        4             0.000344        0.000325        0.000335
1980-1984        5             0.000266        0.000251        0.000258
1980-1984        6             0.000282        0.000443        0.000365
1980-1984        7             0.000166        0.000315        0.000243
1980-1984        8             0.000162        0.000273        0.000219
1980-1984        9             0.000104        0.000248        0.000178
1980-1984       10             0.000304        0.000208        0.000255
1980-1984       11             0.000233        0.000252        0.000242
1980-1984       12             0.000132        0.000265        0.000200
1980-1984       13             0.000183        0.000267        0.000227
1980-1984       14             0.000102        0.000564        0.000340
1980-1984       15             0.000384        0.000512        0.000449
1980-1984       16             0.000352        0.000771        0.000567
1980-1984       17             0.000318        0.000845        0.000587
1980-1984       18             0.000437        0.001236        0.000843
1980-1984       19             0.000379        0.001543        0.000969
1980-1984       20             0.000409        0.001359        0.000891
1980-1984       21             0.000390        0.001779        0.001094
1980-1984       22             0.000356        0.001395        0.000884
1980-1984       23             0.000324        0.001474        0.000910
1980-1984       24             0.000410        0.001392        0.000912
1980-1984       25             0.000360        0.001133        0.000755
1980-1984       26             0.000465        0.001305        0.000893
1980-1984       27             0.000638        0.001265        0.000957
1980-1984       28             0.000347        0.001308        0.000835
1980-1984       29             0.000313        0.001418        0.000874
1980-1984       30             0.000456        0.001275        0.000872
1980-1984       31             0.000371        0.001176        0.000781
1980-1984       32             0.000482        0.000870        0.000680
1980-1984       33             0.000466        0.001290        0.000889
1980-1984       34             0.000529        0.001304        0.000928
1980-1984       35             0.000551        0.001419        0.001000
1980-1984       36             0.000692        0.001264        0.000989
1980-1984       37             0.000751        0.001056        0.000910
1980-1984       38             0.000560        0.001875        0.001245
1980-1984       39             0.000966        0.001919        0.001460
1980-1984       40             0.001191        0.002008        0.001615
1980-1984       41             0.001110        0.001759        0.001446
1980-1984       42             0.001117        0.002297        0.001728
1980-1984       43             0.001614        0.003149        0.002410
1980-1984       44             0.001485        0.002677        0.002104
1980-1984       45             0.001563        0.003096        0.002358
1980-1984       46             0.002185        0.003891        0.003067
1980-1984       47             0.001952        0.003569        0.002787
1980-1984       48             0.002797        0.003963        0.003399
1980-1984       49             0.002757        0.004776        0.003802
1980-1984       50             0.002811        0.005872        0.004396
1980-1984       51             0.002981        0.006225        0.004660
1980-1984       52             0.003978        0.006634        0.005357
1980-1984       53             0.003773        0.007485        0.005703
1980-1984       54             0.004652        0.008007        0.006393
1980-1984       55             0.004136        0.009049        0.006683
1980-1984       56             0.005362        0.010367        0.007946
1980-1984       57             0.005938        0.011260        0.008674
1980-1984       58             0.006130        0.012087        0.009168
1980-1984       59             0.005913        0.013091        0.009531
1980-1984       60             0.008155        0.012812        0.010476
1980-1984       61             0.007091        0.015871        0.011413
1980-1984       62             0.008734        0.017084        0.012783
1980-1984       63             0.008424        0.019901        0.013930
1980-1984       64             0.011081        0.022268        0.016384
1980-1984       65             0.011279        0.023475        0.017007
1980-1984       66             0.012021        0.023601        0.017442
1980-1984       67             0.014267        0.030438        0.021834
1980-1984       68             0.014167        0.032912        0.022891
1980-1984       69             0.017269        0.036153        0.025981
1980-1984       70             0.019631        0.036744        0.027464
1980-1984       71             0.019304        0.041787        0.029495
1980-1984       72             0.023471        0.050300        0.035446
1980-1984       73             0.025894        0.049969        0.036555
1980-1984       74             0.026984        0.055299        0.039478
1980-1984       75             0.033504        0.063506        0.046645
1980-1984       76             0.038639        0.068084        0.051430
1980-1984       77             0.038877        0.077733        0.055675
1980-1984       78             0.045326        0.082598        0.061190
1980-1984       79             0.055584        0.098770        0.073437
1980-1984       80             0.059351        0.101300        0.076093
1980-1984       81             0.059878        0.106086        0.077572
1980-1984       82             0.072053        0.124662        0.091279
1980-1984       83             0.084516        0.128583        0.099930
1980-1984       84             0.089593        0.135772        0.105050
1980-1984       85             0.095820        0.147646        0.112362
1980-1984       86             0.119113        0.182244        0.138351
1980-1984       87             0.121783        0.164303        0.134169
1980-1984       88             0.130008        0.175661        0.142799
1980-1984       89             0.161594        0.199684        0.172017
1980-1984       90             0.173009        0.261116        0.196308
1980-1984       91             0.191407        0.249143        0.205797
1980-1984       92             0.195028        0.288889        0.217269
1980-1984       93             0.243428        0.339215        0.265211
1980-1984       94             0.274810        0.235903        0.265999
1980-1984       95             0.256757        0.276849        0.261416
1980-1984       96             0.339065        0.364329        0.344896
1980-1984       97             0.340173        0.397588        0.353280
1980-1984       98             0.345059        0.582531        0.396921
1980-1984       99             0.365964        0.572791        0.404744
1980-1984      100             0.374643        0.754026        0.430350
1980-1984      101             0.417694        1.113665        0.488186
1980-1984      102             0.495143        2.309795        0.568660
1980-1984      103             0.608054              .        0.608054
1980-1984      104             0.929825              .        0.929825
1980-1984      105             1.363636              .        1.363636
1980-1984      106                   .              .              .
1980-1984      107                   .              .              .
1980-1984      108                   .              .              .
1980-1984      109                   .              .              .
1980-1984      110+                  .              .              .
1985-1989        0             0.007398        0.009606        0.008531
1985-1989        1             0.000891        0.000729        0.000808
1985-1989        2             0.000427        0.000501        0.000465
1985-1989        3             0.000255        0.000499        0.000380
1985-1989        4             0.000340        0.000323        0.000331
1985-1989        5             0.000172        0.000325        0.000251
1985-1989        6             0.000192        0.000279        0.000237
1985-1989        7             0.000193        0.000297        0.000247
1985-1989        8             0.000088        0.000166        0.000128
1985-1989        9             0.000248        0.000317        0.000283
1985-1989       10             0.000159        0.000166        0.000162
1985-1989       11             0.000244        0.000247        0.000245
1985-1989       12             0.000138        0.000163        0.000151
1985-1989       13             0.000184        0.000286        0.000237
1985-1989       14             0.000227        0.000231        0.000229
1985-1989       15             0.000223        0.000542        0.000387
1985-1989       16             0.000345        0.000580        0.000466
1985-1989       17             0.000454        0.001219        0.000847
1985-1989       18             0.000270        0.001353        0.000824
1985-1989       19             0.000374        0.001563        0.000980
1985-1989       20             0.000346        0.001369        0.000867
1985-1989       21             0.000182        0.001388        0.000795
1985-1989       22             0.000328        0.001454        0.000901
1985-1989       23             0.000628        0.001534        0.001090
1985-1989       24             0.000410        0.001366        0.000898
1985-1989       25             0.000357        0.001388        0.000883
1985-1989       26             0.000200        0.001366        0.000793
1985-1989       27             0.000382        0.001161        0.000777
1985-1989       28             0.000521        0.001342        0.000937
1985-1989       29             0.000556        0.001289        0.000928
1985-1989       30             0.000327        0.001078        0.000707
1985-1989       31             0.000424        0.001144        0.000787
1985-1989       32             0.000441        0.001281        0.000863
1985-1989       33             0.000490        0.001117        0.000804
1985-1989       34             0.000557        0.001205        0.000882
1985-1989       35             0.000612        0.001466        0.001041
1985-1989       36             0.000603        0.001197        0.000903
1985-1989       37             0.000776        0.001470        0.001129
1985-1989       38             0.000630        0.001312        0.000979
1985-1989       39             0.001015        0.001403        0.001215
1985-1989       40             0.001154        0.001632        0.001402
1985-1989       41             0.001006        0.001404        0.001213
1985-1989       42             0.000906        0.002022        0.001488
1985-1989       43             0.001333        0.002384        0.001881
1985-1989       44             0.001255        0.002245        0.001771
1985-1989       45             0.001827        0.002719        0.002292
1985-1989       46             0.001572        0.003294        0.002470
1985-1989       47             0.001858        0.003270        0.002592
1985-1989       48             0.001810        0.003342        0.002604
1985-1989       49             0.002497        0.003516        0.003024
1985-1989       50             0.002549        0.004914        0.003772
1985-1989       51             0.002415        0.004870        0.003683
1985-1989       52             0.002893        0.006116        0.004552
1985-1989       53             0.003170        0.005727        0.004482
1985-1989       54             0.004111        0.005957        0.005061
1985-1989       55             0.004552        0.008732        0.006708
1985-1989       56             0.004056        0.008084        0.006132
1985-1989       57             0.004975        0.008969        0.007029
1985-1989       58             0.006076        0.009880        0.008027
1985-1989       59             0.006726        0.011207        0.009020
1985-1989       60             0.006761        0.012478        0.009673
1985-1989       61             0.006363        0.014629        0.010547
1985-1989       62             0.007605        0.016523        0.012081
1985-1989       63             0.008732        0.017810        0.013245
1985-1989       64             0.010842        0.018640        0.014676
1985-1989       65             0.011580        0.020471        0.015909
1985-1989       66             0.011034        0.020721        0.015696
1985-1989       67             0.012815        0.026008        0.019080
1985-1989       68             0.012950        0.027962        0.019968
1985-1989       69             0.017161        0.032267        0.024121
1985-1989       70             0.017126        0.036601        0.025972
1985-1989       71             0.020658        0.040427        0.029535
1985-1989       72             0.021568        0.041734        0.030546
1985-1989       73             0.024373        0.045162        0.033532
1985-1989       74             0.028962        0.053306        0.039546
1985-1989       75             0.029416        0.056726        0.041155
1985-1989       76             0.032175        0.063916        0.045644
1985-1989       77             0.037863        0.066702        0.049886
1985-1989       78             0.042041        0.078653        0.057060
1985-1989       79             0.049461        0.089958        0.065831
1985-1989       80             0.058190        0.093472        0.072126
1985-1989       81             0.057428        0.100961        0.074399
1985-1989       82             0.070638        0.115949        0.087900
1985-1989       83             0.080299        0.128044        0.097907
1985-1989       84             0.093123        0.135275        0.108177
1985-1989       85             0.098346        0.147261        0.115211
1985-1989       86             0.100236        0.153878        0.117871
1985-1989       87             0.120388        0.195173        0.143565
1985-1989       88             0.120415        0.190406        0.140688
1985-1989       89             0.143705        0.236368        0.168579
1985-1989       90             0.177719        0.200344        0.183453
1985-1989       91             0.179654        0.281437        0.204387
1985-1989       92             0.195132        0.273347        0.212970
1985-1989       93             0.214277        0.300008        0.232734
1985-1989       94             0.253681        0.330143        0.269375
1985-1989       95             0.242566        0.324734        0.258875
1985-1989       96             0.324388        0.389310        0.336812
1985-1989       97             0.343951        0.413366        0.356855
1985-1989       98             0.294718        0.489188        0.329780
1985-1989       99             0.317052        0.445534        0.338592
1985-1989      100             0.428512        0.634488        0.458906
1985-1989      101             0.472950        0.825632        0.515518
1985-1989      102             0.524832        1.568480        0.600081
1985-1989      103             0.599357        6.000000        0.626699
1985-1989      104             0.760274              .        0.760274
1985-1989      105             1.103512              .        1.103512
1985-1989      106             1.605313              .        1.605313
1985-1989      107             6.000000              .        6.000000
1985-1989      108                   .              .              .
1985-1989      109                   .              .              .
1985-1989      110+                  .              .              .
1990-1994        0             0.006270        0.007501        0.006902
1990-1994        1             0.000621        0.000744        0.000684
1990-1994        2             0.000292        0.000354        0.000324
1990-1994        3             0.000242        0.000319        0.000282
1990-1994        4             0.000320        0.000241        0.000279
1990-1994        5             0.000127        0.000180        0.000155
1990-1994        6             0.000143        0.000195        0.000170
1990-1994        7             0.000174        0.000120        0.000146
1990-1994        8             0.000190        0.000194        0.000192
1990-1994        9             0.000207        0.000210        0.000209
1990-1994       10             0.000081        0.000242        0.000164
1990-1994       11             0.000016        0.000092        0.000055
1990-1994       12             0.000082        0.000185        0.000135
1990-1994       13             0.000314        0.000295        0.000304
1990-1994       14             0.000166        0.000265        0.000217
1990-1994       15             0.000215        0.000451        0.000336
1990-1994       16             0.000279        0.000650        0.000470
1990-1994       17             0.000408        0.001000        0.000713
1990-1994       18             0.000626        0.001259        0.000951
1990-1994       19             0.000248        0.001313        0.000794
1990-1994       20             0.000408        0.001389        0.000909
1990-1994       21             0.000433        0.001503        0.000979
1990-1994       22             0.000598        0.001427        0.001022
1990-1994       23             0.000364        0.001389        0.000888
1990-1994       24             0.000387        0.001170        0.000787
1990-1994       25             0.000438        0.001433        0.000944
1990-1994       26             0.000373        0.001184        0.000783
1990-1994       27             0.000367        0.001205        0.000789
1990-1994       28             0.000539        0.001242        0.000893
1990-1994       29             0.000396        0.001272        0.000837
1990-1994       30             0.000544        0.001187        0.000867
1990-1994       31             0.000524        0.001375        0.000952
1990-1994       32             0.000570        0.001273        0.000923
1990-1994       33             0.000618        0.001167        0.000894
1990-1994       34             0.000491        0.001260        0.000877
1990-1994       35             0.000609        0.001317        0.000963
1990-1994       36             0.000773        0.001524        0.001148
1990-1994       37             0.000676        0.001227        0.000951
1990-1994       38             0.000698        0.001430        0.001063
1990-1994       39             0.000884        0.001678        0.001281
1990-1994       40             0.000836        0.001294        0.001066
1990-1994       41             0.000928        0.001771        0.001354
1990-1994       42             0.000849        0.001610        0.001236
1990-1994       43             0.001232        0.001689        0.001466
1990-1994       44             0.001319        0.001985        0.001663
1990-1994       45             0.001412        0.002155        0.001796
1990-1994       46             0.001703        0.002300        0.002013
1990-1994       47             0.001759        0.002366        0.002075
1990-1994       48             0.001718        0.002839        0.002304
1990-1994       49             0.002073        0.003080        0.002598
1990-1994       50             0.001881        0.004037        0.003004
1990-1994       51             0.002530        0.003687        0.003131
1990-1994       52             0.002716        0.005198        0.004001
1990-1994       53             0.003194        0.005008        0.004131
1990-1994       54             0.002852        0.005598        0.004267
1990-1994       55             0.003733        0.006539        0.005172
1990-1994       56             0.003912        0.007077        0.005529
1990-1994       57             0.004459        0.008159        0.006343
1990-1994       58             0.004861        0.008265        0.006590
1990-1994       59             0.005796        0.009892        0.007872
1990-1994       60             0.007092        0.010913        0.009025
1990-1994       61             0.006393        0.012942        0.009712
1990-1994       62             0.007035        0.014355        0.010741
1990-1994       63             0.008401        0.014605        0.011523
1990-1994       64             0.008703        0.016710        0.012707
1990-1994       65             0.009665        0.018094        0.013852
1990-1994       66             0.010956        0.021732        0.016268
1990-1994       67             0.011424        0.022388        0.016789
1990-1994       68             0.013287        0.024618        0.018783
1990-1994       69             0.014350        0.028838        0.021280
1990-1994       70             0.016394        0.028770        0.022216
1990-1994       71             0.016807        0.032346        0.023991
1990-1994       72             0.020825        0.036365        0.027875
1990-1994       73             0.022638        0.038058        0.029525
1990-1994       74             0.024676        0.046167        0.034151
1990-1994       75             0.027877        0.048786        0.036918
1990-1994       76             0.031290        0.059957        0.043425
1990-1994       77             0.036453        0.061752        0.047015
1990-1994       78             0.039358        0.073035        0.053135
1990-1994       79             0.040646        0.072765        0.053548
1990-1994       80             0.050618        0.085882        0.064309
1990-1994       81             0.052200        0.096460        0.068966
1990-1994       82             0.062329        0.097860        0.075469
1990-1994       83             0.070839        0.111475        0.085561
1990-1994       84             0.078479        0.121378        0.093693
1990-1994       85             0.088932        0.140634        0.106861
1990-1994       86             0.096954        0.146309        0.113634
1990-1994       87             0.120236        0.165693        0.135088
1990-1994       88             0.119770        0.177146        0.137736
1990-1994       89             0.149019        0.179122        0.158100
1990-1994       90             0.157325        0.223081        0.176240
1990-1994       91             0.161471        0.218062        0.176597
1990-1994       92             0.197611        0.262931        0.213804
1990-1994       93             0.213885        0.250204        0.222239
1990-1994       94             0.262150        0.350938        0.280856
1990-1994       95             0.249457        0.302447        0.259617
1990-1994       96             0.285764        0.331119        0.294062
1990-1994       97             0.342512        0.498921        0.369315
1990-1994       98             0.385655        0.342789        0.378888
1990-1994       99             0.346543        0.432686        0.359711
1990-1994      100             0.415084        0.543231        0.433241
1990-1994      101             0.455902        0.634400        0.476801
1990-1994      102             0.506951        0.921561        0.541447
1990-1994      103             0.581490        1.783282        0.633004
1990-1994      104             0.726311        6.000000        0.748826
1990-1994      105             1.104741              .        1.104741
1990-1994      106             1.847682              .        1.847682
1990-1994      107             6.000000              .        6.000000
1990-1994      108                   .              .              .
1990-1994      109                   .              .              .
1990-1994      110+                  .              .              .
1995-1999        0             0.004293        0.006195        0.005268
1995-1999        1             0.000538        0.000785        0.000665
1995-1999        2             0.000259        0.000458        0.000361
1995-1999        3             0.000240        0.000227        0.000234
1995-1999        4             0.000221        0.000180        0.000200
1995-1999        5             0.000234        0.000148        0.000190
1995-1999        6             0.000247        0.000234        0.000240
1995-1999        7             0.000092        0.000233        0.000164
1995-1999        8             0.000076        0.000145        0.000111
1995-1999        9             0.000106        0.000086        0.000096
1995-1999       10             0.000136        0.000100        0.000118
1995-1999       11             0.000196        0.000273        0.000236
1995-1999       12             0.000121        0.000200        0.000162
1995-1999       13             0.000197        0.000215        0.000206
1995-1999       14             0.000168        0.000303        0.000237
1995-1999       15             0.000279        0.000526        0.000406
1995-1999       16             0.000454        0.000606        0.000532
1995-1999       17             0.000300        0.000899        0.000608
1995-1999       18             0.000432        0.001194        0.000823
1995-1999       19             0.000303        0.001194        0.000761
1995-1999       20             0.000442        0.001289        0.000876
1995-1999       21             0.000530        0.001497        0.001026
1995-1999       22             0.000355        0.001539        0.000963
1995-1999       23             0.000318        0.001434        0.000891
1995-1999       24             0.000384        0.001333        0.000870
1995-1999       25             0.000608        0.001408        0.001017
1995-1999       26             0.000429        0.001344        0.000897
1995-1999       27             0.000542        0.001200        0.000876
1995-1999       28             0.000344        0.001464        0.000912
1995-1999       29             0.000594        0.001692        0.001148
1995-1999       30             0.000350        0.001497        0.000927
1995-1999       31             0.000552        0.001394        0.000975
1995-1999       32             0.000515        0.001348        0.000933
1995-1999       33             0.000813        0.001717        0.001266
1995-1999       34             0.000482        0.001167        0.000825
1995-1999       35             0.000747        0.001351        0.001050
1995-1999       36             0.000580        0.001570        0.001077
1995-1999       37             0.000515        0.001270        0.000893
1995-1999       38             0.000765        0.001675        0.001221
1995-1999       39             0.000812        0.001649        0.001231
1995-1999       40             0.001069        0.001562        0.001315
1995-1999       41             0.001010        0.001975        0.001492
1995-1999       42             0.000992        0.001768        0.001379
1995-1999       43             0.001176        0.001886        0.001530
1995-1999       44             0.001389        0.001865        0.001627
1995-1999       45             0.001195        0.001770        0.001485
1995-1999       46             0.001282        0.002282        0.001788
1995-1999       47             0.001201        0.002650        0.001938
1995-1999       48             0.001707        0.002158        0.001938
1995-1999       49             0.001755        0.002970        0.002379
1995-1999       50             0.001867        0.003073        0.002489
1995-1999       51             0.002289        0.003735        0.003036
1995-1999       52             0.002766        0.003584        0.003190
1995-1999       53             0.002783        0.004150        0.003493
1995-1999       54             0.002962        0.004555        0.003788
1995-1999       55             0.003212        0.004830        0.004049
1995-1999       56             0.003363        0.005512        0.004472
1995-1999       57             0.003592        0.006499        0.005087
1995-1999       58             0.003690        0.006978        0.005374
1995-1999       59             0.004809        0.007364        0.006113
1995-1999       60             0.004391        0.008657        0.006559
1995-1999       61             0.005818        0.009981        0.007924
1995-1999       62             0.006068        0.011010        0.008554
1995-1999       63             0.006806        0.012741        0.009774
1995-1999       64             0.006615        0.014687        0.010642
1995-1999       65             0.008011        0.016370        0.012174
1995-1999       66             0.009171        0.018550        0.013830
1995-1999       67             0.010533        0.019989        0.015219
1995-1999       68             0.012439        0.021968        0.017136
1995-1999       69             0.011649        0.025218        0.018267
1995-1999       70             0.014823        0.026497        0.020468
1995-1999       71             0.016053        0.028207        0.021875
1995-1999       72             0.018093        0.033105        0.025199
1995-1999       73             0.019811        0.034846        0.026828
1995-1999       74             0.023322        0.041101        0.031469
1995-1999       75             0.024678        0.043620        0.033193
1995-1999       76             0.027622        0.048379        0.036752
1995-1999       77             0.030274        0.052382        0.039775
1995-1999       78             0.033355        0.059078        0.044131
1995-1999       79             0.040881        0.065795        0.051049
1995-1999       80             0.046497        0.079343        0.059290
1995-1999       81             0.052570        0.087528        0.065863
1995-1999       82             0.055853        0.094872        0.070312
1995-1999       83             0.062244        0.107632        0.078568
1995-1999       84             0.075050        0.120368        0.090853
1995-1999       85             0.087132        0.134024        0.102993
1995-1999       86             0.092930        0.148120        0.110992
1995-1999       87             0.114127        0.166485        0.130737
1995-1999       88             0.121970        0.182707        0.140630
1995-1999       89             0.143782        0.195447        0.159130
1995-1999       90             0.157442        0.216994        0.174653
1995-1999       91             0.175719        0.238883        0.193450
1995-1999       92             0.203385        0.247761        0.215332
1995-1999       93             0.221897        0.279705        0.236707
1995-1999       94             0.233427        0.290290        0.247329
1995-1999       95             0.265068        0.342643        0.282918
1995-1999       96             0.318432        0.427312        0.341104
1995-1999       97             0.325728        0.400048        0.339323
1995-1999       98             0.334739        0.342393        0.335983
1995-1999       99             0.345317        0.214265        0.324337
1995-1999      100             0.439509        0.568690        0.460176
1995-1999      101             0.482927        0.659190        0.507883
1995-1999      102             0.532941        0.807717        0.564697
1995-1999      103             0.599369        1.098231        0.637188
1995-1999      104             0.700437        2.761905        0.749645
1995-1999      105             0.920936              .        0.920936
1995-1999      106             1.416606              .        1.416606
1995-1999      107             2.848485              .        2.848485
1995-1999      108                   .              .              .
1995-1999      109                   .              .              .
1995-1999      110+                  .              .              .
2000-2004        0             0.003768        0.004853        0.004324
2000-2004        1             0.000296        0.000628        0.000466
2000-2004        2             0.000244        0.000372        0.000309
2000-2004        3             0.000193        0.000153        0.000172
2000-2004        4             0.000159        0.000196        0.000178
2000-2004        5             0.000094        0.000222        0.000160
2000-2004        6             0.000171        0.000175        0.000173
2000-2004        7             0.000108        0.000115        0.000112
2000-2004        8             0.000212        0.000228        0.000220
2000-2004        9             0.000105        0.000169        0.000138
2000-2004       10             0.000208        0.000112        0.000158
2000-2004       11             0.000103        0.000125        0.000114
2000-2004       12             0.000058        0.000208        0.000135
2000-2004       13             0.000146        0.000152        0.000149
2000-2004       14             0.000189        0.000233        0.000212
2000-2004       15             0.000203        0.000412        0.000310
2000-2004       16             0.000232        0.000482        0.000360
2000-2004       17             0.000348        0.000771        0.000565
2000-2004       18             0.000334        0.000898        0.000623
2000-2004       19             0.000380        0.001097        0.000748
2000-2004       20             0.000458        0.001022        0.000747
2000-2004       21             0.000435        0.001120        0.000787
2000-2004       22             0.000504        0.001066        0.000793
2000-2004       23             0.000388        0.001011        0.000709
2000-2004       24             0.000423        0.000982        0.000710
2000-2004       25             0.000516        0.001121        0.000826
2000-2004       26             0.000557        0.000988        0.000776
2000-2004       27             0.000487        0.001069        0.000782
2000-2004       28             0.000356        0.001340        0.000852
2000-2004       29             0.000503        0.001567        0.001039
2000-2004       30             0.000586        0.001236        0.000914
2000-2004       31             0.000425        0.001460        0.000946
2000-2004       32             0.000557        0.001110        0.000836
2000-2004       33             0.000533        0.001117        0.000827
2000-2004       34             0.000607        0.001121        0.000865
2000-2004       35             0.000554        0.001050        0.000802
2000-2004       36             0.000674        0.001308        0.000991
2000-2004       37             0.000815        0.001371        0.001093
2000-2004       38             0.000789        0.001402        0.001096
2000-2004       39             0.000885        0.001568        0.001227
2000-2004       40             0.000809        0.001368        0.001089
2000-2004       41             0.001067        0.001508        0.001288
2000-2004       42             0.000940        0.001575        0.001257
2000-2004       43             0.001058        0.001875        0.001465
2000-2004       44             0.000980        0.001824        0.001401
2000-2004       45             0.001195        0.001932        0.001562
2000-2004       46             0.001254        0.002496        0.001873
2000-2004       47             0.001538        0.002109        0.001823
2000-2004       48             0.001843        0.002417        0.002130
2000-2004       49             0.001546        0.002941        0.002244
2000-2004       50             0.001860        0.002666        0.002264
2000-2004       51             0.001912        0.003023        0.002472
2000-2004       52             0.002108        0.002889        0.002504
2000-2004       53             0.002366        0.003516        0.002952
2000-2004       54             0.002366        0.003408        0.002899
2000-2004       55             0.002619        0.004027        0.003343
2000-2004       56             0.003198        0.004674        0.003960
2000-2004       57             0.003289        0.005800        0.004588
2000-2004       58             0.003383        0.005185        0.004314
2000-2004       59             0.003957        0.006451        0.005242
2000-2004       60             0.004785        0.006915        0.005877
2000-2004       61             0.005449        0.008331        0.006922
2000-2004       62             0.005152        0.008841        0.007032
2000-2004       63             0.005752        0.009848        0.007832
2000-2004       64             0.006062        0.011028        0.008572
2000-2004       65             0.007713        0.012075        0.009904
2000-2004       66             0.007294        0.013695        0.010488
2000-2004       67             0.008558        0.015080        0.011785
2000-2004       68             0.008979        0.017206        0.013027
2000-2004       69             0.010788        0.017843        0.014253
2000-2004       70             0.012193        0.020787        0.016403
2000-2004       71             0.013060        0.024204        0.018499
2000-2004       72             0.015155        0.027599        0.021184
2000-2004       73             0.017079        0.030165        0.023362
2000-2004       74             0.019841        0.034363        0.026736
2000-2004       75             0.022157        0.035252        0.028281
2000-2004       76             0.024507        0.040307        0.031789
2000-2004       77             0.026033        0.043136        0.033803
2000-2004       78             0.029873        0.053133        0.040224
2000-2004       79             0.033831        0.057549        0.044082
2000-2004       80             0.039816        0.067126        0.051028
2000-2004       81             0.047286        0.074449        0.058079
2000-2004       82             0.051432        0.083266        0.063677
2000-2004       83             0.062987        0.092200        0.073909
2000-2004       84             0.064611        0.100971        0.077782
2000-2004       85             0.072956        0.117597        0.088482
2000-2004       86             0.084558        0.128503        0.099235
2000-2004       87             0.099168        0.137983        0.111670
2000-2004       88             0.112913        0.171755        0.131096
2000-2004       89             0.126388        0.183090        0.143098
2000-2004       90             0.136826        0.177992        0.148510
2000-2004       91             0.164885        0.219075        0.179730
2000-2004       92             0.178914        0.243888        0.195935
2000-2004       93             0.211947        0.259604        0.223921
2000-2004       94             0.214622        0.277262        0.229748
2000-2004       95             0.270567        0.329127        0.284093
2000-2004       96             0.270105        0.382716        0.294592
2000-2004       97             0.310360        0.339487        0.316264
2000-2004       98             0.296147        0.302416        0.297397
2000-2004       99             0.365514        0.435259        0.379422
2000-2004      100             0.390928        0.430553        0.398475
2000-2004      101             0.423368        0.466801        0.431045
2000-2004      102             0.462166        0.551410        0.476554
2000-2004      103             0.509852        0.755206        0.543063
2000-2004      104             0.581481        0.978523        0.619923
2000-2004      105             0.744883        1.365079        0.781588
2000-2004      106             1.263873        6.000000        1.332589
2000-2004      107             1.575290              .        1.575290
2000-2004      108                   .              .              .
2000-2004      109                   .              .              .
2000-2004      110+                  .              .              .
2005-2009        0             0.003661        0.003695        0.003678
2005-2009        1             0.000319        0.000414        0.000368
2005-2009        2             0.000178        0.000253        0.000216
2005-2009        3             0.000075        0.000185        0.000132
2005-2009        4             0.000136        0.000158        0.000147
2005-2009        5             0.000151        0.000215        0.000184
2005-2009        6             0.000180        0.000114        0.000146
2005-2009        7             0.000149        0.000213        0.000182
2005-2009        8             0.000089        0.000098        0.000093
2005-2009        9             0.000117        0.000138        0.000128
2005-2009       10             0.000160        0.000164        0.000162
2005-2009       11             0.000072        0.000162        0.000118
2005-2009       12             0.000157        0.000120        0.000138
2005-2009       13             0.000128        0.000120        0.000124
2005-2009       14             0.000155        0.000119        0.000136
2005-2009       15             0.000181        0.000251        0.000217
2005-2009       16             0.000291        0.000446        0.000371
2005-2009       17             0.000387        0.000652        0.000523
2005-2009       18             0.000259        0.000876        0.000577
2005-2009       19             0.000388        0.000743        0.000571
2005-2009       20             0.000238        0.001066        0.000664
2005-2009       21             0.000301        0.000773        0.000545
2005-2009       22             0.000379        0.000801        0.000598
2005-2009       23             0.000262        0.000927        0.000608
2005-2009       24             0.000317        0.001087        0.000719
2005-2009       25             0.000321        0.000993        0.000672
2005-2009       26             0.000461        0.000864        0.000671
2005-2009       27             0.000329        0.000923        0.000636
2005-2009       28             0.000443        0.000842        0.000648
2005-2009       29             0.000541        0.001081        0.000817
2005-2009       30             0.000486        0.000857        0.000675
2005-2009       31             0.000291        0.001299        0.000803
2005-2009       32             0.000451        0.001317        0.000890
2005-2009       33             0.000575        0.000967        0.000773
2005-2009       34             0.000689        0.001181        0.000938
2005-2009       35             0.000622        0.001324        0.000978
2005-2009       36             0.000512        0.001140        0.000830
2005-2009       37             0.000558        0.001178        0.000873
2005-2009       38             0.000672        0.001356        0.001019
2005-2009       39             0.000808        0.001291        0.001053
2005-2009       40             0.000879        0.001436        0.001160
2005-2009       41             0.001161        0.001721        0.001443
2005-2009       42             0.000955        0.001577        0.001269
2005-2009       43             0.000935        0.001752        0.001346
2005-2009       44             0.001164        0.002012        0.001591
2005-2009       45             0.001122        0.001994        0.001561
2005-2009       46             0.001388        0.002442        0.001917
2005-2009       47             0.001405        0.002243        0.001825
2005-2009       48             0.001765        0.002373        0.002070
2005-2009       49             0.001821        0.002823        0.002324
2005-2009       50             0.001746        0.002908        0.002330
2005-2009       51             0.001904        0.002941        0.002424
2005-2009       52             0.002312        0.003657        0.002987
2005-2009       53             0.001930        0.003702        0.002818
2005-2009       54             0.002283        0.004121        0.003205
2005-2009       55             0.002719        0.003976        0.003352
2005-2009       56             0.003061        0.004292        0.003682
2005-2009       57             0.003130        0.005074        0.004115
2005-2009       58             0.003448        0.005861        0.004675
2005-2009       59             0.003505        0.006411        0.004987
2005-2009       60             0.003807        0.006690        0.005280
2005-2009       61             0.003995        0.007541        0.005811
2005-2009       62             0.004364        0.007574        0.006008
2005-2009       63             0.004540        0.008801        0.006718
2005-2009       64             0.005485        0.008783        0.007165
2005-2009       65             0.005719        0.011402        0.008596
2005-2009       66             0.006684        0.012136        0.009432
2005-2009       67             0.007636        0.013558        0.010613
2005-2009       68             0.008696        0.014192        0.011445
2005-2009       69             0.008477        0.016924        0.012679
2005-2009       70             0.010474        0.017732        0.014063
2005-2009       71             0.011766        0.019009        0.015322
2005-2009       72             0.013408        0.020689        0.016953
2005-2009       73             0.014469        0.024686        0.019393
2005-2009       74             0.015527        0.027913        0.021443
2005-2009       75             0.018909        0.030913        0.024605
2005-2009       76             0.021827        0.037164        0.029040
2005-2009       77             0.021369        0.041089        0.030539
2005-2009       78             0.027584        0.046822        0.036412
2005-2009       79             0.029450        0.048408        0.038012
2005-2009       80             0.035585        0.058596        0.045698
2005-2009       81             0.039553        0.068184        0.051838
2005-2009       82             0.046864        0.073324        0.057895
2005-2009       83             0.053733        0.082885        0.065491
2005-2009       84             0.061639        0.097626        0.075614
2005-2009       85             0.069684        0.104203        0.082592
2005-2009       86             0.081490        0.120151        0.095381
2005-2009       87             0.092987        0.134588        0.107290
2005-2009       88             0.105152        0.142199        0.117380
2005-2009       89             0.117984        0.162357        0.131995
2005-2009       90             0.139603        0.197527        0.156834
2005-2009       91             0.157967        0.198731        0.169435
2005-2009       92             0.179440        0.223452        0.191317
2005-2009       93             0.185360        0.258245        0.204015
2005-2009       94             0.237242        0.313672        0.255481
2005-2009       95             0.250391        0.288406        0.258965
2005-2009       96             0.300055        0.335718        0.307840
2005-2009       97             0.289679        0.350085        0.302506
2005-2009       98             0.318471        0.372674        0.329510
2005-2009       99             0.366903        0.351868        0.363995
2005-2009      100             0.414277        0.459996        0.422833
2005-2009      101             0.450460        0.496535        0.458779
2005-2009      102             0.487937        0.546811        0.498008
2005-2009      103             0.529136        0.627528        0.544880
2005-2009      104             0.583210        0.819222        0.616088
2005-2009      105             0.661096        1.205150        0.708495
2005-2009      106             0.826474        1.457944        0.838757
2005-2009      107             1.478845              .        1.478845
2005-2009      108             6.000000              .        6.000000
2005-2009      109                   .              .              .
2005-2009      110+                  .              .              .
2010-2014        0             0.002525        0.003066        0.002802
2010-2014        1             0.000274        0.000321        0.000298
2010-2014        2             0.000187        0.000227        0.000208
2010-2014        3             0.000125        0.000228        0.000178
2010-2014        4             0.000101        0.000084        0.000092
2010-2014        5             0.000165        0.000158        0.000161
2010-2014        6             0.000154        0.000123        0.000138
2010-2014        7             0.000091        0.000188        0.000141
2010-2014        8             0.000160        0.000192        0.000176
2010-2014        9             0.000095        0.000144        0.000120
2010-2014       10             0.000232        0.000145        0.000188
2010-2014       11             0.000123        0.000105        0.000114
2010-2014       12             0.000109        0.000105        0.000107
2010-2014       13             0.000149        0.000143        0.000146
2010-2014       14             0.000176        0.000155        0.000165
2010-2014       15             0.000135        0.000281        0.000210
2010-2014       16             0.000242        0.000380        0.000313
2010-2014       17             0.000146        0.000450        0.000303
2010-2014       18             0.000315        0.000776        0.000553
2010-2014       19             0.000255        0.000719        0.000495
2010-2014       20             0.000359        0.000756        0.000564
2010-2014       21             0.000275        0.000674        0.000481
2010-2014       22             0.000242        0.000702        0.000479
2010-2014       23             0.000300        0.000746        0.000531
2010-2014       24             0.000367        0.000700        0.000540
2010-2014       25             0.000265        0.000702        0.000493
2010-2014       26             0.000314        0.000742        0.000537
2010-2014       27             0.000312        0.000767        0.000549
2010-2014       28             0.000261        0.000715        0.000497
2010-2014       29             0.000360        0.000896        0.000638
2010-2014       30             0.000323        0.000916        0.000630
2010-2014       31             0.000474        0.001045        0.000769
2010-2014       32             0.000431        0.001102        0.000776
2010-2014       33             0.000338        0.000974        0.000664
2010-2014       34             0.000391        0.001308        0.000859
2010-2014       35             0.000588        0.001342        0.000972
2010-2014       36             0.000482        0.001236        0.000865
2010-2014       37             0.000612        0.001429        0.001027
2010-2014       38             0.000673        0.001178        0.000930
2010-2014       39             0.000807        0.001116        0.000964
2010-2014       40             0.000668        0.001503        0.001092
2010-2014       41             0.000976        0.001715        0.001351
2010-2014       42             0.001121        0.001666        0.001397
2010-2014       43             0.000841        0.001640        0.001245
2010-2014       44             0.000964        0.001910        0.001442
2010-2014       45             0.001115        0.002057        0.001590
2010-2014       46             0.001223        0.002233        0.001733
2010-2014       47             0.001551        0.002258        0.001908
2010-2014       48             0.001261        0.002435        0.001852
2010-2014       49             0.001666        0.002356        0.002013
2010-2014       50             0.001934        0.002632        0.002284
2010-2014       51             0.001999        0.002963        0.002482
2010-2014       52             0.001933        0.003139        0.002537
2010-2014       53             0.002037        0.003548        0.002794
2010-2014       54             0.002222        0.003201        0.002712
2010-2014       55             0.002600        0.004160        0.003380
2010-2014       56             0.002569        0.004554        0.003560
2010-2014       57             0.003048        0.004689        0.003865
2010-2014       58             0.003213        0.005136        0.004169
2010-2014       59             0.003295        0.005402        0.004344
2010-2014       60             0.003504        0.006397        0.004946
2010-2014       61             0.003666        0.006542        0.005102
2010-2014       62             0.004713        0.007216        0.005968
2010-2014       63             0.004865        0.007541        0.006213
2010-2014       64             0.005009        0.008634        0.006838
2010-2014       65             0.005232        0.009596        0.007435
2010-2014       66             0.006766        0.010696        0.008752
2010-2014       67             0.006091        0.012024        0.009082
2010-2014       68             0.006867        0.013136        0.010013
2010-2014       69             0.008896        0.013711        0.011304
2010-2014       70             0.009712        0.015911        0.012798
2010-2014       71             0.009907        0.017018        0.013427
2010-2014       72             0.010776        0.019393        0.015018
2010-2014       73             0.013215        0.020975        0.017009
2010-2014       74             0.014548        0.024103        0.019179
2010-2014       75             0.015399        0.028277        0.021565
2010-2014       76             0.017018        0.029087        0.022721
2010-2014       77             0.020612        0.033681        0.026704
2010-2014       78             0.022473        0.040161        0.030596
2010-2014       79             0.026878        0.045347        0.035231
2010-2014       80             0.032891        0.050534        0.040828
2010-2014       81             0.033820        0.051207        0.041534
2010-2014       82             0.042187        0.063412        0.051499
2010-2014       83             0.047665        0.073457        0.058810
2010-2014       84             0.058164        0.083704        0.068906
2010-2014       85             0.064254        0.090115        0.074780
2010-2014       86             0.073722        0.108888        0.087568
2010-2014       87             0.084382        0.121201        0.098327
2010-2014       88             0.093963        0.133674        0.108351
2010-2014       89             0.112683        0.148212        0.124963
2010-2014       90             0.130588        0.168796        0.143234
2010-2014       91             0.152766        0.195222        0.166169
2010-2014       92             0.166432        0.240095        0.188244
2010-2014       93             0.189058        0.238334        0.202712
2010-2014       94             0.220933        0.269493        0.233662
2010-2014       95             0.251083        0.307541        0.264944
2010-2014       96             0.299217        0.324510        0.305072
2010-2014       97             0.306413        0.315416        0.308417
2010-2014       98             0.332527        0.357176        0.337866
2010-2014       99             0.367795        0.472216        0.389377
2010-2014      100             0.426138        0.499447        0.440220
2010-2014      101             0.467475        0.553388        0.483013
2010-2014      102             0.509431        0.621629        0.528604
2010-2014      103             0.554096        0.738372        0.582084
2010-2014      104             0.609031        1.006579        0.656803
2010-2014      105             0.691832        1.541159        0.758019
2010-2014      106             0.847388        2.880000        0.925796
2010-2014      107             1.237822              .        1.237822
2010-2014      108             2.067653              .        2.067653
2010-2014      109                   .              .              .
2010-2014      110+                  .              .              .
2015-2019        0             0.002112        0.003109        0.002626
2015-2019        1             0.000203        0.000237        0.000220
2015-2019        2             0.000154        0.000157        0.000156
2015-2019        3             0.000083        0.000134        0.000109
2015-2019        4             0.000095        0.000090        0.000092
2015-2019        5             0.000071        0.000090        0.000081
2015-2019        6             0.000059        0.000135        0.000098
2015-2019        7             0.000083        0.000102        0.000093
2015-2019        8             0.000024        0.000158        0.000093
2015-2019        9             0.000072        0.000068        0.000070
2015-2019       10             0.000195        0.000151        0.000172
2015-2019       11             0.000087        0.000153        0.000121
2015-2019       12             0.000127        0.000145        0.000136
2015-2019       13             0.000130        0.000162        0.000146
2015-2019       14             0.000147        0.000152        0.000149
2015-2019       15             0.000174        0.000204        0.000189
2015-2019       16             0.000134        0.000370        0.000255
2015-2019       17             0.000214        0.000532        0.000377
2015-2019       18             0.000212        0.000662        0.000444
2015-2019       19             0.000220        0.000789        0.000513
2015-2019       20             0.000367        0.000742        0.000561
2015-2019       21             0.000186        0.000542        0.000370
2015-2019       22             0.000266        0.000737        0.000509
2015-2019       23             0.000293        0.000772        0.000540
2015-2019       24             0.000238        0.000808        0.000530
2015-2019       25             0.000359        0.000819        0.000593
2015-2019       26             0.000410        0.000769        0.000592
2015-2019       27             0.000246        0.000886        0.000569
2015-2019       28             0.000300        0.000995        0.000649
2015-2019       29             0.000294        0.000705        0.000501
2015-2019       30             0.000339        0.001091        0.000717
2015-2019       31             0.000457        0.000865        0.000662
2015-2019       32             0.000410        0.000876        0.000645
2015-2019       33             0.000465        0.001114        0.000793
2015-2019       34             0.000524        0.000991        0.000760
2015-2019       35             0.000597        0.001154        0.000879
2015-2019       36             0.000476        0.001299        0.000892
2015-2019       37             0.000663        0.001382        0.001026
2015-2019       38             0.000894        0.001378        0.001139
2015-2019       39             0.000821        0.001402        0.001114
2015-2019       40             0.000958        0.001364        0.001163
2015-2019       41             0.000839        0.001606        0.001225
2015-2019       42             0.001128        0.001725        0.001429
2015-2019       43             0.001101        0.001529        0.001317
2015-2019       44             0.001312        0.001909        0.001613
2015-2019       45             0.001144        0.002273        0.001712
2015-2019       46             0.001137        0.002420        0.001783
2015-2019       47             0.001243        0.002563        0.001906
2015-2019       48             0.001676        0.002640        0.002160
2015-2019       49             0.001729        0.002727        0.002230
2015-2019       50             0.001503        0.002760        0.002134
2015-2019       51             0.001981        0.002997        0.002490
2015-2019       52             0.001930        0.003020        0.002477
2015-2019       53             0.002127        0.003444        0.002786
2015-2019       54             0.002315        0.003413        0.002865
2015-2019       55             0.002342        0.004108        0.003223
2015-2019       56             0.002793        0.004543        0.003664
2015-2019       57             0.003266        0.004295        0.003778
2015-2019       58             0.003056        0.005109        0.004074
2015-2019       59             0.003389        0.005138        0.004254
2015-2019       60             0.003699        0.006020        0.004844
2015-2019       61             0.004209        0.006274        0.005223
2015-2019       62             0.004292        0.007072        0.005656
2015-2019       63             0.004076        0.008297        0.006143
2015-2019       64             0.004981        0.008146        0.006537
2015-2019       65             0.005338        0.009167        0.007224
2015-2019       66             0.005406        0.009537        0.007440
2015-2019       67             0.006149        0.010582        0.008344
2015-2019       68             0.006135        0.012191        0.009148
2015-2019       69             0.007304        0.012981        0.010122
2015-2019       70             0.007760        0.014575        0.011144
2015-2019       71             0.010239        0.015264        0.012736
2015-2019       72             0.010226        0.016935        0.013556
2015-2019       73             0.011073        0.019542        0.015254
2015-2019       74             0.013849        0.022418        0.018065
2015-2019       75             0.015223        0.024713        0.019838
2015-2019       76             0.017532        0.028205        0.022692
2015-2019       77             0.019781        0.028322        0.023870
2015-2019       78             0.021967        0.033759        0.027553
2015-2019       79             0.025943        0.040323        0.032664
2015-2019       80             0.029636        0.044383        0.036434
2015-2019       81             0.031158        0.047751        0.038727
2015-2019       82             0.037619        0.058009        0.046738
2015-2019       83             0.042101        0.062357        0.051004
2015-2019       84             0.049760        0.073588        0.060091
2015-2019       85             0.060269        0.086031        0.071277
2015-2019       86             0.066198        0.095589        0.078445
2015-2019       87             0.082195        0.103978        0.091107
2015-2019       88             0.088013        0.116177        0.099290
2015-2019       89             0.109168        0.132532        0.118211
2015-2019       90             0.122844        0.160310        0.136707
2015-2019       91             0.136537        0.185980        0.153940
2015-2019       92             0.158460        0.206645        0.174479
2015-2019       93             0.167617        0.219263        0.183718
2015-2019       94             0.212206        0.278308        0.231454
2015-2019       95             0.222843        0.304806        0.245093
2015-2019       96             0.268294        0.293655        0.274768
2015-2019       97             0.295117        0.354933        0.309561
2015-2019       98             0.308596        0.411753        0.331634
2015-2019       99             0.339143        0.406576        0.352978
2015-2019      100             0.415704        0.525995        0.436549
2015-2019      101             0.459825        0.590022        0.481971
2015-2019      102             0.507556        0.672904        0.532347
2015-2019      103             0.560485        0.793306        0.590591
2015-2019      104             0.626171        1.016496        0.666868
2015-2019      105             0.713658        1.951747        0.786924
2015-2019      106             0.849988        6.000000        0.864871
2015-2019      107             1.155745              .        1.155745
2015-2019      108             2.720611              .        2.720611
2015-2019      109                   .              .              .
2015-2019      110+                  .              .              .
