ACT, Life tables (period 1x10), Total	Last modified: 23 May 2023;  Methods Protocol: v6 (2017)

  Year          Age         mx       qx    ax      lx      dx      Lx       Tx     ex
1971-1979        0      0.01453  0.01435  0.12  100000    1435   98736  7437301  74.37
1971-1979        1      0.00126  0.00126  0.50   98565     124   98503  7338565  74.45
1971-1979        2      0.00082  0.00082  0.50   98441      81   98401  7240062  73.55
1971-1979        3      0.00061  0.00061  0.50   98360      60   98330  7141661  72.61
1971-1979        4      0.00049  0.00049  0.50   98300      48   98276  7043331  71.65
1971-1979        5      0.00036  0.00036  0.50   98252      35   98234  6945056  70.69
1971-1979        6      0.00047  0.00047  0.50   98216      46   98193  6846822  69.71
1971-1979        7      0.00048  0.00048  0.50   98170      47   98147  6748628  68.74
1971-1979        8      0.00046  0.00046  0.50   98123      45   98100  6650482  67.78
1971-1979        9      0.00031  0.00031  0.50   98078      30   98062  6552382  66.81
1971-1979       10      0.00034  0.00034  0.50   98047      34   98030  6454319  65.83
1971-1979       11      0.00082  0.00082  0.50   98014      80   97973  6356289  64.85
1971-1979       12      0.00054  0.00054  0.50   97933      53   97907  6258315  63.90
1971-1979       13      0.00058  0.00058  0.50   97880      57   97852  6160409  62.94
1971-1979       14      0.00071  0.00071  0.50   97824      70   97789  6062557  61.97
1971-1979       15      0.00063  0.00063  0.50   97754      61   97724  5964767  61.02
1971-1979       16      0.00126  0.00126  0.50   97693     123   97632  5867044  60.06
1971-1979       17      0.00110  0.00110  0.50   97570     107   97517  5769412  59.13
1971-1979       18      0.00146  0.00146  0.50   97463     142   97392  5671895  58.20
1971-1979       19      0.00140  0.00140  0.50   97321     136   97253  5574503  57.28
1971-1979       20      0.00140  0.00140  0.50   97185     136   97117  5477250  56.36
1971-1979       21      0.00130  0.00129  0.50   97049     126   96986  5380134  55.44
1971-1979       22      0.00145  0.00145  0.50   96923     140   96853  5283148  54.51
1971-1979       23      0.00119  0.00119  0.50   96783     115   96725  5186295  53.59
1971-1979       24      0.00086  0.00086  0.50   96667      83   96626  5089570  52.65
1971-1979       25      0.00073  0.00073  0.50   96584      70   96549  4992944  51.70
1971-1979       26      0.00098  0.00098  0.50   96514      95   96466  4896396  50.73
1971-1979       27      0.00101  0.00101  0.50   96419      97   96370  4799930  49.78
1971-1979       28      0.00080  0.00080  0.50   96322      77   96283  4703559  48.83
1971-1979       29      0.00092  0.00092  0.50   96245      89   96200  4607276  47.87
1971-1979       30      0.00132  0.00132  0.50   96156     127   96092  4511076  46.91
1971-1979       31      0.00112  0.00112  0.50   96029     107   95975  4414984  45.98
1971-1979       32      0.00099  0.00099  0.50   95922      95   95874  4319008  45.03
1971-1979       33      0.00050  0.00050  0.50   95826      48   95803  4223134  44.07
1971-1979       34      0.00163  0.00162  0.50   95779     156   95701  4127332  43.09
1971-1979       35      0.00141  0.00141  0.50   95623     135   95556  4031631  42.16
1971-1979       36      0.00113  0.00113  0.50   95488     108   95434  3936075  41.22
1971-1979       37      0.00138  0.00138  0.50   95381     132   95315  3840640  40.27
1971-1979       38      0.00204  0.00204  0.50   95249     194   95151  3745326  39.32
1971-1979       39      0.00178  0.00178  0.50   95054     169   94970  3650174  38.40
1971-1979       40      0.00167  0.00167  0.50   94885     159   94806  3555205  37.47
1971-1979       41      0.00202  0.00202  0.50   94726     191   94631  3460399  36.53
1971-1979       42      0.00225  0.00225  0.50   94535     213   94429  3365768  35.60
1971-1979       43      0.00265  0.00264  0.50   94323     249   94198  3271339  34.68
1971-1979       44      0.00255  0.00255  0.50   94073     240   93953  3177141  33.77
1971-1979       45      0.00276  0.00275  0.50   93833     259   93704  3083188  32.86
1971-1979       46      0.00290  0.00289  0.50   93575     271   93440  2989484  31.95
1971-1979       47      0.00365  0.00364  0.50   93304     340   93135  2896044  31.04
1971-1979       48      0.00330  0.00329  0.50   92965     306   92812  2802910  30.15
1971-1979       49      0.00403  0.00402  0.50   92659     373   92472  2710098  29.25
1971-1979       50      0.00439  0.00438  0.50   92286     404   92084  2617626  28.36
1971-1979       51      0.00483  0.00482  0.50   91882     443   91660  2525542  27.49
1971-1979       52      0.00528  0.00526  0.50   91439     481   91198  2433882  26.62
1971-1979       53      0.00459  0.00458  0.50   90957     416   90749  2342684  25.76
1971-1979       54      0.00689  0.00687  0.50   90541     622   90230  2251934  24.87
1971-1979       55      0.00761  0.00758  0.50   89919     681   89579  2161704  24.04
1971-1979       56      0.00910  0.00905  0.50   89238     808   88834  2072126  23.22
1971-1979       57      0.00856  0.00853  0.50   88430     754   88053  1983292  22.43
1971-1979       58      0.00891  0.00887  0.50   87676     777   87287  1895239  21.62
1971-1979       59      0.01110  0.01103  0.50   86899     959   86419  1807951  20.81
1971-1979       60      0.01382  0.01373  0.50   85940    1180   85350  1721532  20.03
1971-1979       61      0.01394  0.01384  0.50   84760    1173   84174  1636182  19.30
1971-1979       62      0.01370  0.01361  0.50   83587    1138   83018  1552008  18.57
1971-1979       63      0.01846  0.01829  0.50   82450    1508   81696  1468989  17.82
1971-1979       64      0.02167  0.02144  0.50   80941    1735   80074  1387294  17.14
1971-1979       65      0.02050  0.02029  0.50   79206    1607   78403  1307220  16.50
1971-1979       66      0.02101  0.02079  0.50   77599    1613   76793  1228817  15.84
1971-1979       67      0.02391  0.02363  0.50   75986    1795   75089  1152024  15.16
1971-1979       68      0.02187  0.02163  0.50   74191    1605   73388  1076936  14.52
1971-1979       69      0.02873  0.02833  0.50   72586    2056   71558  1003547  13.83
1971-1979       70      0.03395  0.03339  0.50   70530    2355   69352   931989  13.21
1971-1979       71      0.03167  0.03117  0.50   68175    2125   67112   862637  12.65
1971-1979       72      0.03913  0.03838  0.50   66050    2535   64782   795525  12.04
1971-1979       73      0.04658  0.04552  0.50   63514    2891   62069   730743  11.51
1971-1979       74      0.05372  0.05231  0.50   60623    3171   59038   668674  11.03
1971-1979       75      0.06000  0.05826  0.50   57452    3347   55779   609636  10.61
1971-1979       76      0.05359  0.05220  0.50   54105    2824   52693   553857  10.24
1971-1979       77      0.05999  0.05824  0.50   51281    2987   49788   501164   9.77
1971-1979       78      0.07184  0.06935  0.50   48294    3349   46620   451376   9.35
1971-1979       79      0.06781  0.06559  0.50   44945    2948   43472   404756   9.01
1971-1979       80      0.06047  0.05870  0.50   41998    2465   40765   361285   8.60
1971-1979       81      0.06699  0.06482  0.50   39532    2562   38251   320520   8.11
1971-1979       82      0.07413  0.07148  0.50   36970    2643   35649   282269   7.64
1971-1979       83      0.08194  0.07871  0.50   34327    2702   32976   246620   7.18
1971-1979       84      0.09046  0.08654  0.50   31625    2737   30257   213644   6.76
1971-1979       85      0.09974  0.09501  0.50   28888    2745   27516   183387   6.35
1971-1979       86      0.10984  0.10412  0.50   26144    2722   24783   155871   5.96
1971-1979       87      0.12080  0.11392  0.50   23422    2668   22087   131088   5.60
1971-1979       88      0.13267  0.12442  0.50   20753    2582   19462   109000   5.25
1971-1979       89      0.14549  0.13563  0.50   18171    2465   16939    89538   4.93
1971-1979       90      0.15931  0.14756  0.50   15707    2318   14548    72599   4.62
1971-1979       91      0.17416  0.16021  0.50   13389    2145   12317    58051   4.34
1971-1979       92      0.19008  0.17358  0.50   11244    1952   10268    45734   4.07
1971-1979       93      0.20708  0.18765  0.50    9292    1744    8420    35466   3.82
1971-1979       94      0.22518  0.20240  0.50    7549    1528    6785    27046   3.58
1971-1979       95      0.24440  0.21778  0.50    6021    1311    5365    20261   3.37
1971-1979       96      0.26470  0.23376  0.50    4710    1101    4159    14896   3.16
1971-1979       97      0.28609  0.25029  0.50    3609     903    3157    10737   2.98
1971-1979       98      0.30850  0.26728  0.50    2705     723    2344     7580   2.80
1971-1979       99      0.33190  0.28466  0.50    1982     564    1700     5236   2.64
1971-1979      100      0.35621  0.30236  0.50    1418     429    1204     3536   2.49
1971-1979      101      0.38133  0.32027  0.50     989     317     831     2332   2.36
1971-1979      102      0.40716  0.33829  0.50     672     227     559     1501   2.23
1971-1979      103      0.43358  0.35633  0.50     445     159     366      942   2.12
1971-1979      104      0.46044  0.37428  0.50     286     107     233      577   2.01
1971-1979      105      0.48760  0.39203  0.50     179      70     144      344   1.92
1971-1979      106      0.51490  0.40948  0.50     109      45      87      200   1.83
1971-1979      107      0.54218  0.42654  0.50      64      27      51      113   1.76
1971-1979      108      0.56926  0.44313  0.50      37      16      29       62   1.69
1971-1979      109      0.59599  0.45916  0.50      21       9      16       34   1.64
1971-1979      110+     0.62222  1.00000  1.61      11      11      18       18   1.61
1980-1989        0      0.00867  0.00860  0.13  100000     860   99253  7683085  76.83
1980-1989        1      0.00115  0.00115  0.50   99140     114   99083  7583832  76.50
1980-1989        2      0.00054  0.00054  0.50   99026      54   98999  7484749  75.58
1980-1989        3      0.00044  0.00044  0.50   98972      44   98950  7385750  74.62
1980-1989        4      0.00056  0.00056  0.50   98928      55   98901  7286800  73.66
1980-1989        5      0.00041  0.00041  0.50   98873      41   98853  7187900  72.70
1980-1989        6      0.00039  0.00039  0.50   98832      38   98813  7089047  71.73
1980-1989        7      0.00045  0.00045  0.50   98794      44   98772  6990234  70.76
1980-1989        8      0.00044  0.00044  0.50   98750      44   98728  6891462  69.79
1980-1989        9      0.00048  0.00048  0.50   98706      47   98682  6792735  68.82
1980-1989       10      0.00022  0.00022  0.50   98659      21   98648  6694052  67.85
1980-1989       11      0.00041  0.00041  0.50   98637      40   98617  6595404  66.87
1980-1989       12      0.00049  0.00049  0.50   98597      48   98573  6496787  65.89
1980-1989       13      0.00034  0.00034  0.50   98549      34   98532  6398214  64.92
1980-1989       14      0.00033  0.00033  0.50   98515      32   98499  6299682  63.95
1980-1989       15      0.00046  0.00046  0.50   98483      45   98460  6201183  62.97
1980-1989       16      0.00093  0.00093  0.50   98437      91   98392  6102723  62.00
1980-1989       17      0.00134  0.00134  0.50   98346     132   98280  6004332  61.05
1980-1989       18      0.00097  0.00097  0.50   98214      95   98167  5906052  60.13
1980-1989       19      0.00101  0.00101  0.50   98119      99   98070  5807885  59.19
1980-1989       20      0.00117  0.00117  0.50   98020     115   97963  5709815  58.25
1980-1989       21      0.00138  0.00138  0.50   97905     135   97838  5611853  57.32
1980-1989       22      0.00128  0.00128  0.50   97770     125   97708  5514015  56.40
1980-1989       23      0.00084  0.00084  0.50   97645      82   97604  5416307  55.47
1980-1989       24      0.00056  0.00056  0.50   97563      54   97536  5318703  54.52
1980-1989       25      0.00093  0.00093  0.50   97509      91   97463  5221167  53.55
1980-1989       26      0.00084  0.00084  0.50   97418      82   97377  5123704  52.60
1980-1989       27      0.00088  0.00088  0.50   97336      86   97293  5026328  51.64
1980-1989       28      0.00118  0.00118  0.50   97250     114   97193  4929035  50.68
1980-1989       29      0.00084  0.00084  0.50   97136      82   97095  4831842  49.74
1980-1989       30      0.00069  0.00069  0.50   97054      67   97020  4734747  48.78
1980-1989       31      0.00094  0.00094  0.50   96987      91   96941  4637727  47.82
1980-1989       32      0.00059  0.00059  0.50   96896      58   96867  4540785  46.86
1980-1989       33      0.00074  0.00074  0.50   96838      71   96803  4443918  45.89
1980-1989       34      0.00103  0.00103  0.50   96767      99   96717  4347115  44.92
1980-1989       35      0.00108  0.00108  0.50   96668     104   96616  4250398  43.97
1980-1989       36      0.00096  0.00096  0.50   96564      93   96517  4153783  43.02
1980-1989       37      0.00136  0.00136  0.50   96471     131   96405  4057266  42.06
1980-1989       38      0.00106  0.00106  0.50   96340     102   96288  3960861  41.11
1980-1989       39      0.00117  0.00117  0.50   96237     113   96181  3864572  40.16
1980-1989       40      0.00143  0.00143  0.50   96124     137   96056  3768391  39.20
1980-1989       41      0.00112  0.00112  0.50   95987     107   95933  3672336  38.26
1980-1989       42      0.00149  0.00149  0.50   95880     143   95808  3576402  37.30
1980-1989       43      0.00124  0.00124  0.50   95737     119   95677  3480594  36.36
1980-1989       44      0.00181  0.00181  0.50   95618     173   95532  3384917  35.40
1980-1989       45      0.00213  0.00213  0.50   95445     203   95343  3289385  34.46
1980-1989       46      0.00269  0.00269  0.50   95242     256   95114  3194042  33.54
1980-1989       47      0.00175  0.00174  0.50   94986     166   94903  3098928  32.63
1980-1989       48      0.00232  0.00232  0.50   94820     220   94710  3004025  31.68
1980-1989       49      0.00244  0.00244  0.50   94600     231   94484  2909315  30.75
1980-1989       50      0.00318  0.00318  0.50   94369     300   94219  2814831  29.83
1980-1989       51      0.00287  0.00287  0.50   94069     270   93934  2720612  28.92
1980-1989       52      0.00433  0.00432  0.50   93800     406   93597  2626677  28.00
1980-1989       53      0.00515  0.00514  0.50   93394     480   93154  2533080  27.12
1980-1989       54      0.00466  0.00465  0.50   92914     432   92698  2439926  26.26
1980-1989       55      0.00452  0.00451  0.50   92482     417   92273  2347229  25.38
1980-1989       56      0.00593  0.00591  0.50   92064     544   91792  2254956  24.49
1980-1989       57      0.00711  0.00708  0.50   91520     648   91196  2163163  23.64
1980-1989       58      0.00808  0.00804  0.50   90872     731   90507  2071967  22.80
1980-1989       59      0.00791  0.00788  0.50   90141     711   89786  1981461  21.98
1980-1989       60      0.01012  0.01007  0.50   89430     901   88980  1891675  21.15
1980-1989       61      0.01046  0.01040  0.50   88530     921   88069  1802695  20.36
1980-1989       62      0.01139  0.01132  0.50   87609     992   87113  1714626  19.57
1980-1989       63      0.01153  0.01146  0.50   86617     993   86120  1627513  18.79
1980-1989       64      0.01449  0.01439  0.50   85624    1232   85008  1541393  18.00
1980-1989       65      0.01667  0.01653  0.50   84392    1395   83694  1456385  17.26
1980-1989       66      0.01743  0.01728  0.50   82997    1434   82280  1372691  16.54
1980-1989       67      0.01940  0.01921  0.50   81563    1567   80779  1290411  15.82
1980-1989       68      0.02293  0.02267  0.50   79995    1814   79089  1209632  15.12
1980-1989       69      0.02418  0.02389  0.50   78182    1868   77248  1130543  14.46
1980-1989       70      0.02488  0.02458  0.50   76314    1876   75377  1053295  13.80
1980-1989       71      0.02911  0.02869  0.50   74439    2136   73371   977918  13.14
1980-1989       72      0.03608  0.03544  0.50   72303    2562   71022   904548  12.51
1980-1989       73      0.03292  0.03238  0.50   69741    2258   68611   833526  11.95
1980-1989       74      0.04020  0.03941  0.50   67482    2659   66152   764915  11.34
1980-1989       75      0.04479  0.04381  0.50   64823    2840   63403   698762  10.78
1980-1989       76      0.05129  0.05000  0.50   61983    3099   60433   635359  10.25
1980-1989       77      0.05001  0.04879  0.50   58883    2873   57447   574926   9.76
1980-1989       78      0.05718  0.05559  0.50   56010    3113   54454   517479   9.24
1980-1989       79      0.07329  0.07070  0.50   52897    3740   51027   463026   8.75
1980-1989       80      0.06208  0.06021  0.50   49157    2960   47677   411999   8.38
1980-1989       81      0.06882  0.06653  0.50   46197    3073   44661   364322   7.89
1980-1989       82      0.07624  0.07344  0.50   43124    3167   41540   319661   7.41
1980-1989       83      0.08442  0.08100  0.50   39957    3236   38339   278121   6.96
1980-1989       84      0.09340  0.08923  0.50   36721    3277   35082   239782   6.53
1980-1989       85      0.10327  0.09820  0.50   33444    3284   31802   204700   6.12
1980-1989       86      0.11408  0.10792  0.50   30160    3255   28532   172898   5.73
1980-1989       87      0.12590  0.11845  0.50   26905    3187   25311   144366   5.37
1980-1989       88      0.13880  0.12980  0.50   23718    3079   22179   119054   5.02
1980-1989       89      0.15285  0.14200  0.50   20640    2931   19174    96876   4.69
1980-1989       90      0.16810  0.15506  0.50   17709    2746   16336    77702   4.39
1980-1989       91      0.18460  0.16900  0.50   14963    2529   13698    61366   4.10
1980-1989       92      0.20239  0.18379  0.50   12434    2285   11291    47667   3.83
1980-1989       93      0.22151  0.19943  0.50   10149    2024    9137    36376   3.58
1980-1989       94      0.24197  0.21586  0.50    8125    1754    7248    27239   3.35
1980-1989       95      0.26377  0.23303  0.50    6371    1485    5629    19991   3.14
1980-1989       96      0.28687  0.25088  0.50    4886    1226    4273    14363   2.94
1980-1989       97      0.31123  0.26932  0.50    3660     986    3168    10089   2.76
1980-1989       98      0.33677  0.28824  0.50    2675     771    2289     6922   2.59
1980-1989       99      0.36340  0.30752  0.50    1904     585    1611     4633   2.43
1980-1989      100      0.39098  0.32704  0.50    1318     431    1103     3022   2.29
1980-1989      101      0.41937  0.34667  0.50     887     308     733     1919   2.16
1980-1989      102      0.44839  0.36627  0.50     580     212     473     1186   2.05
1980-1989      103      0.47785  0.38570  0.50     367     142     296      712   1.94
1980-1989      104      0.50755  0.40482  0.50     226      91     180      416   1.84
1980-1989      105      0.53727  0.42350  0.50     134      57     106      236   1.76
1980-1989      106      0.56681  0.44165  0.50      77      34      60      130   1.68
1980-1989      107      0.59595  0.45914  0.50      43      20      33       70   1.61
1980-1989      108      0.62450  0.47590  0.50      23      11      18       36   1.55
1980-1989      109      0.65227  0.49186  0.50      12       6       9       18   1.50
1980-1989      110+     0.67910  1.00000  1.47       6       6       9        9   1.47
1990-1999        0      0.00583  0.00580  0.14  100000     580   99500  7944494  79.44
1990-1999        1      0.00063  0.00063  0.50   99420      63   99389  7844994  78.91
1990-1999        2      0.00086  0.00086  0.50   99357      85   99315  7745606  77.96
1990-1999        3      0.00045  0.00045  0.50   99272      45   99250  7646291  77.02
1990-1999        4      0.00027  0.00027  0.50   99227      27   99214  7547041  76.06
1990-1999        5      0.00042  0.00042  0.50   99201      42   99180  7447827  75.08
1990-1999        6      0.00044  0.00044  0.50   99159      44   99137  7348647  74.11
1990-1999        7      0.00035  0.00035  0.50   99115      35   99097  7249511  73.14
1990-1999        8      0.00020  0.00020  0.50   99080      20   99070  7150413  72.17
1990-1999        9      0.00029  0.00029  0.50   99060      28   99046  7051343  71.18
1990-1999       10      0.00042  0.00042  0.50   99032      41   99011  6952297  70.20
1990-1999       11      0.00013  0.00013  0.50   98990      13   98984  6853286  69.23
1990-1999       12      0.00031  0.00031  0.50   98977      30   98962  6754302  68.24
1990-1999       13      0.00022  0.00022  0.50   98947      22   98936  6655340  67.26
1990-1999       14      0.00030  0.00030  0.50   98925      30   98910  6556404  66.28
1990-1999       15      0.00041  0.00041  0.50   98895      40   98875  6457493  65.30
1990-1999       16      0.00032  0.00032  0.50   98855      31   98839  6358618  64.32
1990-1999       17      0.00059  0.00059  0.50   98824      58   98794  6259779  63.34
1990-1999       18      0.00086  0.00086  0.50   98765      85   98723  6160984  62.38
1990-1999       19      0.00087  0.00087  0.50   98680      86   98637  6062262  61.43
1990-1999       20      0.00058  0.00058  0.50   98594      57   98565  5963625  60.49
1990-1999       21      0.00076  0.00076  0.50   98537      75   98499  5865059  59.52
1990-1999       22      0.00088  0.00088  0.50   98462      87   98419  5766560  58.57
1990-1999       23      0.00066  0.00066  0.50   98375      65   98343  5668142  57.62
1990-1999       24      0.00072  0.00072  0.50   98311      70   98275  5569799  56.66
1990-1999       25      0.00075  0.00075  0.50   98240      73   98204  5471523  55.70
1990-1999       26      0.00091  0.00091  0.50   98167      89   98122  5373320  54.74
1990-1999       27      0.00089  0.00089  0.50   98078      88   98034  5275197  53.79
1990-1999       28      0.00106  0.00106  0.50   97990     104   97938  5177163  52.83
1990-1999       29      0.00079  0.00079  0.50   97887      77   97848  5079225  51.89
1990-1999       30      0.00085  0.00085  0.50   97809      83   97768  4981377  50.93
1990-1999       31      0.00097  0.00097  0.50   97726      95   97679  4883609  49.97
1990-1999       32      0.00069  0.00069  0.50   97631      68   97598  4785930  49.02
1990-1999       33      0.00071  0.00071  0.50   97564      69   97529  4688333  48.05
1990-1999       34      0.00093  0.00093  0.50   97495      90   97449  4590803  47.09
1990-1999       35      0.00107  0.00107  0.50   97404     104   97352  4493354  46.13
1990-1999       36      0.00089  0.00089  0.50   97300      86   97257  4396002  45.18
1990-1999       37      0.00111  0.00111  0.50   97214     108   97160  4298744  44.22
1990-1999       38      0.00112  0.00112  0.50   97106     108   97052  4201584  43.27
1990-1999       39      0.00115  0.00115  0.50   96998     111   96942  4104532  42.32
1990-1999       40      0.00093  0.00093  0.50   96887      90   96842  4007590  41.36
1990-1999       41      0.00089  0.00089  0.50   96797      86   96754  3910748  40.40
1990-1999       42      0.00095  0.00095  0.50   96711      92   96665  3813995  39.44
1990-1999       43      0.00144  0.00144  0.50   96619     139   96549  3717330  38.47
1990-1999       44      0.00149  0.00149  0.50   96480     143   96408  3620780  37.53
1990-1999       45      0.00171  0.00170  0.50   96336     164   96254  3524372  36.58
1990-1999       46      0.00179  0.00179  0.50   96172     172   96086  3428118  35.65
1990-1999       47      0.00155  0.00155  0.50   96000     148   95926  3332032  34.71
1990-1999       48      0.00224  0.00224  0.50   95852     215   95745  3236105  33.76
1990-1999       49      0.00214  0.00213  0.50   95637     204   95535  3140361  32.84
1990-1999       50      0.00216  0.00216  0.50   95433     206   95330  3044826  31.91
1990-1999       51      0.00195  0.00195  0.50   95227     185   95134  2949496  30.97
1990-1999       52      0.00270  0.00270  0.50   95042     256   94914  2854361  30.03
1990-1999       53      0.00295  0.00295  0.50   94785     279   94646  2759448  29.11
1990-1999       54      0.00335  0.00335  0.50   94506     316   94348  2664802  28.20
1990-1999       55      0.00495  0.00494  0.50   94190     465   93957  2570454  27.29
1990-1999       56      0.00469  0.00468  0.50   93725     438   93506  2476496  26.42
1990-1999       57      0.00443  0.00442  0.50   93287     412   93081  2382991  25.54
1990-1999       58      0.00500  0.00498  0.50   92874     463   92643  2289910  24.66
1990-1999       59      0.00635  0.00633  0.50   92412     585   92119  2197267  23.78
1990-1999       60      0.00581  0.00579  0.50   91827     532   91561  2105148  22.93
1990-1999       61      0.00814  0.00811  0.50   91295     740   90925  2013587  22.06
1990-1999       62      0.00902  0.00898  0.50   90555     813   90149  1922661  21.23
1990-1999       63      0.01010  0.01005  0.50   89742     902   89291  1832513  20.42
1990-1999       64      0.01082  0.01076  0.50   88840     956   88362  1743222  19.62
1990-1999       65      0.01140  0.01134  0.50   87884     997   87386  1654860  18.83
1990-1999       66      0.01429  0.01419  0.50   86887    1233   86271  1567474  18.04
1990-1999       67      0.01448  0.01437  0.50   85655    1231   85039  1481203  17.29
1990-1999       68      0.01638  0.01625  0.50   84424    1372   83738  1396164  16.54
1990-1999       69      0.01973  0.01954  0.50   83052    1623   82240  1312426  15.80
1990-1999       70      0.01946  0.01927  0.50   81429    1569   80645  1230186  15.11
1990-1999       71      0.01982  0.01963  0.50   79860    1568   79076  1149541  14.39
1990-1999       72      0.02559  0.02526  0.50   78293    1978   77304  1070465  13.67
1990-1999       73      0.02624  0.02590  0.50   76315    1977   75326   993161  13.01
1990-1999       74      0.03067  0.03021  0.50   74338    2246   73215   917835  12.35
1990-1999       75      0.03336  0.03282  0.50   72092    2366   70909   844620  11.72
1990-1999       76      0.03497  0.03437  0.50   69726    2396   68528   773711  11.10
1990-1999       77      0.04013  0.03934  0.50   67330    2649   66006   705182  10.47
1990-1999       78      0.03868  0.03794  0.50   64681    2454   63454   639177   9.88
1990-1999       79      0.04960  0.04840  0.50   62227    3012   60721   575722   9.25
1990-1999       80      0.05180  0.05050  0.50   59215    2990   57720   515001   8.70
1990-1999       81      0.05791  0.05628  0.50   56225    3164   54643   457280   8.13
1990-1999       82      0.06452  0.06250  0.50   53061    3316   51403   402637   7.59
1990-1999       83      0.08353  0.08018  0.50   49745    3989   47750   351234   7.06
1990-1999       84      0.08360  0.08025  0.50   45756    3672   43920   303484   6.63
1990-1999       85      0.10103  0.09617  0.50   42084    4047   40061   259564   6.17
1990-1999       86      0.10587  0.10055  0.50   38037    3825   36125   219503   5.77
1990-1999       87      0.11874  0.11208  0.50   34212    3835   32295   183379   5.36
1990-1999       88      0.13308  0.12478  0.50   30378    3790   28482   151084   4.97
1990-1999       89      0.14900  0.13867  0.50   26587    3687   24744   122601   4.61
1990-1999       90      0.16659  0.15378  0.50   22900    3522   21140    97858   4.27
1990-1999       91      0.18593  0.17011  0.50   19379    3297   17731    76718   3.96
1990-1999       92      0.20707  0.18764  0.50   16082    3018   14573    58988   3.67
1990-1999       93      0.23003  0.20630  0.50   13065    2695   11717    44414   3.40
1990-1999       94      0.25480  0.22600  0.50   10369    2344    9198    32697   3.15
1990-1999       95      0.28132  0.24663  0.50    8026    1979    7036    23500   2.93
1990-1999       96      0.30948  0.26801  0.50    6046    1621    5236    16463   2.72
1990-1999       97      0.33914  0.28997  0.50    4426    1283    3784    11227   2.54
1990-1999       98      0.37009  0.31230  0.50    3143     981    2652     7443   2.37
1990-1999       99      0.40208  0.33477  0.50    2161     723    1799     4791   2.22
1990-1999      100      0.43481  0.35716  0.50    1438     513    1181     2992   2.08
1990-1999      101      0.46798  0.37924  0.50     924     350     749     1811   1.96
1990-1999      102      0.50124  0.40080  0.50     574     230     459     1062   1.85
1990-1999      103      0.53426  0.42163  0.50     344     145     271      603   1.75
1990-1999      104      0.56671  0.44158  0.50     199      88     155      332   1.67
1990-1999      105      0.59827  0.46052  0.50     111      51      85      177   1.59
1990-1999      106      0.62869  0.47833  0.50      60      29      46       92   1.53
1990-1999      107      0.65774  0.49496  0.50      31      15      24       46   1.47
1990-1999      108      0.68524  0.51038  0.50      16       8      12       22   1.42
1990-1999      109      0.71108  0.52457  0.50       8       4       6       11   1.38
1990-1999      110+     0.73517  1.00000  1.36       4       4       5        5   1.36
2000-2009        0      0.00467  0.00465  0.14  100000     465   99600  8182644  81.83
2000-2009        1      0.00054  0.00054  0.50   99535      53   99508  8083044  81.21
2000-2009        2      0.00061  0.00061  0.50   99482      61   99451  7983535  80.25
2000-2009        3      0.00026  0.00026  0.50   99421      26   99408  7884084  79.30
2000-2009        4      0.00033  0.00033  0.50   99395      33   99379  7784676  78.32
2000-2009        5      0.00024  0.00024  0.50   99362      24   99350  7685298  77.35
2000-2009        6      0.00014  0.00014  0.50   99338      14   99331  7585947  76.36
2000-2009        7      0.00026  0.00026  0.50   99324      26   99311  7486616  75.38
2000-2009        8      0.00000  0.00000  0.50   99298       0   99298  7387305  74.40
2000-2009        9      0.00028  0.00028  0.50   99298      28   99284  7288007  73.40
2000-2009       10      0.00016  0.00016  0.50   99271      16   99263  7188722  72.42
2000-2009       11      0.00021  0.00021  0.50   99255      20   99244  7089460  71.43
2000-2009       12      0.00016  0.00016  0.50   99234      16   99226  6990215  70.44
2000-2009       13      0.00043  0.00043  0.50   99218      43   99197  6890989  69.45
2000-2009       14      0.00013  0.00013  0.50   99176      13   99169  6791792  68.48
2000-2009       15      0.00024  0.00024  0.50   99162      24   99150  6692623  67.49
2000-2009       16      0.00039  0.00039  0.50   99138      38   99119  6593473  66.51
2000-2009       17      0.00054  0.00054  0.50   99100      53   99073  6494354  65.53
2000-2009       18      0.00050  0.00050  0.50   99047      49   99022  6395280  64.57
2000-2009       19      0.00058  0.00058  0.50   98997      58   98969  6296258  63.60
2000-2009       20      0.00044  0.00044  0.50   98940      44   98918  6197290  62.64
2000-2009       21      0.00059  0.00059  0.50   98896      59   98867  6098372  61.66
2000-2009       22      0.00053  0.00053  0.50   98838      52   98811  5999505  60.70
2000-2009       23      0.00076  0.00076  0.50   98785      75   98748  5900693  59.73
2000-2009       24      0.00066  0.00066  0.50   98710      65   98678  5801946  58.78
2000-2009       25      0.00060  0.00060  0.50   98645      59   98616  5703268  57.82
2000-2009       26      0.00082  0.00082  0.50   98586      81   98546  5604652  56.85
2000-2009       27      0.00064  0.00064  0.50   98505      63   98474  5506106  55.90
2000-2009       28      0.00055  0.00055  0.50   98443      54   98416  5407632  54.93
2000-2009       29      0.00084  0.00084  0.50   98388      82   98347  5309216  53.96
2000-2009       30      0.00077  0.00077  0.50   98306      75   98269  5210869  53.01
2000-2009       31      0.00075  0.00075  0.50   98231      74   98194  5112600  52.05
2000-2009       32      0.00102  0.00102  0.50   98157     100   98107  5014406  51.09
2000-2009       33      0.00080  0.00080  0.50   98057      78   98018  4916299  50.14
2000-2009       34      0.00080  0.00080  0.50   97978      79   97939  4818282  49.18
2000-2009       35      0.00059  0.00059  0.50   97900      58   97871  4720342  48.22
2000-2009       36      0.00085  0.00085  0.50   97842      83   97800  4622472  47.24
2000-2009       37      0.00099  0.00099  0.50   97759      97   97711  4524671  46.28
2000-2009       38      0.00080  0.00080  0.50   97662      78   97623  4426960  45.33
2000-2009       39      0.00087  0.00087  0.50   97584      85   97542  4329337  44.37
2000-2009       40      0.00113  0.00113  0.50   97500     110   97444  4231795  43.40
2000-2009       41      0.00112  0.00111  0.50   97389     109   97335  4134351  42.45
2000-2009       42      0.00110  0.00110  0.50   97281     107   97227  4037016  41.50
2000-2009       43      0.00124  0.00124  0.50   97174     121   97114  3939788  40.54
2000-2009       44      0.00154  0.00154  0.50   97053     150   96978  3842675  39.59
2000-2009       45      0.00111  0.00111  0.50   96904     107   96850  3745696  38.65
2000-2009       46      0.00118  0.00118  0.50   96796     114   96739  3648847  37.70
2000-2009       47      0.00107  0.00107  0.50   96682     103   96631  3552107  36.74
2000-2009       48      0.00220  0.00219  0.50   96579     212   96473  3455477  35.78
2000-2009       49      0.00143  0.00143  0.50   96367     137   96299  3359003  34.86
2000-2009       50      0.00176  0.00176  0.50   96230     170   96145  3262705  33.91
2000-2009       51      0.00209  0.00209  0.50   96060     200   95960  3166559  32.96
2000-2009       52      0.00166  0.00166  0.50   95860     159   95781  3070599  32.03
2000-2009       53      0.00260  0.00260  0.50   95701     249   95577  2974819  31.08
2000-2009       54      0.00300  0.00300  0.50   95453     286   95309  2879242  30.16
2000-2009       55      0.00252  0.00251  0.50   95166     239   95047  2783932  29.25
2000-2009       56      0.00364  0.00363  0.50   94927     345   94755  2688885  28.33
2000-2009       57      0.00336  0.00336  0.50   94582     318   94424  2594130  27.43
2000-2009       58      0.00405  0.00404  0.50   94265     381   94074  2499707  26.52
2000-2009       59      0.00384  0.00383  0.50   93884     360   93704  2405632  25.62
2000-2009       60      0.00519  0.00518  0.50   93524     484   93282  2311928  24.72
2000-2009       61      0.00601  0.00599  0.50   93040     558   92761  2218646  23.85
2000-2009       62      0.00597  0.00596  0.50   92482     551   92207  2125885  22.99
2000-2009       63      0.00673  0.00670  0.50   91931     616   91623  2033679  22.12
2000-2009       64      0.00645  0.00643  0.50   91315     587   91021  1942055  21.27
2000-2009       65      0.00817  0.00813  0.50   90728     738   90359  1851034  20.40
2000-2009       66      0.00847  0.00844  0.50   89990     759   89610  1760676  19.57
2000-2009       67      0.01019  0.01014  0.50   89230     905   88778  1671066  18.73
2000-2009       68      0.01212  0.01204  0.50   88325    1064   87793  1582288  17.91
2000-2009       69      0.01206  0.01199  0.50   87261    1046   86738  1494494  17.13
2000-2009       70      0.01281  0.01273  0.50   86215    1097   85667  1407756  16.33
2000-2009       71      0.01445  0.01435  0.50   85118    1221   84507  1322089  15.53
2000-2009       72      0.01802  0.01786  0.50   83897    1498   83148  1237582  14.75
2000-2009       73      0.01918  0.01900  0.50   82399    1565   81616  1154434  14.01
2000-2009       74      0.02240  0.02215  0.50   80833    1791   79938  1072818  13.27
2000-2009       75      0.02475  0.02445  0.50   79043    1932   78076   992880  12.56
2000-2009       76      0.02880  0.02839  0.50   77110    2189   76016   914803  11.86
2000-2009       77      0.03313  0.03259  0.50   74921    2442   73700   838788  11.20
2000-2009       78      0.03506  0.03445  0.50   72479    2497   71231   765088  10.56
2000-2009       79      0.03734  0.03666  0.50   69982    2565   68699   693857   9.91
2000-2009       80      0.04522  0.04422  0.50   67417    2981   65926   625158   9.27
2000-2009       81      0.05197  0.05065  0.50   64435    3264   62804   559232   8.68
2000-2009       82      0.05520  0.05372  0.50   61172    3286   59529   496428   8.12
2000-2009       83      0.06896  0.06666  0.50   57886    3859   55956   436899   7.55
2000-2009       84      0.07393  0.07130  0.50   54027    3852   52101   380943   7.05
2000-2009       85      0.08687  0.08325  0.50   50175    4177   48086   328842   6.55
2000-2009       86      0.09713  0.09263  0.50   45998    4261   43868   280755   6.10
2000-2009       87      0.10228  0.09730  0.50   41737    4061   39707   236888   5.68
2000-2009       88      0.11585  0.10950  0.50   37676    4126   35613   197181   5.23
2000-2009       89      0.13895  0.12992  0.50   33550    4359   31371   161568   4.82
2000-2009       90      0.15343  0.14250  0.50   29191    4160   27111   130197   4.46
2000-2009       91      0.16739  0.15446  0.50   25032    3866   23098   103086   4.12
2000-2009       92      0.19550  0.17809  0.50   21165    3769   19281    79987   3.78
2000-2009       93      0.21875  0.19719  0.50   17396    3430   15681    60707   3.49
2000-2009       94      0.24404  0.21750  0.50   13966    3038   12447    45026   3.22
2000-2009       95      0.27135  0.23893  0.50   10928    2611    9623    32579   2.98
2000-2009       96      0.30060  0.26132  0.50    8317    2173    7230    22956   2.76
2000-2009       97      0.33168  0.28450  0.50    6144    1748    5270    15726   2.56
2000-2009       98      0.36441  0.30824  0.50    4396    1355    3718    10456   2.38
2000-2009       99      0.39854  0.33232  0.50    3041    1011    2536     6738   2.22
2000-2009      100      0.43378  0.35647  0.50    2030     724    1668     4203   2.07
2000-2009      101      0.46980  0.38043  0.50    1307     497    1058     2534   1.94
2000-2009      102      0.50621  0.40397  0.50     809     327     646     1476   1.82
2000-2009      103      0.54264  0.42683  0.50     482     206     380      830   1.72
2000-2009      104      0.57867  0.44881  0.50     277     124     214      451   1.63
2000-2009      105      0.61395  0.46975  0.50     152      72     117      236   1.55
2000-2009      106      0.64812  0.48949  0.50      81      40      61      120   1.48
2000-2009      107      0.68088  0.50795  0.50      41      21      31       59   1.42
2000-2009      108      0.71198  0.52506  0.50      20      11      15       28   1.37
2000-2009      109      0.74124  0.54081  0.50      10       5       7       13   1.33
2000-2009      110+     0.76852  1.00000  1.30       4       4       6        6   1.30
2010-2019        0      0.00290  0.00289  0.14  100000     289   99752  8358933  83.59
2010-2019        1      0.00056  0.00056  0.50   99711      55   99683  8259181  82.83
2010-2019        2      0.00050  0.00050  0.50   99655      50   99630  8159498  81.88
2010-2019        3      0.00024  0.00024  0.50   99605      24   99593  8059868  80.92
2010-2019        4      0.00009  0.00009  0.50   99581       9   99576  7960275  79.94
2010-2019        5      0.00015  0.00015  0.50   99572      15   99564  7860699  78.95
2010-2019        6      0.00006  0.00006  0.50   99556       6   99553  7761135  77.96
2010-2019        7      0.00022  0.00022  0.50   99551      22   99540  7661582  76.96
2010-2019        8      0.00016  0.00016  0.50   99529      16   99520  7562042  75.98
2010-2019        9      0.00021  0.00021  0.50   99512      21   99502  7462522  74.99
2010-2019       10      0.00019  0.00019  0.50   99491      19   99482  7363020  74.01
2010-2019       11      0.00013  0.00013  0.50   99472      13   99466  7263538  73.02
2010-2019       12      0.00022  0.00022  0.50   99459      22   99448  7164072  72.03
2010-2019       13      0.00036  0.00036  0.50   99437      36   99419  7064624  71.05
2010-2019       14      0.00023  0.00023  0.50   99401      23   99389  6965205  70.07
2010-2019       15      0.00063  0.00063  0.50   99378      62   99347  6865816  69.09
2010-2019       16      0.00060  0.00060  0.50   99316      60   99286  6766469  68.13
2010-2019       17      0.00063  0.00063  0.50   99256      62   99225  6667183  67.17
2010-2019       18      0.00033  0.00033  0.50   99194      33   99177  6567958  66.21
2010-2019       19      0.00037  0.00037  0.50   99161      36   99143  6468780  65.24
2010-2019       20      0.00058  0.00058  0.50   99124      57   99096  6369637  64.26
2010-2019       21      0.00037  0.00037  0.50   99067      37   99049  6270542  63.30
2010-2019       22      0.00032  0.00032  0.50   99030      32   99014  6171493  62.32
2010-2019       23      0.00043  0.00043  0.50   98998      42   98977  6072479  61.34
2010-2019       24      0.00065  0.00064  0.50   98956      64   98924  5973501  60.37
2010-2019       25      0.00045  0.00045  0.50   98892      45   98870  5874577  59.40
2010-2019       26      0.00049  0.00049  0.50   98848      49   98823  5775707  58.43
2010-2019       27      0.00050  0.00050  0.50   98799      49   98774  5676884  57.46
2010-2019       28      0.00055  0.00055  0.50   98750      55   98723  5578109  56.49
2010-2019       29      0.00063  0.00063  0.50   98695      62   98664  5479387  55.52
2010-2019       30      0.00055  0.00055  0.50   98633      54   98606  5380723  54.55
2010-2019       31      0.00053  0.00053  0.50   98579      52   98552  5282117  53.58
2010-2019       32      0.00063  0.00063  0.50   98526      62   98495  5183564  52.61
2010-2019       33      0.00066  0.00066  0.50   98464      65   98432  5085069  51.64
2010-2019       34      0.00036  0.00036  0.50   98400      35   98382  4986637  50.68
2010-2019       35      0.00071  0.00071  0.50   98365      70   98330  4888254  49.70
2010-2019       36      0.00068  0.00068  0.50   98295      67   98261  4789925  48.73
2010-2019       37      0.00086  0.00086  0.50   98228      84   98185  4691664  47.76
2010-2019       38      0.00079  0.00079  0.50   98143      78   98104  4593478  46.80
2010-2019       39      0.00089  0.00089  0.50   98065      87   98022  4495374  45.84
2010-2019       40      0.00092  0.00092  0.50   97978      90   97933  4397352  44.88
2010-2019       41      0.00084  0.00084  0.50   97888      82   97847  4299419  43.92
2010-2019       42      0.00101  0.00101  0.50   97806      99   97757  4201571  42.96
2010-2019       43      0.00131  0.00131  0.50   97707     128   97643  4103815  42.00
2010-2019       44      0.00104  0.00104  0.50   97579     101   97528  4006172  41.06
2010-2019       45      0.00079  0.00079  0.50   97478      77   97439  3908643  40.10
2010-2019       46      0.00120  0.00120  0.50   97401     117   97342  3811204  39.13
2010-2019       47      0.00135  0.00135  0.50   97284     131   97218  3713862  38.18
2010-2019       48      0.00118  0.00118  0.50   97152     115   97095  3616644  37.23
2010-2019       49      0.00174  0.00173  0.50   97037     168   96953  3519549  36.27
2010-2019       50      0.00154  0.00154  0.50   96869     149   96795  3422596  35.33
2010-2019       51      0.00197  0.00197  0.50   96720     190   96625  3325801  34.39
2010-2019       52      0.00228  0.00227  0.50   96530     219   96420  3229176  33.45
2010-2019       53      0.00232  0.00232  0.50   96310     224   96199  3132756  32.53
2010-2019       54      0.00271  0.00271  0.50   96087     260   95957  3036557  31.60
2010-2019       55      0.00295  0.00295  0.50   95826     283   95685  2940601  30.69
2010-2019       56      0.00309  0.00308  0.50   95544     294   95397  2844916  29.78
2010-2019       57      0.00373  0.00373  0.50   95249     355   95072  2749519  28.87
2010-2019       58      0.00381  0.00380  0.50   94894     361   94714  2654447  27.97
2010-2019       59      0.00393  0.00392  0.50   94533     371   94348  2559733  27.08
2010-2019       60      0.00442  0.00441  0.50   94163     415   93955  2465385  26.18
2010-2019       61      0.00537  0.00536  0.50   93748     502   93496  2371430  25.30
2010-2019       62      0.00505  0.00504  0.50   93245     470   93010  2277934  24.43
2010-2019       63      0.00587  0.00585  0.50   92775     543   92504  2184923  23.55
2010-2019       64      0.00549  0.00547  0.50   92233     505   91980  2092419  22.69
2010-2019       65      0.00648  0.00646  0.50   91728     592   91432  2000439  21.81
2010-2019       66      0.00638  0.00636  0.50   91136     579   90846  1909007  20.95
2010-2019       67      0.00745  0.00742  0.50   90557     672   90221  1818161  20.08
2010-2019       68      0.00801  0.00798  0.50   89885     717   89526  1727940  19.22
2010-2019       69      0.00843  0.00839  0.50   89167     748   88793  1638414  18.37
2010-2019       70      0.00970  0.00965  0.50   88419     854   87992  1549621  17.53
2010-2019       71      0.01128  0.01122  0.50   87565     982   87074  1461629  16.69
2010-2019       72      0.01279  0.01271  0.50   86583    1100   86033  1374555  15.88
2010-2019       73      0.01557  0.01545  0.50   85483    1321   84822  1288522  15.07
2010-2019       74      0.01716  0.01702  0.50   84162    1432   83446  1203699  14.30
2010-2019       75      0.01913  0.01895  0.50   82730    1568   81946  1120253  13.54
2010-2019       76      0.02188  0.02164  0.50   81162    1757   80284  1038307  12.79
2010-2019       77      0.02694  0.02659  0.50   79405    2111   78350   958024  12.06
2010-2019       78      0.02846  0.02806  0.50   77294    2169   76210   879674  11.38
2010-2019       79      0.03138  0.03089  0.50   75125    2321   73965   803464  10.69
2010-2019       80      0.03540  0.03478  0.50   72805    2532   71539   729499  10.02
2010-2019       81      0.03930  0.03854  0.50   70272    2708   68918   657960   9.36
2010-2019       82      0.04531  0.04431  0.50   67564    2994   66067   589042   8.72
2010-2019       83      0.05300  0.05163  0.50   64570    3334   62903   522975   8.10
2010-2019       84      0.05974  0.05801  0.50   61237    3552   59461   460071   7.51
2010-2019       85      0.07451  0.07184  0.50   57685    4144   55613   400611   6.94
2010-2019       86      0.08040  0.07729  0.50   53541    4138   51471   344998   6.44
2010-2019       87      0.09836  0.09375  0.50   49402    4631   47087   293527   5.94
2010-2019       88      0.10456  0.09937  0.50   44771    4449   42547   246440   5.50
2010-2019       89      0.12396  0.11673  0.50   40322    4707   37969   203894   5.06
2010-2019       90      0.13832  0.12938  0.50   35615    4608   33312   165925   4.66
2010-2019       91      0.15650  0.14514  0.50   31008    4501   28757   132613   4.28
2010-2019       92      0.18454  0.16895  0.50   26507    4478   24268   103856   3.92
2010-2019       93      0.20835  0.18869  0.50   22029    4157   19950    79588   3.61
2010-2019       94      0.22767  0.20441  0.50   17872    3653   16046    59637   3.34
2010-2019       95      0.25740  0.22805  0.50   14219    3243   12598    43592   3.07
2010-2019       96      0.28786  0.25164  0.50   10976    2762    9595    30994   2.82
2010-2019       97      0.32048  0.27622  0.50    8214    2269    7080    21399   2.61
2010-2019       98      0.35508  0.30155  0.50    5945    1793    5049    14319   2.41
2010-2019       99      0.39140  0.32734  0.50    4153    1359    3473     9270   2.23
2010-2019      100      0.42909  0.35329  0.50    2793     987    2300     5797   2.08
2010-2019      101      0.46775  0.37909  0.50    1806     685    1464     3497   1.94
2010-2019      102      0.50692  0.40442  0.50    1122     454     895     2033   1.81
2010-2019      103      0.54613  0.42899  0.50     668     287     525     1139   1.70
2010-2019      104      0.58489  0.45254  0.50     381     173     295      614   1.61
2010-2019      105      0.62272  0.47486  0.50     209      99     159      319   1.53
2010-2019      106      0.65920  0.49579  0.50     110      54      82      159   1.45
2010-2019      107      0.69396  0.51520  0.50      55      28      41       77   1.39
2010-2019      108      0.72671  0.53303  0.50      27      14      20       36   1.34
2010-2019      109      0.75723  0.54927  0.50      13       7       9       16   1.30
2010-2019      110+     0.78540  1.00000  1.27       6       6       7        7   1.27
