ACT, Life tables (period 5x5), Total	Last modified: 23 May 2023;  Methods Protocol: v6 (2017)

  Year          Age         mx       qx    ax      lx      dx      Lx       Tx     ex
1971-1974        0      0.01636  0.01612  0.11  100000    1612   98573  7331401  73.31
1971-1974      1-4      0.00088  0.00353  1.54   98388     347  392696  7232828  73.51
1971-1974      5-9      0.00052  0.00257  2.08   98040     252  489465  6840133  69.77
1971-1974     10-14     0.00073  0.00363  2.38   97788     355  488010  6350667  64.94
1971-1974     15-19     0.00139  0.00693  2.69   97433     675  485606  5862657  60.17
1971-1974     20-24     0.00119  0.00594  2.24   96758     575  482204  5377051  55.57
1971-1974     25-29     0.00087  0.00434  2.74   96183     417  479975  4894847  50.89
1971-1974     30-34     0.00114  0.00568  2.41   95766     544  477422  4414872  46.10
1971-1974     35-39     0.00163  0.00813  2.69   95222     774  474318  3937450  41.35
1971-1974     40-44     0.00265  0.01315  2.67   94447    1242  469349  3463132  36.67
1971-1974     45-49     0.00368  0.01821  2.48   93206    1697  461751  2993783  32.12
1971-1974     50-54     0.00527  0.02601  2.71   91509    2381  452101  2532032  27.67
1971-1974     55-59     0.00970  0.04748  2.75   89128    4232  436131  2079931  23.34
1971-1974     60-64     0.01709  0.08212  2.64   84896    6972  408019  1643800  19.36
1971-1974     65-69     0.02347  0.11061  2.41   77924    8619  367290  1235781  15.86
1971-1974     70-74     0.04801  0.21686  2.77   69305   15029  313030   868491  12.53
1971-1974     75-79     0.06969  0.29943  2.65   54276   16252  233191   555461  10.23
1971-1974     80-84     0.07491  0.31656  2.55   38024   12037  160683   322270   8.48
1971-1974     85-89     0.12350  0.46946  2.45   25987   12200   98781   161587   6.22
1971-1974     90-94     0.19229  0.63047  2.27   13787    8693   45205    62805   4.56
1971-1974     95-99     0.27129  0.75592  2.07    5095    3851   14196    17601   3.45
1971-1974    100-104    0.35270  0.84202  1.90    1244    1047    2969     3404   2.74
1971-1974    105-109    0.44436  0.90501  1.73     196     178     400      435   2.22
1971-1974    110+       0.52722  1.00000  1.90      19      19      35       35   1.90
1975-1979        0      0.01313  0.01298  0.12  100000    1298   98861  7506570  75.07
1975-1979      1-4      0.00073  0.00291  1.66   98702     287  394137  7407709  75.05
1975-1979      5-9      0.00036  0.00179  2.77   98415     176  491682  7013572  71.27
1975-1979     10-14     0.00051  0.00253  2.94   98239     248  490682  6521890  66.39
1975-1979     15-19     0.00103  0.00513  2.89   97991     503  488891  6031208  61.55
1975-1979     20-24     0.00128  0.00637  2.35   97488     621  485797  5542316  56.85
1975-1979     25-29     0.00091  0.00454  2.44   96867     440  483210  5056519  52.20
1975-1979     30-34     0.00109  0.00546  2.54   96427     526  480843  4573310  47.43
1975-1979     35-39     0.00150  0.00747  2.72   95901     717  477875  4092467  42.67
1975-1979     40-44     0.00195  0.00970  2.73   95184     924  473831  3614591  37.97
1975-1979     45-49     0.00307  0.01525  2.84   94261    1437  468196  3140761  33.32
1975-1979     50-54     0.00515  0.02545  2.65   92824    2362  458569  2672565  28.79
1975-1979     55-59     0.00864  0.04231  2.55   90462    3827  442941  2213996  24.47
1975-1979     60-64     0.01576  0.07611  2.76   86635    6594  418429  1771055  20.44
1975-1979     65-69     0.02295  0.10902  2.71   80041    8726  380209  1352626  16.90
1975-1979     70-74     0.03632  0.16709  2.61   71315   11916  328096   972417  13.64
1975-1979     75-79     0.05806  0.25186  2.37   59399   14960  257656   644321  10.85
1975-1979     80-84     0.07286  0.30901  2.54   44439   13732  188470   386664   8.70
1975-1979     85-89     0.11606  0.44781  2.45   30707   13751  118484   198194   6.45
1975-1979     90-94     0.18075  0.60784  2.31   16956   10306   57022    79710   4.70
1975-1979     95-99     0.27063  0.75872  2.11    6650    5045   18642    22688   3.41
1975-1979    100-104    0.38342  0.87018  1.86    1604    1396    3641     4046   2.52
1975-1979    105-109    0.50858  0.93505  1.62     208     195     383      405   1.95
1975-1979    110+       0.60976  1.00000  1.64      14      14      22       22   1.64
1980-1984        0      0.00945  0.00937  0.13  100000     937   99185  7611167  76.11
1980-1984      1-4      0.00077  0.00305  1.53   99063     303  395505  7511983  75.83
1980-1984      5-9      0.00050  0.00248  2.44   98760     245  493174  7116477  72.06
1980-1984     10-14     0.00031  0.00156  2.39   98515     154  492176  6623303  67.23
1980-1984     15-19     0.00096  0.00477  2.68   98361     469  490717  6131127  62.33
1980-1984     20-24     0.00115  0.00572  2.13   97892     560  487855  5640410  57.62
1980-1984     25-29     0.00096  0.00478  2.71   97332     465  485595  5152556  52.94
1980-1984     30-34     0.00086  0.00428  2.53   96867     415  483309  4666960  48.18
1980-1984     35-39     0.00107  0.00533  2.51   96452     514  480979  4183652  43.38
1980-1984     40-44     0.00166  0.00828  2.61   95937     794  477790  3702672  38.59
1980-1984     45-49     0.00267  0.01327  2.54   95143    1262  472606  3224883  33.90
1980-1984     50-54     0.00426  0.02111  2.88   93881    1982  465209  2752276  29.32
1980-1984     55-59     0.00679  0.03340  2.64   91899    3070  452234  2287068  24.89
1980-1984     60-64     0.01243  0.06042  2.71   88829    5367  431867  1834833  20.66
1980-1984     65-69     0.02293  0.10883  2.67   83462    9083  396138  1402966  16.81
1980-1984     70-74     0.03495  0.16146  2.65   74378   12009  343622  1006828  13.54
1980-1984     75-79     0.05678  0.25055  2.66   62369   15627  275238   663206  10.63
1980-1984     80-84     0.07948  0.33212  2.53   46743   15524  195324   387968   8.30
1980-1984     85-89     0.12486  0.47246  2.43   31218   14749  118125   192644   6.17
1980-1984     90-94     0.19075  0.62782  2.28   16469   10339   54204    74519   4.52
1980-1984     95-99     0.28043  0.77085  2.08    6129    4725   16849    20316   3.31
1980-1984    100-104    0.39253  0.87647  1.84    1405    1231    3136     3467   2.47
1980-1984    105-109    0.51874  0.93888  1.60     173     163     314      331   1.91
1980-1984    110+       0.62371  1.00000  1.60      11      11      17       17   1.60
1985-1989        0      0.00790  0.00785  0.13  100000     785   99320  7742048  77.42
1985-1989      1-4      0.00058  0.00233  1.80   99215     232  396353  7642728  77.03
1985-1989      5-9      0.00037  0.00186  2.79   98984     184  494513  7246375  73.21
1985-1989     10-14     0.00040  0.00199  2.75   98800     196  493559  6751863  68.34
1985-1989     15-19     0.00093  0.00463  2.79   98604     457  492011  6258303  63.47
1985-1989     20-24     0.00096  0.00479  2.19   98147     470  489414  5766292  58.75
1985-1989     25-29     0.00091  0.00455  2.36   97677     444  487215  5276878  54.02
1985-1989     30-34     0.00074  0.00368  2.71   97233     357  485348  4789663  49.26
1985-1989     35-39     0.00117  0.00585  2.58   96876     566  483007  4304315  44.43
1985-1989     40-44     0.00124  0.00619  2.62   96309     596  480131  3821308  39.68
1985-1989     45-49     0.00196  0.00974  2.50   95713     933  476233  3341177  34.91
1985-1989     50-54     0.00382  0.01892  2.62   94781    1793  469631  2864943  30.23
1985-1989     55-59     0.00660  0.03255  2.87   92988    3026  458484  2395312  25.76
1985-1989     60-64     0.01094  0.05330  2.59   89961    4795  438271  1936828  21.53
1985-1989     65-69     0.01786  0.08569  2.64   85166    7298  408618  1498557  17.60
1985-1989     70-74     0.03053  0.14246  2.65   77869   11093  363287  1089938  14.00
1985-1989     75-79     0.05318  0.23563  2.59   66776   15734  295881   726651  10.88
1985-1989     80-84     0.07326  0.31086  2.57   51041   15867  216592   430770   8.44
1985-1989     85-89     0.12312  0.46883  2.46   35174   16491  133941   214178   6.09
1985-1989     90-94     0.20068  0.64925  2.28   18684   12130   60447    80236   4.29
1985-1989     95-99     0.31068  0.80842  2.03    6553    5298   17052    19789   3.02
1985-1989    100-104    0.44836  0.91137  1.74    1255    1144    2552     2737   2.18
1985-1989    105-109    0.59643  0.96139  1.48     111     107     179      185   1.67
1985-1989    110+       0.71286  1.00000  1.40       4       4       6        6   1.40
1990-1994        0      0.00647  0.00644  0.14  100000     644   99443  7875589  78.76
1990-1994      1-4      0.00048  0.00190  1.69   99356     189  396989  7776146  78.27
1990-1994      5-9      0.00046  0.00230  2.13   99167     228  495181  7379157  74.41
1990-1994     10-14     0.00027  0.00135  2.10   98939     133  494309  6883976  69.58
1990-1994     15-19     0.00064  0.00322  3.03   98806     318  493400  6389667  64.67
1990-1994     20-24     0.00081  0.00403  2.68   98488     397  491516  5896267  59.87
1990-1994     25-29     0.00078  0.00392  2.42   98091     384  489462  5404750  55.10
1990-1994     30-34     0.00083  0.00415  2.57   97707     406  487545  4915288  50.31
1990-1994     35-39     0.00103  0.00513  2.72   97301     499  485365  4427743  45.51
1990-1994     40-44     0.00119  0.00594  2.83   96802     575  482758  3942378  40.73
1990-1994     45-49     0.00202  0.01003  2.73   96227     966  478939  3459621  35.95
1990-1994     50-54     0.00303  0.01504  2.75   95261    1433  473083  2980681  31.29
1990-1994     55-59     0.00536  0.02646  2.65   93828    2483  463301  2507598  26.73
1990-1994     60-64     0.01040  0.05086  2.84   91346    4646  446686  2044297  22.38
1990-1994     65-69     0.01684  0.08113  2.76   86700    7034  417748  1597611  18.43
1990-1994     70-74     0.02465  0.11662  2.69   79666    9291  376835  1179863  14.81
1990-1994     75-79     0.04490  0.20343  2.69   70375   14316  318819   803029  11.41
1990-1994     80-84     0.06922  0.29627  2.57   56059   16609  239946   484210   8.64
1990-1994     85-89     0.11816  0.45530  2.48   39450   17962  152013   244264   6.19
1990-1994     90-94     0.19973  0.64857  2.30   21489   13937   69779    92251   4.29
1990-1994     95-99     0.31644  0.81491  2.02    7552    6154   19448    22472   2.98
1990-1994    100-104    0.45325  0.91254  1.73    1398    1275    2814     3024   2.16
1990-1994    105-109    0.57936  0.95527  1.49     122     117     202      210   1.72
1990-1994    110+       0.66013  1.00000  1.51       5       5       8        8   1.51
1995-1999        0      0.00515  0.00512  0.14  100000     512   99558  8007591  80.08
1995-1999      1-4      0.00063  0.00252  1.64   99488     251  397357  7908032  79.49
1995-1999      5-9      0.00022  0.00110  2.34   99236     110  495890  7510675  75.68
1995-1999     10-14     0.00028  0.00141  2.68   99127     139  495310  7014785  70.77
1995-1999     15-19     0.00057  0.00287  2.93   98987     284  494350  6519475  65.86
1995-1999     20-24     0.00063  0.00315  2.39   98704     311  492706  6025125  61.04
1995-1999     25-29     0.00097  0.00483  2.65   98393     476  490847  5532420  56.23
1995-1999     30-34     0.00083  0.00414  2.38   97917     405  488523  5041573  51.49
1995-1999     35-39     0.00110  0.00549  2.44   97512     535  486188  4553050  46.69
1995-1999     40-44     0.00109  0.00542  2.75   96977     525  483704  4066862  41.94
1995-1999     45-49     0.00178  0.00888  2.55   96451     856  480164  3583158  37.15
1995-1999     50-54     0.00232  0.01156  2.75   95595    1105  475490  3102994  32.46
1995-1999     55-59     0.00486  0.02400  2.58   94491    2268  466965  2627504  27.81
1995-1999     60-64     0.00728  0.03581  2.65   92223    3302  453345  2160539  23.43
1995-1999     65-69     0.01365  0.06616  2.66   88920    5883  430857  1707194  19.20
1995-1999     70-74     0.02387  0.11312  2.69   83038    9393  393505  1276337  15.37
1995-1999     75-79     0.03474  0.15994  2.52   73644   11779  338999   882832  11.99
1995-1999     80-84     0.06514  0.28175  2.61   61866   17431  267604   543833   8.79
1995-1999     85-89     0.11624  0.45018  2.50   44435   20004  172085   276229   6.22
1995-1999     90-94     0.20036  0.65035  2.30   24431   15889   79299   104143   4.26
1995-1999     95-99     0.32346  0.82342  2.02    8542    7034   21746    24844   2.91
1995-1999    100-104    0.47768  0.92603  1.69    1508    1397    2924     3098   2.05
1995-1999    105-109    0.63810  0.96991  1.41     112     108     170      174   1.56
1995-1999    110+       0.75797  1.00000  1.32       3       3       4        4   1.32
2000-2004        0      0.00476  0.00474  0.14  100000     474   99592  8139519  81.40
2000-2004      1-4      0.00048  0.00194  1.37   99526     193  397597  8039926  80.78
2000-2004      5-9      0.00025  0.00125  2.21   99333     124  496321  7642329  76.94
2000-2004     10-14     0.00025  0.00124  2.57   99209     123  495746  7146009  72.03
2000-2004     15-19     0.00038  0.00191  3.23   99086     189  495095  6650263  67.12
2000-2004     20-24     0.00063  0.00315  2.80   98897     312  493798  6155167  62.24
2000-2004     25-29     0.00074  0.00371  2.59   98585     366  492044  5661370  57.43
2000-2004     30-34     0.00083  0.00416  2.52   98219     409  490083  5169326  52.63
2000-2004     35-39     0.00084  0.00417  2.59   97810     408  488068  4679243  47.84
2000-2004     40-44     0.00119  0.00594  2.70   97402     579  485684  4191175  43.03
2000-2004     45-49     0.00132  0.00659  2.70   96824     638  482649  3705492  38.27
2000-2004     50-54     0.00221  0.01099  2.85   96185    1057  478655  3222842  33.51
2000-2004     55-59     0.00342  0.01699  2.66   95128    1616  471855  2744187  28.85
2000-2004     60-64     0.00653  0.03216  2.64   93512    3008  460456  2272332  24.30
2000-2004     65-69     0.01115  0.05432  2.67   90505    4916  441079  1811876  20.02
2000-2004     70-74     0.01881  0.09017  2.71   85589    7718  410297  1370797  16.02
2000-2004     75-79     0.03190  0.14826  2.63   77871   11545  361947   960501  12.33
2000-2004     80-84     0.06226  0.27102  2.61   66326   17976  288702   598554   9.02
2000-2004     85-89     0.11075  0.43404  2.51   48350   20986  189489   309852   6.41
2000-2004     90-94     0.19204  0.63413  2.32   27364   17352   90359   120362   4.40
2000-2004     95-99     0.31219  0.81192  2.04   10012    8129   26038    30003   3.00
2000-2004    100-104    0.46502  0.92062  1.72    1883    1734    3728     3965   2.11
2000-2004    105-109    0.62721  0.96811  1.43     149     145     231      237   1.59
2000-2004    110+       0.75065  1.00000  1.33       5       5       6        6   1.33
2005-2009        0      0.00459  0.00457  0.14  100000     457   99607  8215964  82.16
2005-2009      1-4      0.00039  0.00157  2.14   99543     156  397882  8116357  81.54
2005-2009      5-9      0.00012  0.00058  2.91   99387      58  496814  7718475  77.66
2005-2009     10-14     0.00019  0.00093  2.78   99329      92  496441  7221662  72.70
2005-2009     15-19     0.00052  0.00258  2.57   99237     256  495561  6725221  67.77
2005-2009     20-24     0.00057  0.00283  2.60   98981     280  494233  6229660  62.94
2005-2009     25-29     0.00064  0.00319  2.52   98701     315  492726  5735428  58.11
2005-2009     30-34     0.00082  0.00411  2.53   98386     404  490935  5242702  53.29
2005-2009     35-39     0.00080  0.00402  2.65   97982     394  488987  4751767  48.50
2005-2009     40-44     0.00126  0.00629  2.60   97589     613  486472  4262780  43.68
2005-2009     45-49     0.00146  0.00730  2.77   96975     708  483296  3776308  38.94
2005-2009     50-54     0.00223  0.01111  2.68   96268    1070  478855  3293012  34.21
2005-2009     55-59     0.00353  0.01749  2.68   95198    1665  472127  2814157  29.56
2005-2009     60-64     0.00571  0.02817  2.56   93533    2635  461224  2342029  25.04
2005-2009     65-69     0.00939  0.04598  2.73   90898    4180  445018  1880805  20.69
2005-2009     70-74     0.01593  0.07690  2.77   86718    6668  418694  1435788  16.56
2005-2009     75-79     0.03134  0.14594  2.64   80050   11683  372732  1017094  12.71
2005-2009     80-84     0.05506  0.24387  2.66   68367   16673  302816   644362   9.43
2005-2009     85-89     0.10307  0.41051  2.52   51694   21221  205895   341546   6.61
2005-2009     90-94     0.18710  0.62540  2.35   30473   19058  101859   135651   4.45
2005-2009     95-99     0.31573  0.81722  2.05   11415    9329   29547    33792   2.96
2005-2009    100-104    0.48209  0.92905  1.69    2086    1938    4021     4245   2.03
2005-2009    105-109    0.65652  0.97341  1.39     148     144     219      224   1.52
2005-2009    110+       0.78475  1.00000  1.27       4       4       5        5   1.27
2010-2014        0      0.00296  0.00296  0.14  100000     296   99747  8337404  83.37
2010-2014      1-4      0.00031  0.00124  1.20   99704     124  398472  8237657  82.62
2010-2014      5-9      0.00011  0.00054  3.46   99581      54  497822  7839186  78.72
2010-2014     10-14     0.00023  0.00117  3.06   99527     117  497409  7341364  73.76
2010-2014     15-19     0.00053  0.00264  2.20   99410     263  496316  6843954  68.85
2010-2014     20-24     0.00036  0.00181  2.34   99148     179  495261  6347638  64.02
2010-2014     25-29     0.00059  0.00296  2.47   98968     293  494101  5852377  59.13
2010-2014     30-34     0.00054  0.00271  2.16   98676     268  492617  5358277  54.30
2010-2014     35-39     0.00085  0.00423  2.64   98408     416  491055  4865660  49.44
2010-2014     40-44     0.00103  0.00514  2.64   97991     504  488767  4374605  44.64
2010-2014     45-49     0.00123  0.00611  2.91   97488     596  486193  3885838  39.86
2010-2014     50-54     0.00230  0.01145  2.62   96892    1109  481817  3399644  35.09
2010-2014     55-59     0.00343  0.01702  2.63   95783    1630  475054  2917828  30.46
2010-2014     60-64     0.00521  0.02571  2.59   94153    2421  464939  2442774  25.94
2010-2014     65-69     0.00798  0.03918  2.65   91732    3594  450230  1977834  21.56
2010-2014     70-74     0.01422  0.06894  2.79   88138    6076  427258  1527604  17.33
2010-2014     75-79     0.02532  0.11955  2.67   82062    9810  387417  1100347  13.41
2010-2014     80-84     0.04741  0.21375  2.70   72252   15444  325734   712929   9.87
2010-2014     85-89     0.09604  0.38971  2.58   56808   22139  230515   387195   6.82
2010-2014     90-94     0.18215  0.61604  2.37   34669   21358  117253   156680   4.52
2010-2014     95-99     0.31510  0.81737  2.06   13312   10881   34530    39427   2.96
2010-2014    100-104    0.48717  0.93152  1.69    2431    2265    4649     4897   2.01
2010-2014    105-109    0.66651  0.97504  1.37     166     162     244      249   1.49
2010-2014    110+       0.79650  1.00000  1.26       4       4       5        5   1.26
2015-2019        0      0.00284  0.00284  0.14  100000     284   99757  8377743  83.78
2015-2019      1-4      0.00038  0.00153  1.56   99716     153  398494  8277986  83.02
2015-2019      5-9      0.00021  0.00103  2.47   99564     103  497559  7879492  79.14
2015-2019     10-14     0.00022  0.00110  2.48   99461     109  497031  7381933  74.22
2015-2019     15-19     0.00049  0.00247  2.18   99352     245  496070  6884903  69.30
2015-2019     20-24     0.00057  0.00284  2.71   99107     281  494891  6388833  64.46
2015-2019     25-29     0.00046  0.00232  2.89   98825     229  493644  5893941  59.64
2015-2019     30-34     0.00054  0.00271  2.61   98597     267  492346  5400298  54.77
2015-2019     35-39     0.00073  0.00366  2.59   98330     360  490780  4907951  49.91
2015-2019     40-44     0.00102  0.00508  2.64   97970     498  488672  4417172  45.09
2015-2019     45-49     0.00128  0.00636  2.70   97472     620  485935  3928499  40.30
2015-2019     50-54     0.00202  0.01008  2.89   96853     976  482206  3442564  35.54
2015-2019     55-59     0.00356  0.01767  2.66   95877    1694  475416  2960358  30.88
2015-2019     60-64     0.00526  0.02599  2.59   94183    2448  465007  2484942  26.38
2015-2019     65-69     0.00682  0.03355  2.63   91735    3078  451385  2019935  22.02
2015-2019     70-74     0.01253  0.06095  2.74   88657    5403  431070  1568550  17.69
2015-2019     75-79     0.02546  0.12031  2.71   83253   10016  393376  1137480  13.66
2015-2019     80-84     0.04504  0.20383  2.67   73237   14928  331462   744104  10.16
2015-2019     85-89     0.09153  0.37399  2.56   58309   21807  238245   412642   7.08
2015-2019     90-94     0.16889  0.58803  2.42   36502   21465  127093   174397   4.78
2015-2019     95-99     0.29302  0.79287  2.11   15038   11923   40689    47304   3.15
2015-2019    100-104    0.46013  0.92012  1.74    3115    2866    6228     6614   2.12
2015-2019    105-109    0.64128  0.97129  1.41     249     242     377      386   1.55
2015-2019    110+       0.77689  1.00000  1.29       7       7       9        9   1.29
