ACT, Deaths (period 1x5), 	Last modified: 23 May 2023;  Methods Protocol: v6 (2017)

  Year          Age             Female            Male           Total
1971-1974        0               103.09          165.00          268.09
1971-1974        1                12.01           14.00           26.01
1971-1974        2                 6.02            5.00           11.02
1971-1974        3                 6.00            9.00           15.00
1971-1974        4                 0.00            6.00            6.00
1971-1974        5                 3.00            4.00            7.00
1971-1974        6                 8.01            6.00           14.01
1971-1974        7                 3.00            4.00            7.00
1971-1974        8                 4.02            2.00            6.02
1971-1974        9                 3.01            0.00            3.01
1971-1974       10                 4.01            4.00            8.01
1971-1974       11                 5.01            8.00           13.01
1971-1974       12                 3.00           11.00           14.00
1971-1974       13                 3.00            6.00            9.00
1971-1974       14                 0.00            6.00            6.00
1971-1974       15                 6.00            5.00           11.00
1971-1974       16                 2.00           14.00           16.00
1971-1974       17                10.02           11.00           21.02
1971-1974       18                 2.00           19.00           21.00
1971-1974       19                 7.02           11.00           18.02
1971-1974       20                10.01           10.00           20.01
1971-1974       21                 3.01           14.00           17.01
1971-1974       22                 9.01           13.00           22.01
1971-1974       23                 3.00           14.00           17.00
1971-1974       24                 4.00            7.00           11.00
1971-1974       25                 6.00            7.00           13.00
1971-1974       26                 7.01            3.00           10.01
1971-1974       27                 5.00           10.00           15.00
1971-1974       28                 0.00            6.00            6.00
1971-1974       29                10.00            9.00           19.00
1971-1974       30                14.01            7.00           21.01
1971-1974       31                 4.00            8.00           12.00
1971-1974       32                 1.00            8.00            9.00
1971-1974       33                 3.00            2.00            5.00
1971-1974       34                 7.02           11.00           18.02
1971-1974       35                 5.00           12.00           17.00
1971-1974       36                 0.00            9.00            9.00
1971-1974       37                 5.00            8.00           13.00
1971-1974       38                11.01            9.00           20.01
1971-1974       39                 8.00            7.00           15.00
1971-1974       40                 8.01            8.00           16.01
1971-1974       41                10.00            8.00           18.00
1971-1974       42                11.02           16.00           27.02
1971-1974       43                 7.00           16.00           23.00
1971-1974       44                12.01           10.00           22.01
1971-1974       45                12.02           16.00           28.02
1971-1974       46                13.01           16.00           29.01
1971-1974       47                 8.01           23.00           31.01
1971-1974       48                 9.01           15.00           24.01
1971-1974       49                 8.01           20.00           28.01
1971-1974       50                12.02           18.00           30.02
1971-1974       51                14.01           18.00           32.01
1971-1974       52                12.01           25.00           37.01
1971-1974       53                 7.01           11.00           18.01
1971-1974       54                 9.02           29.00           38.02
1971-1974       55                12.01           21.00           33.01
1971-1974       56                 5.00           29.00           34.00
1971-1974       57                10.01           22.00           32.01
1971-1974       58                17.03           23.00           40.03
1971-1974       59                11.01           33.00           44.01
1971-1974       60                18.01           31.00           49.01
1971-1974       61                15.03           27.00           42.03
1971-1974       62                17.02           21.00           38.02
1971-1974       63                 9.01           34.00           43.01
1971-1974       64                15.01           30.00           45.01
1971-1974       65                16.02           34.00           50.02
1971-1974       66                11.00           26.00           37.00
1971-1974       67                12.01           27.00           39.01
1971-1974       68                12.00           24.00           36.00
1971-1974       69                14.01           15.00           29.01
1971-1974       70                20.00           32.00           52.00
1971-1974       71                22.02           19.00           41.02
1971-1974       72                14.00           23.00           37.00
1971-1974       73                24.04           32.00           56.04
1971-1974       74                37.04           31.00           68.04
1971-1974       75                21.01           23.00           44.01
1971-1974       76                30.03           12.00           42.03
1971-1974       77                24.01           18.00           42.01
1971-1974       78                26.03           23.00           49.03
1971-1974       79                31.02           19.00           50.02
1971-1974       80                23.02           10.00           33.02
1971-1974       81                26.02           15.00           41.02
1971-1974       82                25.03           12.00           37.03
1971-1974       83                23.02           18.00           41.02
1971-1974       84                28.02           12.00           40.02
1971-1974       85                22.00           10.00           32.00
1971-1974       86                14.01           11.00           25.01
1971-1974       87                31.02           11.00           42.02
1971-1974       88                14.01           10.00           24.01
1971-1974       89                11.00            8.00           19.00
1971-1974       90                 6.01            9.00           15.01
1971-1974       91                12.00            9.00           21.00
1971-1974       92                 9.00            9.00           18.00
1971-1974       93                 7.00            3.00           10.00
1971-1974       94                11.01            7.00           18.01
1971-1974       95                 5.00            4.00            9.00
1971-1974       96                 2.00            3.00            5.00
1971-1974       97                 3.00            1.00            4.00
1971-1974       98                 4.00            0.00            4.00
1971-1974       99                 0.00            0.00            0.00
1971-1974      100                 0.00            1.00            1.00
1971-1974      101                 0.00            0.00            0.00
1971-1974      102                 0.00            0.00            0.00
1971-1974      103                 0.00            0.00            0.00
1971-1974      104                 0.00            0.00            0.00
1971-1974      105                 0.00            0.00            0.00
1971-1974      106                 0.00            0.00            0.00
1971-1974      107                 0.00            0.00            0.00
1971-1974      108                 0.00            0.00            0.00
1971-1974      109                 0.00            0.00            0.00
1971-1974      110+                0.00            0.00            0.00
1975-1979        0               118.00          161.00          279.00
1975-1979        1                10.00           12.00           22.00
1975-1979        2                15.00            6.00           21.00
1975-1979        3                 5.00            4.00            9.00
1975-1979        4                 5.00            8.00           13.00
1975-1979        5                 2.00            5.00            7.00
1975-1979        6                 2.00            2.00            4.00
1975-1979        7                 0.00           11.00           11.00
1975-1979        8                 4.00            7.00           11.00
1975-1979        9                 3.00            5.00            8.00
1975-1979       10                 0.00            4.00            4.00
1975-1979       11                10.00            5.00           15.00
1975-1979       12                 2.00            2.00            4.00
1975-1979       13                 8.00            2.00           10.00
1975-1979       14                 3.00           14.00           17.00
1975-1979       15                 4.00            5.00            9.00
1975-1979       16                 9.00           15.00           24.00
1975-1979       17                 7.00            7.00           14.00
1975-1979       18                 5.00           21.00           26.00
1975-1979       19                 8.00           20.00           28.00
1975-1979       20                 7.00           20.00           27.00
1975-1979       21                11.00           16.00           27.00
1975-1979       22                13.00           15.00           28.00
1975-1979       23                 9.00           16.00           25.00
1975-1979       24                 4.00           16.00           20.00
1975-1979       25                 2.00           12.00           14.00
1975-1979       26                13.00           14.00           27.00
1975-1979       27                 9.00           14.00           23.00
1975-1979       28                11.00           13.00           24.00
1975-1979       29                 7.00            8.00           15.00
1975-1979       30                 8.00           18.00           26.00
1975-1979       31                 9.00           17.00           26.00
1975-1979       32                 8.00           15.00           23.00
1975-1979       33                 8.00            2.00           10.00
1975-1979       34                12.00           16.00           28.00
1975-1979       35                11.00           10.00           21.00
1975-1979       36                 6.00           14.00           20.00
1975-1979       37                10.00           11.00           21.00
1975-1979       38                13.00           15.00           28.00
1975-1979       39                13.00           12.00           25.00
1975-1979       40                 6.00           14.00           20.00
1975-1979       41                13.00           11.00           24.00
1975-1979       42                 3.00           15.00           18.00
1975-1979       43                10.00           18.00           28.00
1975-1979       44                12.00           14.00           26.00
1975-1979       45                 8.00           15.00           23.00
1975-1979       46                 8.00           16.00           24.00
1975-1979       47                10.00           25.00           35.00
1975-1979       48                 9.00           26.00           35.00
1975-1979       49                12.00           31.00           43.00
1975-1979       50                16.00           29.00           45.00
1975-1979       51                14.00           34.00           48.00
1975-1979       52                17.00           29.00           46.00
1975-1979       53                 9.00           41.00           50.00
1975-1979       54                19.00           38.00           57.00
1975-1979       55                13.00           51.00           64.00
1975-1979       56                32.00           41.00           73.00
1975-1979       57                13.00           47.00           60.00
1975-1979       58                13.00           35.00           48.00
1975-1979       59                18.00           38.00           56.00
1975-1979       60                27.00           37.00           64.00
1975-1979       61                16.00           48.00           64.00
1975-1979       62                22.00           37.00           59.00
1975-1979       63                29.00           49.00           78.00
1975-1979       64                28.00           58.00           86.00
1975-1979       65                19.00           44.00           63.00
1975-1979       66                17.00           52.00           69.00
1975-1979       67                25.00           46.00           71.00
1975-1979       68                20.00           36.00           56.00
1975-1979       69                33.00           49.00           82.00
1975-1979       70                30.00           37.00           67.00
1975-1979       71                31.00           30.00           61.00
1975-1979       72                28.00           50.00           78.00
1975-1979       73                31.00           38.00           69.00
1975-1979       74                34.00           29.00           63.00
1975-1979       75                37.00           52.00           89.00
1975-1979       76                26.00           41.00           67.00
1975-1979       77                42.00           27.00           69.00
1975-1979       78                28.00           43.00           71.00
1975-1979       79                25.00           26.00           51.00
1975-1979       80                34.00           32.00           66.00
1975-1979       81                27.00           20.00           47.00
1975-1979       82                36.00           23.00           59.00
1975-1979       83                35.00           21.00           56.00
1975-1979       84                34.00           19.00           53.00
1975-1979       85                33.00           19.00           52.00
1975-1979       86                30.00           18.00           48.00
1975-1979       87                34.00           11.00           45.00
1975-1979       88                22.00           12.00           34.00
1975-1979       89                26.00            5.00           31.00
1975-1979       90                18.00            7.00           25.00
1975-1979       91                22.00            8.00           30.00
1975-1979       92                16.00           11.00           27.00
1975-1979       93                14.00            6.00           20.00
1975-1979       94                 7.00            8.00           15.00
1975-1979       95                 8.00            5.00           13.00
1975-1979       96                 8.00            5.00           13.00
1975-1979       97                 7.00            0.00            7.00
1975-1979       98                 4.00            3.00            7.00
1975-1979       99                 3.00            3.00            6.00
1975-1979      100                 6.12            0.00            6.12
1975-1979      101                 2.57            0.00            2.57
1975-1979      102                 1.31            0.00            1.31
1975-1979      103                 0.00            0.00            0.00
1975-1979      104                 0.00            0.00            0.00
1975-1979      105                 0.00            0.00            0.00
1975-1979      106                 0.00            0.00            0.00
1975-1979      107                 0.00            0.00            0.00
1975-1979      108                 0.00            0.00            0.00
1975-1979      109                 0.00            0.00            0.00
1975-1979      110+                0.00            0.00            0.00
1980-1984        0                89.20          106.23          195.43
1980-1984        1                16.04           13.04           29.08
1980-1984        2                 4.00           11.03           15.03
1980-1984        3                 4.00            4.03            8.03
1980-1984        4                 6.03            6.02           12.05
1980-1984        5                 3.01            9.02           12.03
1980-1984        6                 9.00            2.02           11.02
1980-1984        7                 3.00            8.03           11.03
1980-1984        8                 4.00            6.04           10.04
1980-1984        9                 7.00            5.03           12.03
1980-1984       10                 3.04            5.01            8.05
1980-1984       11                 4.00            6.02           10.02
1980-1984       12                 2.00            3.02            5.02
1980-1984       13                 3.00            3.02            6.02
1980-1984       14                 3.00            4.02            7.02
1980-1984       15                 3.00            8.02           11.02
1980-1984       16                10.05            9.02           19.07
1980-1984       17                14.04           15.03           29.07
1980-1984       18                 7.02           13.04           20.06
1980-1984       19                 8.05           12.05           20.10
1980-1984       20                 7.00           21.10           28.10
1980-1984       21                 9.00           23.06           32.06
1980-1984       22                15.05           14.03           29.08
1980-1984       23                10.00           11.02           21.02
1980-1984       24                 2.00            9.01           11.01
1980-1984       25                 5.03           12.00           17.03
1980-1984       26                 5.00            8.02           13.02
1980-1984       27                 3.00           20.04           23.04
1980-1984       28                11.05           17.06           28.11
1980-1984       29                10.03           12.03           22.06
1980-1984       30                11.04            8.03           19.07
1980-1984       31                13.05           11.05           24.10
1980-1984       32                 4.01            7.00           11.01
1980-1984       33                16.02           10.06           26.08
1980-1984       34                 2.00           19.05           21.05
1980-1984       35                14.05           13.04           27.09
1980-1984       36                 9.03           10.01           19.04
1980-1984       37                13.04           13.03           26.07
1980-1984       38                 6.03           11.03           17.06
1980-1984       39                 8.03           13.03           21.06
1980-1984       40                15.03           15.05           30.08
1980-1984       41                 5.02           14.04           19.06
1980-1984       42                11.01           16.03           27.04
1980-1984       43                 6.03           13.04           19.07
1980-1984       44                15.04           15.04           30.08
1980-1984       45                10.01           19.05           29.06
1980-1984       46                17.03           22.03           39.06
1980-1984       47                10.01           15.04           25.05
1980-1984       48                11.00           21.08           32.08
1980-1984       49                12.01           16.08           28.09
1980-1984       50                10.01           24.08           34.09
1980-1984       51                 6.01           13.05           19.06
1980-1984       52                12.05           35.10           47.15
1980-1984       53                14.02           38.12           52.14
1980-1984       54                12.04           42.12           54.16
1980-1984       55                18.07           28.09           46.16
1980-1984       56                14.04           39.13           53.17
1980-1984       57                31.14           41.10           72.24
1980-1984       58                21.04           55.11           76.15
1980-1984       59                16.06           32.10           48.16
1980-1984       60                27.04           50.12           77.16
1980-1984       61                25.03           56.20           81.23
1980-1984       62                20.03           53.06           73.09
1980-1984       63                19.06           55.14           74.20
1980-1984       64                36.08           50.13           86.21
1980-1984       65                33.10           62.17           95.27
1980-1984       66                27.01           58.17           85.18
1980-1984       67                32.06           57.13           89.19
1980-1984       68                47.08           63.14          110.22
1980-1984       69                44.04           69.23          113.27
1980-1984       70                34.11           59.11           93.22
1980-1984       71                53.09           50.13          103.22
1980-1984       72                47.12           66.19          113.31
1980-1984       73                46.12           61.14          107.26
1980-1984       74                37.06           59.13           96.19
1980-1984       75                49.06           43.07           92.13
1980-1984       76                52.11           49.11          101.22
1980-1984       77                36.09           57.12           93.21
1980-1984       78                43.09           43.10           86.19
1980-1984       79                49.13           60.19          109.32
1980-1984       80                41.08           38.07           79.15
1980-1984       81                39.03           35.08           74.11
1980-1984       82                67.12           30.09           97.21
1980-1984       83                51.12           33.10           84.22
1980-1984       84                46.09           28.06           74.15
1980-1984       85                44.12           19.02           63.14
1980-1984       86                48.12           23.06           71.18
1980-1984       87                37.11           21.03           58.14
1980-1984       88                40.09            9.03           49.12
1980-1984       89                39.09           13.01           52.10
1980-1984       90                27.08            9.02           36.10
1980-1984       91                24.02           14.05           38.07
1980-1984       92                20.04           12.03           32.07
1980-1984       93                17.02           16.05           33.07
1980-1984       94                10.01            4.01           14.02
1980-1984       95                11.04            7.04           18.08
1980-1984       96                10.05            9.04           19.09
1980-1984       97                 8.00            4.00           12.00
1980-1984       98                13.02            3.00           16.02
1980-1984       99                 7.04            0.00            7.04
1980-1984      100                 3.49            0.00            3.49
1980-1984      101                 1.30            0.00            1.30
1980-1984      102                 1.20            0.00            1.20
1980-1984      103                 0.00            0.00            0.00
1980-1984      104                 0.00            0.00            0.00
1980-1984      105                 0.00            0.00            0.00
1980-1984      106                 0.00            0.00            0.00
1980-1984      107                 0.00            0.00            0.00
1980-1984      108                 0.00            0.00            0.00
1980-1984      109                 0.00            0.00            0.00
1980-1984      110+                0.00            0.00            0.00
1985-1989        0                68.06           98.13          166.19
1985-1989        1                 5.01           14.03           19.04
1985-1989        2                 4.00            4.00            8.00
1985-1989        3                 4.00            7.00           11.00
1985-1989        4                 6.01            6.01           12.02
1985-1989        5                 3.02            3.00            6.02
1985-1989        6                 5.00            1.01            6.01
1985-1989        7                 0.00            9.02            9.02
1985-1989        8                 7.02            3.00           10.02
1985-1989        9                 7.00            3.02           10.02
1985-1989       10                 0.00            2.00            2.00
1985-1989       11                 4.01            5.00            9.01
1985-1989       12                 6.01           12.02           18.03
1985-1989       13                 1.00            9.03           10.03
1985-1989       14                 4.00            4.00            8.00
1985-1989       15                 5.00            5.00           10.00
1985-1989       16                13.00           10.00           23.00
1985-1989       17                13.01           19.04           32.05
1985-1989       18                 7.02           18.01           25.03
1985-1989       19                11.01           16.03           27.04
1985-1989       20                12.02           14.02           26.04
1985-1989       21                 8.01           23.06           31.07
1985-1989       22                 7.00           22.02           29.02
1985-1989       23                 3.00           14.01           17.01
1985-1989       24                 3.00           11.01           14.01
1985-1989       25                 6.00           19.04           25.04
1985-1989       26                10.00           15.02           25.02
1985-1989       27                 6.02           11.02           17.04
1985-1989       28                11.02           15.02           26.04
1985-1989       29                 2.00           15.03           17.03
1985-1989       30                 7.00            6.00           13.00
1985-1989       31                13.01            7.00           20.01
1985-1989       32                 4.00           13.02           17.02
1985-1989       33                 1.00            8.01            9.01
1985-1989       34                 8.01           20.03           28.04
1985-1989       35                14.01           10.01           24.02
1985-1989       36                10.03           16.01           26.04
1985-1989       37                19.02           17.02           36.04
1985-1989       38                11.01           19.02           30.03
1985-1989       39                 7.01           22.02           29.03
1985-1989       40                16.02           12.01           28.03
1985-1989       41                17.00            7.00           24.00
1985-1989       42                15.01           12.02           27.03
1985-1989       43                 8.00           15.00           23.00
1985-1989       44                12.01           15.03           27.04
1985-1989       45                12.01           22.01           34.02
1985-1989       46                16.01           20.00           36.01
1985-1989       47                 9.02           12.03           21.05
1985-1989       48                11.01           15.00           26.01
1985-1989       49                15.02           15.02           30.04
1985-1989       50                17.01           21.01           38.02
1985-1989       51                10.00           33.05           43.05
1985-1989       52                17.01           26.01           43.02
1985-1989       53                18.02           33.03           51.05
1985-1989       54                18.04           18.05           36.09
1985-1989       55                13.02           26.07           39.09
1985-1989       56                16.02           40.04           56.06
1985-1989       57                21.01           34.04           55.05
1985-1989       58                20.04           44.08           64.12
1985-1989       59                31.04           54.04           85.08
1985-1989       60                25.04           62.04           87.08
1985-1989       61                24.03           55.09           79.12
1985-1989       62                30.04           60.07           90.11
1985-1989       63                27.03           54.05           81.08
1985-1989       64                33.03           64.09           97.12
1985-1989       65                35.04           65.05          100.09
1985-1989       66                42.01           63.09          105.10
1985-1989       67                39.02           69.05          108.07
1985-1989       68                44.03           62.08          106.11
1985-1989       69                43.07           54.05           97.12
1985-1989       70                50.05           56.07          106.12
1985-1989       71                50.04           62.11          112.15
1985-1989       72                54.06           83.08          137.14
1985-1989       73                44.04           60.08          104.12
1985-1989       74                70.05           69.07          139.12
1985-1989       75                61.06           82.07          143.13
1985-1989       76                69.03           71.10          140.13
1985-1989       77                55.03           62.10          117.13
1985-1989       78                71.07           60.05          131.12
1985-1989       79                77.09           60.05          137.14
1985-1989       80                63.05           55.01          118.06
1985-1989       81                59.06           44.03          103.09
1985-1989       82                49.02           42.04           91.06
1985-1989       83                58.06           44.01          102.07
1985-1989       84                64.06           30.05           94.11
1985-1989       85                56.03           35.04           91.07
1985-1989       86                56.06           26.04           82.10
1985-1989       87                54.03           38.04           92.07
1985-1989       88                51.05           18.01           69.06
1985-1989       89                37.03           20.04           57.07
1985-1989       90                34.00           13.01           47.01
1985-1989       91                26.01           12.02           38.03
1985-1989       92                32.03            9.03           41.06
1985-1989       93                25.02            9.01           34.03
1985-1989       94                21.01            8.03           29.04
1985-1989       95                19.02           12.03           31.05
1985-1989       96                14.01            5.01           19.02
1985-1989       97                13.01            9.01           22.02
1985-1989       98                14.00            6.00           20.00
1985-1989       99                 8.01            1.00            9.01
1985-1989      100                 6.27            3.00            9.27
1985-1989      101                 4.23            0.00            4.23
1985-1989      102                 2.51            0.00            2.51
1985-1989      103                 1.01            0.00            1.01
1985-1989      104                 0.00            0.00            0.00
1985-1989      105                 0.00            0.00            0.00
1985-1989      106                 0.00            0.00            0.00
1985-1989      107                 0.00            0.00            0.00
1985-1989      108                 0.00            0.00            0.00
1985-1989      109                 0.00            0.00            0.00
1985-1989      110+                0.00            0.00            0.00
1990-1994        0                50.00           96.00          146.00
1990-1994        1                 2.00           11.00           13.00
1990-1994        2                 9.00            7.00           16.00
1990-1994        3                 3.00            4.00            7.00
1990-1994        4                 7.00            0.00            7.00
1990-1994        5                 1.00           12.00           13.00
1990-1994        6                 9.00            6.00           15.00
1990-1994        7                 6.00            5.00           11.00
1990-1994        8                 0.00            4.00            4.00
1990-1994        9                 4.00            5.00            9.00
1990-1994       10                 5.00           10.00           15.00
1990-1994       11                 0.00            0.00            0.00
1990-1994       12                 3.00            2.00            5.00
1990-1994       13                 0.00            4.00            4.00
1990-1994       14                 2.00            5.00            7.00
1990-1994       15                 0.00            7.00            7.00
1990-1994       16                 2.00            7.00            9.00
1990-1994       17                12.00            7.00           19.00
1990-1994       18                10.00           15.00           25.00
1990-1994       19                15.00           12.00           27.00
1990-1994       20                 8.00           12.00           20.00
1990-1994       21                 8.00           12.00           20.00
1990-1994       22                12.00           19.00           31.00
1990-1994       23                 7.00           11.00           18.00
1990-1994       24                14.00           12.00           26.00
1990-1994       25                14.00            7.00           21.00
1990-1994       26                 7.00           14.00           21.00
1990-1994       27                 7.00           11.00           18.00
1990-1994       28                11.00            9.00           20.00
1990-1994       29                 7.00           11.00           18.00
1990-1994       30                 7.00           12.00           19.00
1990-1994       31                10.00           17.00           27.00
1990-1994       32                 5.00           11.00           16.00
1990-1994       33                 6.00           11.00           17.00
1990-1994       34                 9.00           18.00           27.00
1990-1994       35                 9.00           15.00           24.00
1990-1994       36                 9.00           10.00           19.00
1990-1994       37                10.00           12.00           22.00
1990-1994       38                14.00           16.00           30.00
1990-1994       39                15.00           17.00           32.00
1990-1994       40                15.00            9.00           24.00
1990-1994       41                 7.00           13.00           20.00
1990-1994       42                 8.00           21.00           29.00
1990-1994       43                12.00           22.00           34.00
1990-1994       44                15.00           26.00           41.00
1990-1994       45                18.00           20.00           38.00
1990-1994       46                16.00           27.00           43.00
1990-1994       47                16.00           17.00           33.00
1990-1994       48                14.00           34.00           48.00
1990-1994       49                15.00           28.00           43.00
1990-1994       50                14.00           24.00           38.00
1990-1994       51                16.00           20.00           36.00
1990-1994       52                22.00           24.00           46.00
1990-1994       53                15.00           30.00           45.00
1990-1994       54                11.00           37.00           48.00
1990-1994       55                27.00           27.00           54.00
1990-1994       56                23.00           35.00           58.00
1990-1994       57                24.00           26.00           50.00
1990-1994       58                18.00           34.00           52.00
1990-1994       59                16.00           45.00           61.00
1990-1994       60                15.00           29.00           44.00
1990-1994       61                31.00           59.00           90.00
1990-1994       62                25.00           62.00           87.00
1990-1994       63                44.00           66.00          110.00
1990-1994       64                41.00           60.00          101.00
1990-1994       65                30.00           59.00           89.00
1990-1994       66                47.00           73.00          120.00
1990-1994       67                44.00           72.00          116.00
1990-1994       68                47.00           91.00          138.00
1990-1994       69                61.00           90.00          151.00
1990-1994       70                59.00           72.00          131.00
1990-1994       71                49.00           63.00          112.00
1990-1994       72                48.00           92.00          140.00
1990-1994       73                61.00           80.00          141.00
1990-1994       74                62.00           70.00          132.00
1990-1994       75                50.00           68.00          118.00
1990-1994       76                67.00           91.00          158.00
1990-1994       77                84.00           85.00          169.00
1990-1994       78                79.00           64.00          143.00
1990-1994       79                87.00           83.00          170.00
1990-1994       80                68.00           75.00          143.00
1990-1994       81                74.00           68.00          142.00
1990-1994       82                70.00           80.00          150.00
1990-1994       83                94.00           67.00          161.00
1990-1994       84                70.00           63.00          133.00
1990-1994       85                76.00           53.00          129.00
1990-1994       86                81.00           38.00          119.00
1990-1994       87                70.00           34.00          104.00
1990-1994       88                56.00           31.00           87.00
1990-1994       89                55.00           16.00           71.00
1990-1994       90                57.00           15.00           72.00
1990-1994       91                32.00           23.00           55.00
1990-1994       92                40.00           26.00           66.00
1990-1994       93                38.00           13.00           51.00
1990-1994       94                21.00           11.00           32.00
1990-1994       95                22.00            8.00           30.00
1990-1994       96                15.00           10.00           25.00
1990-1994       97                16.00            6.00           22.00
1990-1994       98                12.00            7.00           19.00
1990-1994       99                 7.00            3.00           10.00
1990-1994      100                 7.77            1.63            9.40
1990-1994      101                 3.95            1.41            5.36
1990-1994      102                 1.74            0.97            2.71
1990-1994      103                 0.53            0.00            0.53
1990-1994      104                 0.00            0.00            0.00
1990-1994      105                 0.00            0.00            0.00
1990-1994      106                 0.00            0.00            0.00
1990-1994      107                 0.00            0.00            0.00
1990-1994      108                 0.00            0.00            0.00
1990-1994      109                 0.00            0.00            0.00
1990-1994      110+                0.00            0.00            0.00
1995-1999        0                65.00           45.00          110.00
1995-1999        1                 7.00            8.00           15.00
1995-1999        2                12.00           10.00           22.00
1995-1999        3                 3.00           10.00           13.00
1995-1999        4                 0.00            5.00            5.00
1995-1999        5                 3.00            3.00            6.00
1995-1999        6                 1.00            4.00            5.00
1995-1999        7                 0.00            5.00            5.00
1995-1999        8                 1.00            4.00            5.00
1995-1999        9                 4.00            0.00            4.00
1995-1999       10                 0.00            4.00            4.00
1995-1999       11                 2.00            4.00            6.00
1995-1999       12                 4.00            5.00            9.00
1995-1999       13                 0.00            6.00            6.00
1995-1999       14                 0.00            7.00            7.00
1995-1999       15                 7.00            5.00           12.00
1995-1999       16                 1.00            5.00            6.00
1995-1999       17                 1.00            9.00           10.00
1995-1999       18                 5.00           16.00           21.00
1995-1999       19                 7.00           16.00           23.00
1995-1999       20                 5.00            9.00           14.00
1995-1999       21                 7.00           17.00           24.00
1995-1999       22                10.00            9.00           19.00
1995-1999       23                 7.00           11.00           18.00
1995-1999       24                 6.00            6.00           12.00
1995-1999       25                 3.00           15.00           18.00
1995-1999       26                 4.00           22.00           26.00
1995-1999       27                 8.00           20.00           28.00
1995-1999       28                13.00           21.00           34.00
1995-1999       29                 9.00           13.00           22.00
1995-1999       30                 8.00           16.00           24.00
1995-1999       31                10.00           12.00           22.00
1995-1999       32                 8.00           11.00           19.00
1995-1999       33                12.00            7.00           19.00
1995-1999       34                 2.00           18.00           20.00
1995-1999       35                14.00           16.00           30.00
1995-1999       36                11.00           15.00           26.00
1995-1999       37                14.00           20.00           34.00
1995-1999       38                 5.00           21.00           26.00
1995-1999       39                 7.00           18.00           25.00
1995-1999       40                 6.00           16.00           22.00
1995-1999       41                11.00           13.00           24.00
1995-1999       42                 6.00           12.00           18.00
1995-1999       43                14.00           23.00           37.00
1995-1999       44                16.00           16.00           32.00
1995-1999       45                17.00           27.00           44.00
1995-1999       46                25.00           16.00           41.00
1995-1999       47                19.00           18.00           37.00
1995-1999       48                21.00           28.00           49.00
1995-1999       49                27.00           18.00           45.00
1995-1999       50                12.00           34.00           46.00
1995-1999       51                13.00           22.00           35.00
1995-1999       52                24.00           22.00           46.00
1995-1999       53                22.00           26.00           48.00
1995-1999       54                21.00           28.00           49.00
1995-1999       55                27.00           52.00           79.00
1995-1999       56                14.00           45.00           59.00
1995-1999       57                16.00           37.00           53.00
1995-1999       58                23.00           34.00           57.00
1995-1999       59                31.00           39.00           70.00
1995-1999       60                27.00           43.00           70.00
1995-1999       61                22.00           40.00           62.00
1995-1999       62                33.00           41.00           74.00
1995-1999       63                23.00           40.00           63.00
1995-1999       64                32.00           46.00           78.00
1995-1999       65                36.00           58.00           94.00
1995-1999       66                46.00           56.00          102.00
1995-1999       67                46.00           57.00          103.00
1995-1999       68                42.00           61.00          103.00
1995-1999       69                55.00           73.00          128.00
1995-1999       70                54.00           79.00          133.00
1995-1999       71                58.00           86.00          144.00
1995-1999       72                79.00           91.00          170.00
1995-1999       73                67.00           91.00          158.00
1995-1999       74                75.00          120.00          195.00
1995-1999       75               100.00          110.00          210.00
1995-1999       76                67.00           90.00          157.00
1995-1999       77                67.00           93.00          160.00
1995-1999       78                57.00           86.00          143.00
1995-1999       79                74.00           83.00          157.00
1995-1999       80                86.00           98.00          184.00
1995-1999       81               100.00           84.00          184.00
1995-1999       82               101.00           73.00          174.00
1995-1999       83               112.00           93.00          205.00
1995-1999       84               114.00           66.00          180.00
1995-1999       85               119.00           71.00          190.00
1995-1999       86                95.00           59.00          154.00
1995-1999       87                89.00           68.00          157.00
1995-1999       88                83.00           65.00          148.00
1995-1999       89                89.00           51.00          140.00
1995-1999       90                85.00           27.00          112.00
1995-1999       91                75.00           22.00           97.00
1995-1999       92                51.00           16.00           67.00
1995-1999       93                57.00           24.00           81.00
1995-1999       94                33.00           14.00           47.00
1995-1999       95                35.00            8.00           43.00
1995-1999       96                25.00            9.00           34.00
1995-1999       97                21.00           16.00           37.00
1995-1999       98                 9.00            3.00           12.00
1995-1999       99                 9.00            3.00           12.00
1995-1999      100                 9.43            3.81           13.24
1995-1999      101                 4.10            2.52            6.62
1995-1999      102                 2.18            1.66            3.84
1995-1999      103                 1.30            0.00            1.30
1995-1999      104                 0.00            0.00            0.00
1995-1999      105                 0.00            0.00            0.00
1995-1999      106                 0.00            0.00            0.00
1995-1999      107                 0.00            0.00            0.00
1995-1999      108                 0.00            0.00            0.00
1995-1999      109                 0.00            0.00            0.00
1995-1999      110+                0.00            0.00            0.00
2000-2004        0                40.05           57.00           97.05
2000-2004        1                 6.00           10.00           16.00
2000-2004        2                11.01            5.00           16.01
2000-2004        3                 3.01            2.00            5.01
2000-2004        4                 0.00            3.00            3.00
2000-2004        5                 2.00            7.00            9.00
2000-2004        6                 4.00            1.00            5.00
2000-2004        7                 1.00            4.00            5.00
2000-2004        8                 0.00            0.00            0.00
2000-2004        9                 7.01            1.00            8.01
2000-2004       10                 3.00            0.00            3.00
2000-2004       11                 4.00            3.00            7.00
2000-2004       12                 3.00            4.00            7.00
2000-2004       13                 4.02            3.00            7.02
2000-2004       14                 2.00            2.00            4.00
2000-2004       15                 1.00            0.00            1.00
2000-2004       16                 5.00            2.00            7.00
2000-2004       17                 3.00            7.00           10.00
2000-2004       18                 8.01            5.00           13.01
2000-2004       19                 5.00           13.00           18.00
2000-2004       20                 3.00            5.00            8.00
2000-2004       21                12.01           10.00           22.01
2000-2004       22                 3.00           12.00           15.00
2000-2004       23                14.01            9.00           23.01
2000-2004       24                 4.01           15.00           19.01
2000-2004       25                 5.00           10.00           15.00
2000-2004       26                13.01           11.00           24.01
2000-2004       27                 7.00            9.00           16.00
2000-2004       28                 6.01           14.00           20.01
2000-2004       29                 4.00           18.00           22.00
2000-2004       30                 8.00           12.00           20.00
2000-2004       31                12.00           12.00           24.00
2000-2004       32                 9.00           14.00           23.00
2000-2004       33                 7.00           13.00           20.00
2000-2004       34                 8.01           14.00           22.01
2000-2004       35                10.01            4.00           14.01
2000-2004       36                 7.01           16.00           23.01
2000-2004       37                16.01           14.00           30.01
2000-2004       38                 7.00            6.00           13.00
2000-2004       39                 6.00           18.00           24.00
2000-2004       40                 7.00           16.00           23.00
2000-2004       41                11.01           19.00           30.01
2000-2004       42                 9.00           20.00           29.00
2000-2004       43                10.01           21.00           31.01
2000-2004       44                17.00           20.00           37.00
2000-2004       45                 6.01           19.00           25.01
2000-2004       46                23.02           11.00           34.02
2000-2004       47                 6.00           10.00           16.00
2000-2004       48                24.02           29.00           53.02
2000-2004       49                15.01           15.00           30.01
2000-2004       50                15.01           25.00           40.01
2000-2004       51                21.00           25.00           46.00
2000-2004       52                13.00           16.00           29.00
2000-2004       53                21.01           46.00           67.01
2000-2004       54                28.01           43.00           71.01
2000-2004       55                16.00           41.00           57.00
2000-2004       56                24.02           45.00           69.02
2000-2004       57                18.01           32.00           50.01
2000-2004       58                26.02           47.00           73.02
2000-2004       59                23.02           31.00           54.02
2000-2004       60                26.03           45.00           71.03
2000-2004       61                47.02           40.00           87.02
2000-2004       62                29.01           35.00           64.01
2000-2004       63                43.03           52.00           95.03
2000-2004       64                32.03           40.00           72.03
2000-2004       65                29.03           61.00           90.03
2000-2004       66                33.02           55.00           88.02
2000-2004       67                31.01           73.00          104.01
2000-2004       68                49.02           57.00          106.02
2000-2004       69                46.03           56.00          102.03
2000-2004       70                26.01           79.00          105.01
2000-2004       71                47.03           80.00          127.03
2000-2004       72                50.03           86.00          136.03
2000-2004       73                56.03           92.00          148.03
2000-2004       74                80.06           81.00          161.06
2000-2004       75                72.05           92.00          164.05
2000-2004       76                81.04          111.00          192.04
2000-2004       77                89.03          109.00          198.03
2000-2004       78                89.05          117.00          206.05
2000-2004       79                96.04          105.00          201.04
2000-2004       80               112.08          115.00          227.08
2000-2004       81               144.06          116.00          260.06
2000-2004       82               124.08          104.00          228.08
2000-2004       83               141.10          115.00          256.10
2000-2004       84               112.06          101.00          213.06
2000-2004       85               137.05           89.00          226.05
2000-2004       86               139.07           87.00          226.07
2000-2004       87               124.07           84.00          208.07
2000-2004       88               120.06           80.00          200.06
2000-2004       89               109.06           66.00          175.06
2000-2004       90                96.08           51.00          147.08
2000-2004       91                92.07           36.00          128.07
2000-2004       92                81.07           30.00          111.07
2000-2004       93                65.05           28.00           93.05
2000-2004       94                52.02           17.00           69.02
2000-2004       95                47.03           20.00           67.03
2000-2004       96                44.03           12.00           56.03
2000-2004       97                33.02            5.00           38.02
2000-2004       98                26.01            4.00           30.01
2000-2004       99                10.02           11.00           21.02
2000-2004      100                10.21            2.66           12.87
2000-2004      101                 6.14            0.99            7.13
2000-2004      102                 3.81            0.35            4.16
2000-2004      103                 2.21            0.00            2.21
2000-2004      104                 0.64            0.00            0.64
2000-2004      105                 0.00            0.00            0.00
2000-2004      106                 0.00            0.00            0.00
2000-2004      107                 0.00            0.00            0.00
2000-2004      108                 0.00            0.00            0.00
2000-2004      109                 0.00            0.00            0.00
2000-2004      110+                0.00            0.00            0.00
2005-2009        0                46.00           60.00          106.00
2005-2009        1                 3.00            4.00            7.00
2005-2009        2                 3.00            7.00           10.00
2005-2009        3                 2.00            4.00            6.00
2005-2009        4                 5.00            6.00           11.00
2005-2009        5                 0.00            1.00            1.00
2005-2009        6                 1.00            0.00            1.00
2005-2009        7                 2.00            4.00            6.00
2005-2009        8                 0.00            0.00            0.00
2005-2009        9                 3.00            1.00            4.00
2005-2009       10                 1.00            3.00            4.00
2005-2009       11                 2.00            0.00            2.00
2005-2009       12                 0.00            0.00            0.00
2005-2009       13                 7.00            5.00           12.00
2005-2009       14                 0.00            2.00            2.00
2005-2009       15                 7.00            3.00           10.00
2005-2009       16                 3.00            8.00           11.00
2005-2009       17                 6.00           10.00           16.00
2005-2009       18                 3.00           10.00           13.00
2005-2009       19                 0.00           15.00           15.00
2005-2009       20                 2.00           16.00           18.00
2005-2009       21                 6.00            7.00           13.00
2005-2009       22                 1.00           15.00           16.00
2005-2009       23                 7.00           14.00           21.00
2005-2009       24                 9.00           10.00           19.00
2005-2009       25                 5.00           14.00           19.00
2005-2009       26                 9.00           13.00           22.00
2005-2009       27                10.00            9.00           19.00
2005-2009       28                 2.00            8.00           10.00
2005-2009       29                 8.00           15.00           23.00
2005-2009       30                 9.00           12.00           21.00
2005-2009       31                 9.00            7.00           16.00
2005-2009       32                11.00           20.00           31.00
2005-2009       33                 7.00           15.00           22.00
2005-2009       34                 8.00           12.00           20.00
2005-2009       35                 7.00           10.00           17.00
2005-2009       36                 9.00           12.00           21.00
2005-2009       37                 8.00           13.00           21.00
2005-2009       38                16.00           12.00           28.00
2005-2009       39                 8.00           12.00           20.00
2005-2009       40                10.00           24.00           34.00
2005-2009       41                12.00           14.00           26.00
2005-2009       42                 8.00           18.00           26.00
2005-2009       43                11.00           20.00           31.00
2005-2009       44                20.00           20.00           40.00
2005-2009       45                11.00           19.00           30.00
2005-2009       46                10.00           14.00           24.00
2005-2009       47                10.00           26.00           36.00
2005-2009       48                21.00           32.00           53.00
2005-2009       49                21.00           17.00           38.00
2005-2009       50                13.00           30.00           43.00
2005-2009       51                23.00           28.00           51.00
2005-2009       52                20.00           27.00           47.00
2005-2009       53                24.00           27.00           51.00
2005-2009       54                26.00           36.00           62.00
2005-2009       55                27.00           23.00           50.00
2005-2009       56                37.00           42.00           79.00
2005-2009       57                36.00           44.00           80.00
2005-2009       58                30.00           45.00           75.00
2005-2009       59                28.00           50.00           78.00
2005-2009       60                33.00           63.00           96.00
2005-2009       61                33.00           61.00           94.00
2005-2009       62                35.00           69.00          104.00
2005-2009       63                37.00           42.00           79.00
2005-2009       64                32.00           50.00           82.00
2005-2009       65                37.00           55.00           92.00
2005-2009       66                37.00           52.00           89.00
2005-2009       67                34.00           62.00           96.00
2005-2009       68                48.00           70.00          118.00
2005-2009       69                37.00           72.00          109.00
2005-2009       70                51.00           57.00          108.00
2005-2009       71                48.00           55.00          103.00
2005-2009       72                68.00           71.00          139.00
2005-2009       73                61.00           71.00          132.00
2005-2009       74                68.00           85.00          153.00
2005-2009       75                68.00          101.00          169.00
2005-2009       76                74.00          106.00          180.00
2005-2009       77                98.00          112.00          210.00
2005-2009       78                88.00          118.00          206.00
2005-2009       79                83.00          133.00          216.00
2005-2009       80               129.00          127.00          256.00
2005-2009       81               127.00          122.00          249.00
2005-2009       82               123.00          140.00          263.00
2005-2009       83               150.00          143.00          293.00
2005-2009       84               165.00          141.00          306.00
2005-2009       85               162.00          142.00          304.00
2005-2009       86               157.00          130.00          287.00
2005-2009       87               150.00          102.00          252.00
2005-2009       88               142.00           83.00          225.00
2005-2009       89               151.00           90.00          241.00
2005-2009       90               146.00           79.00          225.00
2005-2009       91               123.00           70.00          193.00
2005-2009       92               130.00           49.00          179.00
2005-2009       93               104.00           42.00          146.00
2005-2009       94                79.00           28.00          107.00
2005-2009       95                82.00           17.00           99.00
2005-2009       96                67.00           20.00           87.00
2005-2009       97                51.00           13.00           64.00
2005-2009       98                24.00           17.00           41.00
2005-2009       99                19.00           15.00           34.00
2005-2009      100                12.76            4.91           17.67
2005-2009      101                 6.25            2.13            8.38
2005-2009      102                 3.90            0.97            4.87
2005-2009      103                 2.32            0.00            2.32
2005-2009      104                 0.76            0.00            0.76
2005-2009      105                 0.00            0.00            0.00
2005-2009      106                 0.00            0.00            0.00
2005-2009      107                 0.00            0.00            0.00
2005-2009      108                 0.00            0.00            0.00
2005-2009      109                 0.00            0.00            0.00
2005-2009      110+                0.00            0.00            0.00
2010-2014        0                33.00           46.01           79.01
2010-2014        1                 5.00           11.01           16.01
2010-2014        2                10.00            0.00           10.00
2010-2014        3                 3.00            3.00            6.00
2010-2014        4                 0.00            0.00            0.00
2010-2014        5                 0.00            0.00            0.00
2010-2014        6                 0.00            3.00            3.00
2010-2014        7                 0.00            0.00            0.00
2010-2014        8                 4.00            0.00            4.00
2010-2014        9                 3.00            2.00            5.00
2010-2014       10                 4.00            0.00            4.00
2010-2014       11                 0.00            0.00            0.00
2010-2014       12                 4.00            0.00            4.00
2010-2014       13                 8.00            4.00           12.00
2010-2014       14                 0.00            5.00            5.00
2010-2014       15                10.00            8.00           18.00
2010-2014       16                 2.00            5.00            7.00
2010-2014       17                13.00            6.00           19.00
2010-2014       18                 0.00           10.00           10.00
2010-2014       19                 3.00            8.00           11.00
2010-2014       20                 3.00            9.00           12.00
2010-2014       21                 3.00           11.00           14.00
2010-2014       22                 1.00           13.00           14.00
2010-2014       23                 0.00            9.00            9.00
2010-2014       24                 4.00            7.00           11.00
2010-2014       25                 5.00           14.00           19.00
2010-2014       26                14.00           14.00           28.00
2010-2014       27                 2.00           11.00           13.00
2010-2014       28                 4.00           14.00           18.00
2010-2014       29                 7.00           15.00           22.00
2010-2014       30                12.00           12.01           24.01
2010-2014       31                 1.00           14.00           15.00
2010-2014       32                 7.00           13.01           20.01
2010-2014       33                11.00           11.00           22.00
2010-2014       34                 1.00            3.00            4.00
2010-2014       35                 9.00           15.01           24.01
2010-2014       36                 7.00           10.00           17.00
2010-2014       37                11.00           15.00           26.00
2010-2014       38                11.00           12.00           23.00
2010-2014       39                 9.00           20.00           29.00
2010-2014       40                 8.00           16.00           24.00
2010-2014       41                17.00           11.01           28.01
2010-2014       42                14.00           16.00           30.00
2010-2014       43                12.00           16.01           28.01
2010-2014       44                14.00           17.00           31.00
2010-2014       45                10.00            7.00           17.00
2010-2014       46                14.00           12.00           26.00
2010-2014       47                 6.00           26.00           32.00
2010-2014       48                 9.00           24.01           33.01
2010-2014       49                22.00           22.01           44.01
2010-2014       50                23.00           20.00           43.00
2010-2014       51                24.00           36.01           60.01
2010-2014       52                23.00           47.01           70.01
2010-2014       53                23.00           17.00           40.00
2010-2014       54                25.00           40.01           65.01
2010-2014       55                28.00           37.01           65.01
2010-2014       56                33.00           38.01           71.01
2010-2014       57                28.00           45.02           73.02
2010-2014       58                23.00           52.01           75.01
2010-2014       59                28.00           50.01           78.01
2010-2014       60                32.00           46.01           78.01
2010-2014       61                47.00           57.01          104.01
2010-2014       62                36.00           67.02          103.02
2010-2014       63                36.00           71.01          107.01
2010-2014       64                35.00           56.01           91.01
2010-2014       65                49.00           71.02          120.02
2010-2014       66                54.00           62.01          116.01
2010-2014       67                41.00           59.02          100.02
2010-2014       68                48.00           74.02          122.02
2010-2014       69                45.00           72.01          117.01
2010-2014       70                37.00           71.02          108.02
2010-2014       71                39.00           84.02          123.02
2010-2014       72                70.00           75.02          145.02
2010-2014       73                61.00          104.03          165.03
2010-2014       74                73.00           82.03          155.03
2010-2014       75                64.00           90.02          154.02
2010-2014       76                62.00          110.02          172.02
2010-2014       77                81.00          125.03          206.03
2010-2014       78                82.00          101.03          183.03
2010-2014       79                75.00          113.02          188.02
2010-2014       80                98.00          109.03          207.03
2010-2014       81               116.00          120.02          236.02
2010-2014       82               120.00          125.03          245.03
2010-2014       83               139.00          140.02          279.02
2010-2014       84               150.00          142.02          292.02
2010-2014       85               171.00          181.05          352.05
2010-2014       86               168.00          124.04          292.04
2010-2014       87               215.00          141.03          356.03
2010-2014       88               188.00          156.03          344.03
2010-2014       89               192.00          144.02          336.02
2010-2014       90               178.00          119.02          297.02
2010-2014       91               173.00          110.03          283.03
2010-2014       92               170.00           70.02          240.02
2010-2014       93               126.00           69.02          195.02
2010-2014       94               111.00           46.00          157.00
2010-2014       95                84.00           34.01          118.01
2010-2014       96                79.00           31.01          110.01
2010-2014       97                63.00           30.00           93.00
2010-2014       98                43.00            9.00           52.00
2010-2014       99                29.00           13.00           42.00
2010-2014      100                21.77            8.02           29.79
2010-2014      101                13.83            3.21           17.04
2010-2014      102                 8.47            0.75            9.22
2010-2014      103                 4.46            0.00            4.46
2010-2014      104                 1.48            0.00            1.48
2010-2014      105                 0.00            0.00            0.00
2010-2014      106                 0.00            0.00            0.00
2010-2014      107                 0.00            0.00            0.00
2010-2014      108                 0.00            0.00            0.00
2010-2014      109                 0.00            0.00            0.00
2010-2014      110+                0.00            0.00            0.00
2015-2019        0                32.00           46.00           78.00
2015-2019        1                 7.00            7.00           14.00
2015-2019        2                13.00            4.00           17.00
2015-2019        3                 0.00            7.00            7.00
2015-2019        4                 1.00            4.00            5.00
2015-2019        5                 6.00            2.00            8.00
2015-2019        6                 0.00            0.00            0.00
2015-2019        7                 7.00            4.00           11.00
2015-2019        8                 0.00            4.00            4.00
2015-2019        9                 4.00            1.00            5.00
2015-2019       10                 0.00            5.00            5.00
2015-2019       11                 2.00            4.00            6.00
2015-2019       12                 4.00            2.00            6.00
2015-2019       13                 1.00            3.00            4.00
2015-2019       14                 2.00            3.00            5.00
2015-2019       15                 5.00            5.00           10.00
2015-2019       16                 6.00           15.00           21.00
2015-2019       17                 8.00            4.00           12.00
2015-2019       18                 1.00            7.00            8.00
2015-2019       19                 5.00            6.00           11.00
2015-2019       20                 9.00           16.00           25.00
2015-2019       21                 0.00           11.00           11.00
2015-2019       22                 2.00            6.00            8.00
2015-2019       23                 8.00           13.00           21.00
2015-2019       24                12.00           23.00           35.00
2015-2019       25                 4.00            9.00           13.00
2015-2019       26                 0.00            7.00            7.00
2015-2019       27                 8.00           14.00           22.00
2015-2019       28                 8.00           13.00           21.00
2015-2019       29                12.00           10.00           22.00
2015-2019       30                 9.00            5.00           14.00
2015-2019       31                 5.00           16.00           21.00
2015-2019       32                12.00           10.00           22.00
2015-2019       33                 5.00           16.00           21.00
2015-2019       34                11.00            8.00           19.00
2015-2019       35                11.00           10.00           21.00
2015-2019       36                 8.00           17.00           25.00
2015-2019       37                13.00           13.00           26.00
2015-2019       38                11.00           13.00           24.00
2015-2019       39                 5.00           18.00           23.00
2015-2019       40                10.00           19.00           29.00
2015-2019       41                10.00           10.00           20.00
2015-2019       42                13.00           14.00           27.00
2015-2019       43                11.00           34.00           45.00
2015-2019       44                13.00           13.00           26.00
2015-2019       45                 9.00           17.00           26.00
2015-2019       46                16.00           22.00           38.00
2015-2019       47                15.00           24.00           39.00
2015-2019       48                14.00           14.00           28.00
2015-2019       49                16.00           28.00           44.00
2015-2019       50                13.00           21.00           34.00
2015-2019       51                22.00           15.00           37.00
2015-2019       52                17.00           24.00           41.00
2015-2019       53                27.00           45.00           72.00
2015-2019       54                22.00           42.00           64.00
2015-2019       55                30.00           42.00           72.00
2015-2019       56                16.00           53.00           69.00
2015-2019       57                35.00           57.00           92.00
2015-2019       58                35.00           54.00           89.00
2015-2019       59                39.00           47.00           86.00
2015-2019       60                39.00           62.00          101.00
2015-2019       61                40.00           66.00          106.00
2015-2019       62                38.00           51.00           89.00
2015-2019       63                50.00           61.00          111.00
2015-2019       64                43.00           64.00          107.00
2015-2019       65                37.00           69.00          106.00
2015-2019       66                38.00           60.00           98.00
2015-2019       67                58.00           81.00          139.00
2015-2019       68                42.00           81.00          123.00
2015-2019       69                45.00           82.00          127.00
2015-2019       70                65.00           88.00          153.00
2015-2019       71                52.00          111.00          163.00
2015-2019       72                71.00           87.00          158.00
2015-2019       73                77.00           97.00          174.00
2015-2019       74                84.00          106.00          190.00
2015-2019       75                76.00          126.00          202.00
2015-2019       76                82.00          127.00          209.00
2015-2019       77               103.00          128.00          231.00
2015-2019       78               106.00          141.00          247.00
2015-2019       79               103.00          150.00          253.00
2015-2019       80               120.00          141.00          261.00
2015-2019       81               121.00          129.00          250.00
2015-2019       82               126.00          149.00          275.00
2015-2019       83               144.00          140.00          284.00
2015-2019       84               156.00          143.00          299.00
2015-2019       85               172.00          155.00          327.00
2015-2019       86               186.00          183.00          369.00
2015-2019       87               197.00          169.00          366.00
2015-2019       88               194.00          147.00          341.00
2015-2019       89               210.00          157.00          367.00
2015-2019       90               199.00          160.00          359.00
2015-2019       91               215.00          109.00          324.00
2015-2019       92               214.00          116.00          330.00
2015-2019       93               199.00          104.00          303.00
2015-2019       94               173.00           80.00          253.00
2015-2019       95               132.00           66.00          198.00
2015-2019       96               106.00           48.00          154.00
2015-2019       97                73.00           24.00           97.00
2015-2019       98                58.00           23.00           81.00
2015-2019       99                55.00           15.00           70.00
2015-2019      100                34.83           12.84           47.67
2015-2019      101                22.25            8.08           30.33
2015-2019      102                14.02            4.74           18.76
2015-2019      103                 8.33            2.03           10.36
2015-2019      104                 4.62            0.32            4.94
2015-2019      105                 0.98            0.00            0.98
2015-2019      106                 0.00            0.00            0.00
2015-2019      107                 0.00            0.00            0.00
2015-2019      108                 0.00            0.00            0.00
2015-2019      109                 0.00            0.00            0.00
2015-2019      110+                0.00            0.00            0.00
