ACT, Life tables (period 5x5), Females	Last modified: 23 May 2023;  Methods Protocol: v6 (2017)

  Year          Age         mx       qx    ax      lx      dx      Lx       Tx     ex
1971-1974        0      0.01292  0.01277  0.12  100000    1277   98879  7632725  76.33
1971-1974      1-4      0.00075  0.00299  1.26   98723     295  394083  7533846  76.31
1971-1974      5-9      0.00060  0.00301  2.31   98428     297  491341  7139763  72.54
1971-1974     10-14     0.00044  0.00220  1.87   98131     216  489980  6648422  67.75
1971-1974     15-19     0.00086  0.00430  2.53   97915     421  488535  6158443  62.90
1971-1974     20-24     0.00079  0.00395  2.03   97494     385  486327  5669908  58.16
1971-1974     25-29     0.00079  0.00395  2.69   97109     383  484659  5183581  53.38
1971-1974     30-34     0.00104  0.00518  2.11   96725     501  482179  4698922  48.58
1971-1974     35-39     0.00136  0.00681  3.17   96224     655  479924  4216743  43.82
1971-1974     40-44     0.00254  0.01262  2.62   95569    1206  474978  3736819  39.10
1971-1974     45-49     0.00275  0.01367  2.28   94363    1290  468305  3261840  34.57
1971-1974     50-54     0.00379  0.01875  2.44   93073    1745  460900  2793536  30.01
1971-1974     55-59     0.00604  0.02978  2.79   91328    2720  450615  2332635  25.54
1971-1974     60-64     0.01170  0.05686  2.51   88608    5038  430488  1882021  21.24
1971-1974     65-69     0.01531  0.07384  2.59   83570    6171  402964  1451533  17.37
1971-1974     70-74     0.03789  0.17519  2.85   77399   13559  357850  1048569  13.55
1971-1974     75-79     0.06203  0.27073  2.65   63840   17283  278640   690719  10.82
1971-1974     80-84     0.07415  0.31324  2.52   46556   14583  196660   412079   8.85
1971-1974     85-89     0.11251  0.43666  2.44   31973   13961  124089   215419   6.74
1971-1974     90-94     0.16667  0.57580  2.32   18012   10371   62225    91330   5.07
1971-1974     95-99     0.23922  0.71173  2.16    7641    5438   22733    29105   3.81
1971-1974    100-104    0.33014  0.82382  1.96    2203    1814    5496     6372   2.89
1971-1974    105-109    0.43551  0.90122  1.75     388     350     803      876   2.26
1971-1974    110+       0.52447  1.00000  1.91      38      38      73       73   1.91
1975-1979        0      0.01140  0.01129  0.13  100000    1129   99013  7831141  78.31
1975-1979      1-4      0.00081  0.00321  1.61   98871     318  394725  7732128  78.20
1975-1979      5-9      0.00020  0.00100  2.94   98553      98  492564  7337403  74.45
1975-1979     10-14     0.00047  0.00237  2.68   98455     233  491735  6844838  69.52
1975-1979     15-19     0.00069  0.00344  2.60   98222     338  490300  6353103  64.68
1975-1979     20-24     0.00087  0.00433  2.30   97884     424  488276  5862803  59.90
1975-1979     25-29     0.00073  0.00364  2.67   97461     355  486476  5374527  55.15
1975-1979     30-34     0.00091  0.00456  2.79   97106     443  484551  4888052  50.34
1975-1979     35-39     0.00142  0.00706  2.80   96663     682  481810  4403501  45.56
1975-1979     40-44     0.00155  0.00775  2.83   95980     743  478286  3921691  40.86
1975-1979     45-49     0.00188  0.00936  2.70   95237     892  474137  3443405  36.16
1975-1979     50-54     0.00326  0.01619  2.57   94345    1527  468018  2969268  31.47
1975-1979     55-59     0.00527  0.02604  2.58   92818    2417  458231  2501250  26.95
1975-1979     60-64     0.01070  0.05224  2.72   90402    4723  441223  2043018  22.60
1975-1979     65-69     0.01473  0.07144  2.90   85679    6120  415563  1601795  18.70
1975-1979     70-74     0.02941  0.13759  2.66   79558   10947  372220  1186233  14.91
1975-1979     75-79     0.04158  0.18763  2.40   68611   12873  309593   814013  11.86
1975-1979     80-84     0.06401  0.27742  2.60   55738   15463  241556   504419   9.05
1975-1979     85-89     0.11053  0.43267  2.49   40275   17426  157663   262864   6.53
1975-1979     90-94     0.18310  0.61434  2.32   22850   14037   76667   105201   4.60
1975-1979     95-99     0.28630  0.78041  2.09    8812    6877   24020    28534   3.24
1975-1979    100-104    0.41679  0.89379  1.81    1935    1730    4150     4513   2.33
1975-1979    105-109    0.56051  0.95251  1.53     206     196     349      364   1.77
1975-1979    110+       0.67630  1.00000  1.48      10      10      14       14   1.48
1980-1984        0      0.00873  0.00866  0.13  100000     866   99247  7890145  78.90
1980-1984      1-4      0.00073  0.00292  1.49   99134     289  395810  7790897  78.59
1980-1984      5-9      0.00047  0.00234  2.56   98845     231  493660  7395088  74.82
1980-1984     10-14     0.00027  0.00133  2.49   98614     132  492738  6901427  69.98
1980-1984     15-19     0.00082  0.00410  2.64   98482     404  491459  6408689  65.07
1980-1984     20-24     0.00081  0.00405  2.29   98078     397  489315  5917230  60.33
1980-1984     25-29     0.00061  0.00306  2.94   97681     299  487788  5427915  55.57
1980-1984     30-34     0.00077  0.00386  2.16   97382     376  485841  4940127  50.73
1980-1984     35-39     0.00097  0.00484  2.33   97006     469  483776  4454286  45.92
1980-1984     40-44     0.00140  0.00699  2.66   96536     675  481103  3970510  41.13
1980-1984     45-49     0.00217  0.01079  2.57   95862    1034  476795  3489407  36.40
1980-1984     50-54     0.00232  0.01152  2.75   94828    1093  471678  3012613  31.77
1980-1984     55-59     0.00465  0.02301  2.57   93735    2157  463423  2540935  27.11
1980-1984     60-64     0.00788  0.03873  2.79   91578    3547  450039  2077511  22.69
1980-1984     65-69     0.01569  0.07580  2.77   88030    6673  425265  1627472  18.49
1980-1984     70-74     0.02563  0.12071  2.60   81358    9821  383241  1202207  14.78
1980-1984     75-79     0.04379  0.19802  2.59   71537   14166  323475   818966  11.45
1980-1984     80-84     0.07256  0.30819  2.56   57371   17681  243665   495491   8.64
1980-1984     85-89     0.11831  0.45458  2.45   39690   18042  152499   251825   6.34
1980-1984     90-94     0.18625  0.61947  2.30   21648   13410   72001    99326   4.59
1980-1984     95-99     0.27963  0.77051  2.09    8238    6347   22699    27325   3.32
1980-1984    100-104    0.39610  0.87931  1.84    1890    1662    4197     4626   2.45
1980-1984    105-109    0.52580  0.94141  1.59     228     215     409      430   1.88
1980-1984    110+       0.63236  1.00000  1.58      13      13      21       21   1.58
1985-1989        0      0.00662  0.00658  0.14  100000     658   99431  7982851  79.83
1985-1989      1-4      0.00045  0.00179  2.07   99342     178  397024  7883420  79.36
1985-1989      5-9      0.00040  0.00202  2.94   99164     200  495408  7486396  75.50
1985-1989     10-14     0.00026  0.00129  2.81   98964     128  494539  6990988  70.64
1985-1989     15-19     0.00079  0.00393  2.60   98836     388  493247  6496449  65.73
1985-1989     20-24     0.00054  0.00270  1.81   98448     265  491393  6003202  60.98
1985-1989     25-29     0.00058  0.00291  2.29   98182     286  490136  5511809  56.14
1985-1989     30-34     0.00055  0.00275  2.19   97896     269  488726  5021673  51.30
1985-1989     35-39     0.00098  0.00490  2.28   97628     478  486839  4532946  46.43
1985-1989     40-44     0.00130  0.00647  2.39   97150     628  484110  4046107  41.65
1985-1989     45-49     0.00174  0.00864  2.65   96521     834  480642  3561997  36.90
1985-1989     50-54     0.00302  0.01499  2.74   95687    1434  475194  3081355  32.20
1985-1989     55-59     0.00466  0.02307  2.92   94253    2174  466747  2606161  27.65
1985-1989     60-64     0.00693  0.03409  2.66   92078    3139  453053  2139414  23.23
1985-1989     65-69     0.01323  0.06421  2.73   88940    5711  431711  1686361  18.96
1985-1989     70-74     0.02393  0.11335  2.68   83229    9434  394216  1254650  15.07
1985-1989     75-79     0.04387  0.19930  2.71   73794   14707  335283   860434  11.66
1985-1989     80-84     0.06370  0.27652  2.62   59087   16339  256515   525150   8.89
1985-1989     85-89     0.11483  0.44606  2.50   42748   19068  166050   268636   6.28
1985-1989     90-94     0.19684  0.64312  2.31   23680   15229   77370   102586   4.33
1985-1989     95-99     0.31439  0.81343  2.03    8451    6874   21865    25216   2.98
1985-1989    100-104    0.46075  0.91798  1.72    1577    1447    3141     3350   2.12
1985-1989    105-109    0.61534  0.96555  1.45     129     125     203      209   1.62
1985-1989    110+       0.73426  1.00000  1.36       4       4       6        6   1.36
1990-1994        0      0.00452  0.00450  0.14  100000     450   99613  8110966  81.11
1990-1994      1-4      0.00048  0.00190  2.22   99550     189  397863  8011353  80.48
1990-1994      5-9      0.00036  0.00181  2.34   99361     180  496325  7613491  76.62
1990-1994     10-14     0.00018  0.00089  1.89   99181      88  495629  7117165  71.76
1990-1994     15-19     0.00058  0.00287  3.39   99092     285  495003  6621536  66.82
1990-1994     20-24     0.00070  0.00348  2.82   98808     344  493288  6126533  62.00
1990-1994     25-29     0.00073  0.00365  2.28   98464     359  491341  5633245  57.21
1990-1994     30-34     0.00058  0.00288  2.50   98105     282  489818  5141904  52.41
1990-1994     35-39     0.00090  0.00452  2.80   97822     442  488141  4652086  47.56
1990-1994     40-44     0.00091  0.00454  2.60   97381     442  485843  4163945  42.76
1990-1994     45-49     0.00156  0.00775  2.56   96939     751  482858  3678102  37.94
1990-1994     50-54     0.00225  0.01120  2.51   96187    1077  478259  3195244  33.22
1990-1994     55-59     0.00425  0.02104  2.36   95110    2001  470277  2716985  28.57
1990-1994     60-64     0.00757  0.03726  2.93   93109    3469  458378  2246708  24.13
1990-1994     65-69     0.01194  0.05817  2.79   89641    5214  436670  1788330  19.95
1990-1994     70-74     0.01880  0.09011  2.70   84426    7607  404625  1351660  16.01
1990-1994     75-79     0.03644  0.16865  2.80   76819   12955  355540   947035  12.33
1990-1994     80-84     0.05560  0.24605  2.66   63863   15714  282625   591495   9.26
1990-1994     85-89     0.10786  0.42626  2.54   48150   20524  190295   308870   6.41
1990-1994     90-94     0.19685  0.64501  2.33   27625   17819   90518   118574   4.29
1990-1994     95-99     0.32903  0.83018  2.02    9807    8141   24744    28056   2.86
1990-1994    100-104    0.49419  0.93338  1.67    1665    1554    3145     3312   1.99
1990-1994    105-109    0.66263  0.97409  1.38     111     108     163      167   1.50
1990-1994    110+       0.78508  1.00000  1.27       3       3       4        4   1.27
1995-1999        0      0.00618  0.00614  0.14  100000     614   99469  8208420  82.08
1995-1999      1-4      0.00052  0.00206  1.31   99386     205  396992  8108951  81.59
1995-1999      5-9      0.00016  0.00081  2.71   99181      81  495719  7711959  77.76
1995-1999     10-14     0.00011  0.00054  2.17   99100      53  495348  7216240  72.82
1995-1999     15-19     0.00035  0.00173  2.58   99046     171  494819  6720892  67.86
1995-1999     20-24     0.00052  0.00258  2.56   98876     255  493755  6226073  62.97
1995-1999     25-29     0.00056  0.00279  3.09   98621     275  492578  5732317  58.12
1995-1999     30-34     0.00063  0.00314  2.24   98345     309  490874  5239740  53.28
1995-1999     35-39     0.00078  0.00389  2.11   98037     382  489081  4748866  48.44
1995-1999     40-44     0.00084  0.00418  2.94   97655     408  487433  4259785  43.62
1995-1999     45-49     0.00177  0.00880  2.67   97247     856  484236  3772352  38.79
1995-1999     50-54     0.00196  0.00976  2.94   96391     941  480014  3288116  34.11
1995-1999     55-59     0.00349  0.01731  2.80   95450    1652  473620  2808102  29.42
1995-1999     60-64     0.00578  0.02853  2.67   93798    2676  462762  2334482  24.89
1995-1999     65-69     0.01133  0.05520  2.67   91122    5030  443883  1871720  20.54
1995-1999     70-74     0.01822  0.08736  2.66   86093    7521  412847  1427837  16.58
1995-1999     75-79     0.02644  0.12397  2.49   78572    9741  368387  1014990  12.92
1995-1999     80-84     0.05480  0.24285  2.66   68831   16716  305046   646603   9.39
1995-1999     85-89     0.10485  0.41685  2.54   52115   21724  207196   341557   6.55
1995-1999     90-94     0.18955  0.63011  2.34   30391   19149  101026   134362   4.42
1995-1999     95-99     0.31563  0.81636  2.04   11241    9177   29075    33336   2.97
1995-1999    100-104    0.47502  0.92542  1.70    2064    1910    4022     4261   2.06
1995-1999    105-109    0.64133  0.97069  1.41     154     149     233      239   1.55
1995-1999    110+       0.76538  1.00000  1.31       5       5       6        6   1.31
2000-2004        0      0.00403  0.00401  0.14  100000     401   99655  8314783  83.15
2000-2004      1-4      0.00049  0.00196  1.34   99599     195  397876  8215128  82.48
2000-2004      5-9      0.00026  0.00131  2.90   99403     131  496743  7817252  78.64
2000-2004     10-14     0.00029  0.00145  2.37   99273     144  495985  7320509  73.74
2000-2004     15-19     0.00036  0.00179  2.92   99129     177  495275  6824524  68.85
2000-2004     20-24     0.00053  0.00263  2.63   98951     260  494140  6329249  63.96
2000-2004     25-29     0.00054  0.00269  2.23   98691     266  492721  5835108  59.12
2000-2004     30-34     0.00066  0.00332  2.41   98426     327  491280  5342387  54.28
2000-2004     35-39     0.00073  0.00363  2.32   98099     356  489538  4851107  49.45
2000-2004     40-44     0.00083  0.00416  2.86   97742     407  487840  4361569  44.62
2000-2004     45-49     0.00119  0.00595  2.77   97336     580  485388  3873728  39.80
2000-2004     50-54     0.00168  0.00837  2.80   96756     809  482001  3388341  35.02
2000-2004     55-59     0.00245  0.01221  2.82   95946    1171  477175  2906340  30.29
2000-2004     60-64     0.00593  0.02922  2.65   94775    2770  467359  2429165  25.63
2000-2004     65-69     0.00838  0.04117  2.85   92005    3788  451880  1961806  21.32
2000-2004     70-74     0.01374  0.06681  2.96   88218    5894  429041  1509926  17.12
2000-2004     75-79     0.02521  0.11901  2.65   82324    9797  388575  1080886  13.13
2000-2004     80-84     0.05392  0.23882  2.61   72527   17321  321244   692311   9.55
2000-2004     85-89     0.10081  0.40423  2.55   55206   22316  221364   371067   6.72
2000-2004     90-94     0.18225  0.61496  2.36   32890   20226  110978   149703   4.55
2000-2004     95-99     0.30439  0.80422  2.07   12664   10185   33460    38725   3.06
2000-2004    100-104    0.46068  0.91900  1.73    2479    2279    4946     5265   2.12
2000-2004    105-109    0.62653  0.96812  1.43     201     194     310      319   1.59
2000-2004    110+       0.75226  1.00000  1.33       6       6       9        9   1.33
2005-2009        0      0.00412  0.00410  0.14  100000     410   99647  8390169  83.90
2005-2009      1-4      0.00031  0.00124  2.21   99590     123  398138  8290522  83.25
2005-2009      5-9      0.00012  0.00058  3.32   99466      58  497235  7892383  79.35
2005-2009     10-14     0.00019  0.00095  2.79   99408      94  496833  7395149  74.39
2005-2009     15-19     0.00033  0.00164  1.70   99314     163  496033  6898316  69.46
2005-2009     20-24     0.00033  0.00167  3.08   99151     165  495438  6402283  64.57
2005-2009     25-29     0.00047  0.00233  2.52   98986     231  494358  5906844  59.67
2005-2009     30-34     0.00066  0.00331  2.40   98755     327  492926  5412487  54.81
2005-2009     35-39     0.00072  0.00359  2.72   98428     353  491337  4919560  49.98
2005-2009     40-44     0.00096  0.00480  2.80   98075     471  489338  4428223  45.15
2005-2009     45-49     0.00115  0.00574  2.94   97604     560  486865  3938885  40.36
2005-2009     50-54     0.00181  0.00901  2.79   97044     874  483283  3452019  35.57
2005-2009     55-59     0.00301  0.01491  2.51   96170    1434  477279  2968736  30.87
2005-2009     60-64     0.00425  0.02103  2.66   94735    1992  469013  2491457  26.30
2005-2009     65-69     0.00699  0.03439  2.66   92743    3189  456261  2022445  21.81
2005-2009     70-74     0.01406  0.06813  2.73   89554    6101  433922  1566183  17.49
2005-2009     75-79     0.02421  0.11446  2.62   83453    9552  394543  1132262  13.57
2005-2009     80-84     0.04674  0.21079  2.68   73900   15577  333305   737719   9.98
2005-2009     85-89     0.09244  0.37807  2.59   58323   22050  238537   404414   6.93
2005-2009     90-94     0.17895  0.60943  2.38   36273   22106  123532   165876   4.57
2005-2009     95-99     0.31171  0.81391  2.06   14167   11531   36992    42344   2.99
2005-2009    100-104    0.48318  0.92984  1.69    2636    2451    5074     5352   2.03
2005-2009    105-109    0.66090  0.97413  1.38     185     180     273      279   1.51
2005-2009    110+       0.78963  1.00000  1.27       5       5       6        6   1.27
2010-2014        0      0.00256  0.00255  0.14  100000     255   99781  8507470  85.07
2010-2014      1-4      0.00036  0.00145  1.40   99745     145  398601  8407689  84.29
2010-2014      5-9      0.00013  0.00066  3.93   99600      65  497929  8009088  80.41
2010-2014     10-14     0.00031  0.00153  2.50   99534     152  497290  7511159  75.46
2010-2014     15-19     0.00048  0.00239  1.83   99382     238  496156  7013869  70.57
2010-2014     20-24     0.00014  0.00068  2.35   99144      67  495541  6517713  65.74
2010-2014     25-29     0.00038  0.00191  2.32   99076     189  494875  6022172  60.78
2010-2014     30-34     0.00041  0.00204  2.18   98888     202  493868  5527296  55.89
2010-2014     35-39     0.00067  0.00336  2.58   98685     332  492625  5033428  51.00
2010-2014     40-44     0.00094  0.00470  2.64   98353     463  490676  4540803  46.17
2010-2014     45-49     0.00096  0.00480  2.82   97891     470  488429  4050127  41.37
2010-2014     50-54     0.00191  0.00952  2.55   97421     927  484835  3561698  36.56
2010-2014     55-59     0.00257  0.01277  2.48   96494    1232  479363  3076863  31.89
2010-2014     60-64     0.00390  0.01932  2.52   95262    1840  471737  2597500  27.27
2010-2014     65-69     0.00637  0.03138  2.59   93421    2932  460039  2125764  22.75
2010-2014     70-74     0.01104  0.05395  2.92   90489    4882  442309  1665725  18.41
2010-2014     75-79     0.01891  0.09059  2.68   85607    7755  410076  1223415  14.29
2010-2014     80-84     0.04065  0.18605  2.73   77853   14485  356330   813339  10.45
2010-2014     85-89     0.08551  0.35524  2.62   63368   22511  263267   457010   7.21
2010-2014     90-94     0.16890  0.58802  2.42   40857   24025  142240   193743   4.74
2010-2014     95-99     0.30254  0.80482  2.09   16832   13547   44778    51503   3.06
2010-2014    100-104    0.47870  0.92857  1.70    3285    3051    6373     6725   2.05
2010-2014    105-109    0.66271  0.97460  1.38     235     229     345      353   1.50
2010-2014    110+       0.79517  1.00000  1.26       6       6       7        7   1.26
2015-2019        0      0.00241  0.00240  0.14  100000     240   99795  8542880  85.43
2015-2019      1-4      0.00039  0.00155  1.26   99760     155  398615  8443085  84.63
2015-2019      5-9      0.00026  0.00130  2.31   99605     129  497678  8044470  80.76
2015-2019     10-14     0.00016  0.00079  2.86   99476      79  497211  7546793  75.87
2015-2019     15-19     0.00041  0.00203  2.16   99397     202  496412  7049582  70.92
2015-2019     20-24     0.00036  0.00178  2.85   99195     176  495599  6553169  66.06
2015-2019     25-29     0.00035  0.00174  3.25   99019     172  494795  6057571  61.18
2015-2019     30-34     0.00046  0.00232  2.61   98847     230  493687  5562775  56.28
2015-2019     35-39     0.00059  0.00293  2.37   98618     289  492327  5069088  51.40
2015-2019     40-44     0.00079  0.00395  2.62   98328     388  490719  4576761  46.55
2015-2019     45-49     0.00101  0.00504  2.72   97940     493  488577  4086042  41.72
2015-2019     50-54     0.00162  0.00806  2.74   97447     785  485459  3597465  36.92
2015-2019     55-59     0.00264  0.01314  2.78   96662    1270  480487  3112006  32.19
2015-2019     60-64     0.00411  0.02037  2.64   95392    1943  472372  2631520  27.59
2015-2019     65-69     0.00483  0.02387  2.61   93449    2231  461920  2159148  23.11
2015-2019     70-74     0.01001  0.04897  2.81   91219    4467  446330  1697227  18.61
2015-2019     75-79     0.01950  0.09343  2.75   86751    8105  415557  1250897  14.42
2015-2019     80-84     0.03916  0.17978  2.73   78646   14139  361105   835340  10.62
2015-2019     85-89     0.08313  0.34642  2.60   64507   22346  268821   474235   7.35
2015-2019     90-94     0.16318  0.57693  2.46   42161   24324  149065   205414   4.87
2015-2019     95-99     0.29109  0.79147  2.12   17837   14117   48497    56349   3.16
2015-2019    100-104    0.46307  0.92174  1.73    3720    3428    7404     7852   2.11
2015-2019    105-109    0.64635  0.97212  1.40     291     283     438      448   1.54
2015-2019    110+       0.78117  1.00000  1.28       8       8      10       10   1.28
