ACT, Life tables (period 1x10), Females	Last modified: 23 May 2023;  Methods Protocol: v6 (2017)

  Year          Age         mx       qx    ax      lx      dx      Lx       Tx     ex
1971-1979        0      0.01206  0.01193  0.12  100000    1193   98955  7752383  77.52
1971-1979        1      0.00118  0.00118  0.50   98807     117   98748  7653428  77.46
1971-1979        2      0.00111  0.00111  0.50   98690     110   98635  7554680  76.55
1971-1979        3      0.00058  0.00058  0.50   98580      57   98552  7456045  75.63
1971-1979        4      0.00026  0.00026  0.50   98523      26   98510  7357494  74.68
1971-1979        5      0.00026  0.00026  0.50   98497      26   98484  7258984  73.70
1971-1979        6      0.00054  0.00054  0.50   98471      53   98445  7160500  72.72
1971-1979        7      0.00016  0.00016  0.50   98418      16   98410  7062055  71.76
1971-1979        8      0.00045  0.00045  0.50   98402      44   98380  6963645  70.77
1971-1979        9      0.00035  0.00035  0.50   98358      34   98341  6865265  69.80
1971-1979       10      0.00024  0.00024  0.50   98324      23   98312  6766924  68.82
1971-1979       11      0.00090  0.00090  0.50   98301      88   98257  6668611  67.84
1971-1979       12      0.00030  0.00030  0.50   98213      30   98198  6570355  66.90
1971-1979       13      0.00068  0.00068  0.50   98183      67   98149  6472157  65.92
1971-1979       14      0.00019  0.00019  0.50   98115      19   98106  6374008  64.96
1971-1979       15      0.00064  0.00064  0.50   98097      63   98065  6275902  63.98
1971-1979       16      0.00071  0.00071  0.50   98034      69   97999  6177837  63.02
1971-1979       17      0.00109  0.00109  0.50   97965     106   97911  6079837  62.06
1971-1979       18      0.00044  0.00044  0.50   97858      43   97837  5981926  61.13
1971-1979       19      0.00091  0.00091  0.50   97815      89   97771  5884089  60.16
1971-1979       20      0.00100  0.00100  0.50   97726      98   97677  5786319  59.21
1971-1979       21      0.00081  0.00081  0.50   97628      79   97588  5688642  58.27
1971-1979       22      0.00125  0.00125  0.50   97549     122   97488  5591053  57.32
1971-1979       23      0.00067  0.00067  0.50   97427      65   97395  5493566  56.39
1971-1979       24      0.00044  0.00044  0.50   97362      43   97341  5396171  55.42
1971-1979       25      0.00043  0.00043  0.50   97319      41   97299  5298830  54.45
1971-1979       26      0.00106  0.00106  0.50   97278     103   97227  5201532  53.47
1971-1979       27      0.00074  0.00074  0.50   97175      72   97139  5104305  52.53
1971-1979       28      0.00059  0.00059  0.50   97103      58   97074  5007166  51.57
1971-1979       29      0.00095  0.00095  0.50   97046      92   97000  4910091  50.60
1971-1979       30      0.00128  0.00128  0.50   96954     124   96892  4813092  49.64
1971-1979       31      0.00079  0.00079  0.50   96830      77   96791  4716200  48.71
1971-1979       32      0.00058  0.00058  0.50   96753      56   96725  4619409  47.74
1971-1979       33      0.00075  0.00075  0.50   96697      73   96660  4522684  46.77
1971-1979       34      0.00138  0.00138  0.50   96624     134   96557  4426024  45.81
1971-1979       35      0.00122  0.00122  0.50   96490     118   96431  4329467  44.87
1971-1979       36      0.00048  0.00048  0.50   96373      46   96349  4233036  43.92
1971-1979       37      0.00126  0.00126  0.50   96326     121   96266  4136686  42.94
1971-1979       38      0.00210  0.00210  0.50   96205     202   96104  4040420  42.00
1971-1979       39      0.00193  0.00192  0.50   96003     185   95911  3944316  41.09
1971-1979       40      0.00135  0.00135  0.50   95819     129   95754  3848405  40.16
1971-1979       41      0.00231  0.00231  0.50   95689     221   95579  3752651  39.22
1971-1979       42      0.00148  0.00147  0.50   95468     141   95398  3657072  38.31
1971-1979       43      0.00187  0.00187  0.50   95328     178   95238  3561674  37.36
1971-1979       44      0.00271  0.00271  0.50   95149     258   95020  3466435  36.43
1971-1979       45      0.00228  0.00228  0.50   94892     216   94783  3371415  35.53
1971-1979       46      0.00240  0.00240  0.50   94675     227   94562  3276632  34.61
1971-1979       47      0.00208  0.00208  0.50   94448     197   94350  3182070  33.69
1971-1979       48      0.00210  0.00210  0.50   94252     198   94153  3087720  32.76
1971-1979       49      0.00237  0.00237  0.50   94054     223   93942  2993568  31.83
1971-1979       50      0.00342  0.00341  0.50   93831     320   93670  2899625  30.90
1971-1979       51      0.00354  0.00353  0.50   93510     330   93345  2805955  30.01
1971-1979       52      0.00388  0.00387  0.50   93180     360   93000  2712610  29.11
1971-1979       53      0.00226  0.00226  0.50   92820     210   92715  2619610  28.22
1971-1979       54      0.00426  0.00425  0.50   92610     393   92413  2526895  27.29
1971-1979       55      0.00409  0.00408  0.50   92216     377   92028  2434482  26.40
1971-1979       56      0.00652  0.00650  0.50   91840     597   91541  2342454  25.51
1971-1979       57      0.00443  0.00442  0.50   91243     403   91042  2250913  24.67
1971-1979       58      0.00624  0.00622  0.50   90840     565   90557  2159871  23.78
1971-1979       59      0.00658  0.00656  0.50   90275     592   89979  2069314  22.92
1971-1979       60      0.01111  0.01105  0.50   89683     991   89187  1979335  22.07
1971-1979       61      0.00813  0.00810  0.50   88692     719   88333  1890147  21.31
1971-1979       62      0.01095  0.01089  0.50   87974     958   87495  1801814  20.48
1971-1979       63      0.01141  0.01135  0.50   87015     987   86522  1714320  19.70
1971-1979       64      0.01392  0.01382  0.50   86028    1189   85433  1627798  18.92
1971-1979       65      0.01227  0.01220  0.50   84839    1035   84321  1542365  18.18
1971-1979       66      0.01061  0.01055  0.50   83804     884   83362  1458043  17.40
1971-1979       67      0.01533  0.01522  0.50   82920    1262   82289  1374681  16.58
1971-1979       68      0.01426  0.01416  0.50   81658    1156   81080  1292393  15.83
1971-1979       69      0.02251  0.02226  0.50   80501    1792   79605  1211313  15.05
1971-1979       70      0.02590  0.02557  0.50   78709    2012   77703  1131708  14.38
1971-1979       71      0.02941  0.02898  0.50   76697    2223   75586  1054004  13.74
1971-1979       72      0.02490  0.02460  0.50   74474    1832   73558   978419  13.14
1971-1979       73      0.03535  0.03474  0.50   72642    2524   71381   904860  12.46
1971-1979       74      0.04912  0.04794  0.50   70119    3361   68438   833480  11.89
1971-1979       75      0.04320  0.04229  0.50   66757    2823   65346   765042  11.46
1971-1979       76      0.04420  0.04324  0.50   63934    2765   62552   699696  10.94
1971-1979       77      0.05526  0.05377  0.50   61170    3289   59525   637144  10.42
1971-1979       78      0.04857  0.04742  0.50   57881    2745   56508   577618   9.98
1971-1979       79      0.05521  0.05372  0.50   55136    2962   53655   521110   9.45
1971-1979       80      0.05533  0.05384  0.50   52174    2809   50769   467455   8.96
1971-1979       81      0.06144  0.05961  0.50   49365    2943   47894   416686   8.44
1971-1979       82      0.06817  0.06593  0.50   46422    3060   44892   368792   7.94
1971-1979       83      0.07559  0.07283  0.50   43362    3158   41783   323900   7.47
1971-1979       84      0.08373  0.08037  0.50   40204    3231   38588   282117   7.02
1971-1979       85      0.09267  0.08857  0.50   36973    3275   35335   243529   6.59
1971-1979       86      0.10245  0.09746  0.50   33698    3284   32056   208194   6.18
1971-1979       87      0.11314  0.10708  0.50   30414    3257   28785   176138   5.79
1971-1979       88      0.12479  0.11746  0.50   27157    3190   25562   147353   5.43
1971-1979       89      0.13745  0.12861  0.50   23967    3082   22426   121791   5.08
1971-1979       90      0.15118  0.14055  0.50   20885    2935   19417    99365   4.76
1971-1979       91      0.16601  0.15329  0.50   17949    2751   16573    79948   4.45
1971-1979       92      0.18198  0.16681  0.50   15198    2535   13930    63375   4.17
1971-1979       93      0.19913  0.18110  0.50   12663    2293   11516    49444   3.90
1971-1979       94      0.21746  0.19613  0.50   10370    2034    9353    37928   3.66
1971-1979       95      0.23698  0.21187  0.50    8336    1766    7453    28576   3.43
1971-1979       96      0.25767  0.22826  0.50    6570    1500    5820    21123   3.22
1971-1979       97      0.27951  0.24524  0.50    5070    1243    4448    15303   3.02
1971-1979       98      0.30244  0.26272  0.50    3827    1005    3324    10855   2.84
1971-1979       99      0.32641  0.28061  0.50    2821     792    2426     7531   2.67
1971-1979      100      0.35132  0.29882  0.50    2030     607    1726     5105   2.52
1971-1979      101      0.37706  0.31725  0.50    1423     451    1197     3379   2.37
1971-1979      102      0.40352  0.33577  0.50     972     326     809     2181   2.25
1971-1979      103      0.43055  0.35428  0.50     645     229     531     1373   2.13
1971-1979      104      0.45800  0.37266  0.50     417     155     339      842   2.02
1971-1979      105      0.48570  0.39080  0.50     261     102     210      503   1.92
1971-1979      106      0.51350  0.40859  0.50     159      65     127      292   1.84
1971-1979      107      0.54121  0.42595  0.50      94      40      74      166   1.76
1971-1979      108      0.56867  0.44278  0.50      54      24      42       92   1.69
1971-1979      109      0.59572  0.45900  0.50      30      14      23       49   1.64
1971-1979      110+     0.62219  1.00000  1.61      16      16      26       26   1.61
1980-1989        0      0.00767  0.00762  0.13  100000     762   99340  7940227  79.40
1980-1989        1      0.00102  0.00102  0.50   99238     101   99188  7840887  79.01
1980-1989        2      0.00038  0.00038  0.50   99137      38   99118  7741699  78.09
1980-1989        3      0.00038  0.00038  0.50   99099      38   99080  7642581  77.12
1980-1989        4      0.00057  0.00057  0.50   99062      56   99033  7543501  76.15
1980-1989        5      0.00028  0.00028  0.50   99005      28   98991  7444467  75.19
1980-1989        6      0.00065  0.00065  0.50   98977      64   98945  7345476  74.21
1980-1989        7      0.00014  0.00014  0.50   98913      14   98906  7246531  73.26
1980-1989        8      0.00049  0.00049  0.50   98900      49   98875  7147625  72.27
1980-1989        9      0.00062  0.00062  0.50   98851      61   98820  7048750  71.31
1980-1989       10      0.00013  0.00013  0.50   98790      13   98783  6949929  70.35
1980-1989       11      0.00035  0.00035  0.50   98777      34   98759  6851146  69.36
1980-1989       12      0.00035  0.00035  0.50   98742      34   98725  6752387  68.38
1980-1989       13      0.00018  0.00018  0.50   98708      17   98699  6653662  67.41
1980-1989       14      0.00031  0.00031  0.50   98690      31   98675  6554963  66.42
1980-1989       15      0.00036  0.00036  0.50   98660      35   98642  6456288  65.44
1980-1989       16      0.00103  0.00103  0.50   98624     102   98573  6357646  64.46
1980-1989       17      0.00120  0.00120  0.50   98522     118   98463  6259073  63.53
1980-1989       18      0.00060  0.00060  0.50   98404      59   98374  6160609  62.61
1980-1989       19      0.00082  0.00082  0.50   98345      80   98305  6062235  61.64
1980-1989       20      0.00083  0.00083  0.50   98264      81   98224  5963930  60.69
1980-1989       21      0.00075  0.00074  0.50   98183      73   98147  5865706  59.74
1980-1989       22      0.00097  0.00097  0.50   98110      95   98063  5767560  58.79
1980-1989       23      0.00057  0.00057  0.50   98015      56   97987  5669497  57.84
1980-1989       24      0.00022  0.00022  0.50   97959      22   97948  5571510  56.88
1980-1989       25      0.00049  0.00049  0.50   97938      48   97914  5473561  55.89
1980-1989       26      0.00066  0.00066  0.50   97890      65   97857  5375648  54.92
1980-1989       27      0.00039  0.00039  0.50   97825      38   97806  5277790  53.95
1980-1989       28      0.00094  0.00094  0.50   97787      92   97741  5179984  52.97
1980-1989       29      0.00051  0.00051  0.50   97695      50   97670  5082243  52.02
1980-1989       30      0.00076  0.00076  0.50   97645      74   97608  4984574  51.05
1980-1989       31      0.00109  0.00109  0.50   97570     107   97517  4886966  50.09
1980-1989       32      0.00033  0.00033  0.50   97464      33   97447  4789449  49.14
1980-1989       33      0.00071  0.00071  0.50   97431      69   97397  4692002  48.16
1980-1989       34      0.00042  0.00042  0.50   97362      41   97342  4594605  47.19
1980-1989       35      0.00117  0.00117  0.50   97322     114   97264  4497263  46.21
1980-1989       36      0.00081  0.00081  0.50   97207      79   97168  4399999  45.26
1980-1989       37      0.00141  0.00141  0.50   97128     137   97060  4302831  44.30
1980-1989       38      0.00077  0.00077  0.50   96992      75   96954  4205771  43.36
1980-1989       39      0.00071  0.00071  0.50   96917      69   96883  4108816  42.40
1980-1989       40      0.00154  0.00154  0.50   96848     149   96774  4011934  41.43
1980-1989       41      0.00115  0.00115  0.50   96699     112   96644  3915160  40.49
1980-1989       42      0.00145  0.00145  0.50   96588     140   96518  3818516  39.53
1980-1989       43      0.00084  0.00084  0.50   96448      81   96408  3721998  38.59
1980-1989       44      0.00175  0.00174  0.50   96367     168   96283  3625591  37.62
1980-1989       45      0.00152  0.00151  0.50   96199     146   96126  3529307  36.69
1980-1989       46      0.00243  0.00243  0.50   96054     233   95937  3433181  35.74
1980-1989       47      0.00148  0.00148  0.50   95821     142   95749  3337244  34.83
1980-1989       48      0.00183  0.00182  0.50   95678     175   95591  3241494  33.88
1980-1989       49      0.00236  0.00236  0.50   95504     225   95391  3145903  32.94
1980-1989       50      0.00249  0.00248  0.50   95279     237   95161  3050512  32.02
1980-1989       51      0.00154  0.00154  0.50   95042     146   94969  2955351  31.10
1980-1989       52      0.00289  0.00289  0.50   94896     274   94759  2860382  30.14
1980-1989       53      0.00331  0.00331  0.50   94622     313   94466  2765622  29.23
1980-1989       54      0.00323  0.00322  0.50   94309     304   94157  2671157  28.32
1980-1989       55      0.00342  0.00341  0.50   94005     321   93845  2576999  27.41
1980-1989       56      0.00338  0.00338  0.50   93685     316   93526  2483154  26.51
1980-1989       57      0.00602  0.00600  0.50   93368     560   93088  2389628  25.59
1980-1989       58      0.00484  0.00483  0.50   92808     448   92584  2296540  24.75
1980-1989       59      0.00568  0.00567  0.50   92360     523   92098  2203956  23.86
1980-1989       60      0.00646  0.00644  0.50   91836     591   91541  2111858  23.00
1980-1989       61      0.00634  0.00632  0.50   91245     577   90957  2020317  22.14
1980-1989       62      0.00682  0.00680  0.50   90668     617   90360  1929361  21.28
1980-1989       63      0.00663  0.00661  0.50   90052     595   89754  1839001  20.42
1980-1989       64      0.01048  0.01043  0.50   89457     933   88990  1749247  19.55
1980-1989       65      0.01104  0.01098  0.50   88524     972   88038  1660256  18.75
1980-1989       66      0.01188  0.01181  0.50   87552    1034   87035  1572218  17.96
1980-1989       67      0.01299  0.01291  0.50   86518    1117   85960  1485183  17.17
1980-1989       68      0.01775  0.01760  0.50   85401    1503   84650  1399223  16.38
1980-1989       69      0.01816  0.01800  0.50   83899    1510   83144  1314573  15.67
1980-1989       70      0.01879  0.01861  0.50   82389    1534   81622  1231430  14.95
1980-1989       71      0.02457  0.02427  0.50   80855    1962   79874  1149808  14.22
1980-1989       72      0.02540  0.02508  0.50   78893    1979   77903  1069933  13.56
1980-1989       73      0.02418  0.02390  0.50   76914    1838   75995   992030  12.90
1980-1989       74      0.03099  0.03052  0.50   75076    2291   73931   916035  12.20
1980-1989       75      0.03524  0.03463  0.50   72785    2520   71525   842104  11.57
1980-1989       76      0.04279  0.04190  0.50   70265    2944   68793   770579  10.97
1980-1989       77      0.03522  0.03461  0.50   67321    2330   66156   701787  10.42
1980-1989       78      0.04845  0.04731  0.50   64991    3074   63453   635631   9.78
1980-1989       79      0.05993  0.05819  0.50   61916    3603   60115   572178   9.24
1980-1989       80      0.05368  0.05228  0.50   58313    3049   56789   512063   8.78
1980-1989       81      0.06027  0.05851  0.50   55265    3234   53648   455274   8.24
1980-1989       82      0.06761  0.06540  0.50   52031    3403   50330   401626   7.72
1980-1989       83      0.07577  0.07301  0.50   48628    3550   46853   351296   7.22
1980-1989       84      0.08483  0.08138  0.50   45078    3668   43244   304443   6.75
1980-1989       85      0.09485  0.09056  0.50   41410    3750   39535   261199   6.31
1980-1989       86      0.10593  0.10060  0.50   37660    3789   35766   221664   5.89
1980-1989       87      0.11813  0.11154  0.50   33871    3778   31982   185898   5.49
1980-1989       88      0.13152  0.12341  0.50   30093    3714   28236   153916   5.11
1980-1989       89      0.14619  0.13623  0.50   26379    3594   24583   125680   4.76
1980-1989       90      0.16218  0.15002  0.50   22786    3418   21077   101097   4.44
1980-1989       91      0.17956  0.16477  0.50   19367    3191   17772    80021   4.13
1980-1989       92      0.19836  0.18046  0.50   16176    2919   14717    62249   3.85
1980-1989       93      0.21860  0.19706  0.50   13257    2612   11951    47532   3.59
1980-1989       94      0.24029  0.21451  0.50   10645    2283    9503    35581   3.34
1980-1989       95      0.26340  0.23275  0.50    8361    1946    7388    26078   3.12
1980-1989       96      0.28789  0.25167  0.50    6415    1614    5608    18690   2.91
1980-1989       97      0.31369  0.27116  0.50    4801    1302    4150    13082   2.72
1980-1989       98      0.34070  0.29111  0.50    3499    1019    2990     8932   2.55
1980-1989       99      0.36879  0.31137  0.50    2480     772    2094     5942   2.40
1980-1989      100      0.39779  0.33180  0.50    1708     567    1425     3848   2.25
1980-1989      101      0.42753  0.35223  0.50    1141     402     940     2423   2.12
1980-1989      102      0.45780  0.37253  0.50     739     275     602     1483   2.01
1980-1989      103      0.48838  0.39253  0.50     464     182     373      881   1.90
1980-1989      104      0.51906  0.41210  0.50     282     116     224      509   1.80
1980-1989      105      0.54959  0.43112  0.50     166      71     130      285   1.72
1980-1989      106      0.57975  0.44946  0.50      94      42      73      155   1.64
1980-1989      107      0.60932  0.46704  0.50      52      24      40       82   1.58
1980-1989      108      0.63812  0.48377  0.50      28      13      21       42   1.52
1980-1989      109      0.66596  0.49960  0.50      14       7      11       21   1.47
1980-1989      110+     0.69268  1.00000  1.44       7       7      10       10   1.44
1990-1999        0      0.00533  0.00530  0.14  100000     530   99543  8161802  81.62
1990-1999        1      0.00041  0.00041  0.50   99470      41   99449  8062259  81.05
1990-1999        2      0.00097  0.00097  0.50   99429      96   99381  7962810  80.09
1990-1999        3      0.00028  0.00028  0.50   99333      27   99319  7863429  79.16
1990-1999        4      0.00032  0.00032  0.50   99305      32   99289  7764111  78.18
1990-1999        5      0.00018  0.00018  0.50   99273      18   99264  7664821  77.21
1990-1999        6      0.00045  0.00045  0.50   99255      45   99233  7565557  76.22
1990-1999        7      0.00027  0.00027  0.50   99210      27   99197  7466324  75.26
1990-1999        8      0.00005  0.00005  0.50   99183       4   99181  7367127  74.28
1990-1999        9      0.00036  0.00036  0.50   99179      36   99161  7267946  73.28
1990-1999       10      0.00022  0.00022  0.50   99143      22   99132  7168785  72.31
1990-1999       11      0.00009  0.00009  0.50   99121       9   99117  7069653  71.32
1990-1999       12      0.00031  0.00031  0.50   99112      31   99097  6970536  70.33
1990-1999       13      0.00000  0.00000  0.50   99081       0   99081  6871440  69.35
1990-1999       14      0.00009  0.00009  0.50   99081       9   99077  6772359  68.35
1990-1999       15      0.00031  0.00031  0.50   99072      30   99057  6673282  67.36
1990-1999       16      0.00013  0.00013  0.50   99042      13   99036  6574225  66.38
1990-1999       17      0.00055  0.00055  0.50   99029      54   99002  6475189  65.39
1990-1999       18      0.00058  0.00058  0.50   98975      57   98947  6376187  64.42
1990-1999       19      0.00078  0.00078  0.50   98918      77   98880  6277241  63.46
1990-1999       20      0.00045  0.00045  0.50   98841      44   98819  6178361  62.51
1990-1999       21      0.00052  0.00052  0.50   98797      52   98771  6079542  61.54
1990-1999       22      0.00079  0.00079  0.50   98745      78   98706  5980771  60.57
1990-1999       23      0.00052  0.00052  0.50   98667      51   98642  5882065  59.62
1990-1999       24      0.00076  0.00076  0.50   98616      75   98579  5783423  58.65
1990-1999       25      0.00065  0.00065  0.50   98542      64   98510  5684844  57.69
1990-1999       26      0.00042  0.00042  0.50   98478      42   98457  5586334  56.73
1990-1999       27      0.00058  0.00058  0.50   98436      57   98408  5487877  55.75
1990-1999       28      0.00093  0.00093  0.50   98379      91   98334  5389469  54.78
1990-1999       29      0.00063  0.00063  0.50   98288      61   98257  5291135  53.83
1990-1999       30      0.00059  0.00059  0.50   98227      58   98198  5192878  52.87
1990-1999       31      0.00079  0.00079  0.50   98169      77   98130  5094680  51.90
1990-1999       32      0.00051  0.00051  0.50   98092      50   98067  4996550  50.94
1990-1999       33      0.00070  0.00070  0.50   98042      69   98007  4898483  49.96
1990-1999       34      0.00043  0.00043  0.50   97973      42   97952  4800476  49.00
1990-1999       35      0.00089  0.00089  0.50   97931      87   97888  4702524  48.02
1990-1999       36      0.00078  0.00078  0.50   97844      76   97806  4604636  47.06
1990-1999       37      0.00093  0.00093  0.50   97768      91   97722  4506830  46.10
1990-1999       38      0.00074  0.00074  0.50   97677      72   97641  4409108  45.14
1990-1999       39      0.00086  0.00086  0.50   97604      84   97562  4311467  44.17
1990-1999       40      0.00083  0.00083  0.50   97520      81   97480  4213905  43.21
1990-1999       41      0.00071  0.00071  0.50   97439      69   97405  4116426  42.25
1990-1999       42      0.00056  0.00056  0.50   97370      54   97343  4019021  41.28
1990-1999       43      0.00103  0.00103  0.50   97316     100   97266  3921677  40.30
1990-1999       44      0.00124  0.00124  0.50   97216     121   97155  3824411  39.34
1990-1999       45      0.00144  0.00144  0.50   97095     140   97025  3727256  38.39
1990-1999       46      0.00174  0.00174  0.50   96955     168   96871  3630231  37.44
1990-1999       47      0.00154  0.00154  0.50   96787     149   96712  3533360  36.51
1990-1999       48      0.00161  0.00161  0.50   96638     156   96560  3436648  35.56
1990-1999       49      0.00205  0.00204  0.50   96482     197   96383  3340088  34.62
1990-1999       50      0.00135  0.00135  0.50   96285     130   96220  3243705  33.69
1990-1999       51      0.00161  0.00161  0.50   96155     155   96077  3147485  32.73
1990-1999       52      0.00276  0.00275  0.50   96000     264   95868  3051408  31.79
1990-1999       53      0.00240  0.00240  0.50   95735     230   95620  2955540  30.87
1990-1999       54      0.00226  0.00226  0.50   95506     216   95398  2859920  29.95
1990-1999       55      0.00411  0.00410  0.50   95290     390   95095  2764522  29.01
1990-1999       56      0.00303  0.00303  0.50   94900     287   94756  2669427  28.13
1990-1999       57      0.00352  0.00351  0.50   94612     333   94446  2574671  27.21
1990-1999       58      0.00383  0.00382  0.50   94280     361   94099  2480225  26.31
1990-1999       59      0.00463  0.00462  0.50   93919     434   93702  2386126  25.41
1990-1999       60      0.00436  0.00435  0.50   93485     406   93282  2292424  24.52
1990-1999       61      0.00575  0.00574  0.50   93079     534   92812  2199142  23.63
1990-1999       62      0.00655  0.00653  0.50   92545     604   92243  2106330  22.76
1990-1999       63      0.00782  0.00779  0.50   91941     716   91583  2014087  21.91
1990-1999       64      0.00876  0.00872  0.50   91225     795   90827  1922505  21.07
1990-1999       65      0.00810  0.00806  0.50   90429     729   90065  1831678  20.26
1990-1999       66      0.01167  0.01161  0.50   89700    1041   89180  1741613  19.42
1990-1999       67      0.01151  0.01145  0.50   88659    1015   88152  1652433  18.64
1990-1999       68      0.01157  0.01150  0.50   87644    1008   87140  1564282  17.85
1990-1999       69      0.01548  0.01536  0.50   86636    1331   85971  1477142  17.05
1990-1999       70      0.01552  0.01540  0.50   85305    1313   84649  1391171  16.31
1990-1999       71      0.01524  0.01512  0.50   83992    1270   83357  1306522  15.56
1990-1999       72      0.01901  0.01883  0.50   82722    1558   81943  1223166  14.79
1990-1999       73      0.02017  0.01997  0.50   81164    1621   80353  1141223  14.06
1990-1999       74      0.02276  0.02251  0.50   79543    1790   78648  1060869  13.34
1990-1999       75      0.02671  0.02636  0.50   77753    2049   76728   982222  12.63
1990-1999       76      0.02568  0.02535  0.50   75703    1919   74744   905494  11.96
1990-1999       77      0.03144  0.03095  0.50   73784    2284   72642   830750  11.26
1990-1999       78      0.03089  0.03042  0.50   71500    2175   70413   758108  10.60
1990-1999       79      0.04029  0.03949  0.50   69325    2738   67956   687695   9.92
1990-1999       80      0.03841  0.03769  0.50   66587    2510   65332   619739   9.31
1990-1999       81      0.04808  0.04695  0.50   64078    3009   62573   554407   8.65
1990-1999       82      0.05207  0.05075  0.50   61069    3099   59519   491834   8.05
1990-1999       83      0.07044  0.06804  0.50   57970    3944   55998   432314   7.46
1990-1999       84      0.07248  0.06995  0.50   54026    3779   52136   376316   6.97
1990-1999       85      0.09017  0.08628  0.50   50246    4335   48079   324180   6.45
1990-1999       86      0.09429  0.09004  0.50   45911    4134   43844   276101   6.01
1990-1999       87      0.10746  0.10198  0.50   41777    4260   39647   232257   5.56
1990-1999       88      0.12222  0.11518  0.50   37517    4321   35356   192610   5.13
1990-1999       89      0.13870  0.12971  0.50   33196    4306   31043   157253   4.74
1990-1999       90      0.15700  0.14557  0.50   28890    4206   26787   126211   4.37
1990-1999       91      0.17722  0.16280  0.50   24684    4018   22675    99424   4.03
1990-1999       92      0.19943  0.18134  0.50   20666    3748   18792    76748   3.71
1990-1999       93      0.22366  0.20116  0.50   16918    3403   15217    57956   3.43
1990-1999       94      0.24992  0.22216  0.50   13515    3002   12014    42740   3.16
1990-1999       95      0.27816  0.24419  0.50   10512    2567    9229    30726   2.92
1990-1999       96      0.30827  0.26710  0.50    7945    2122    6884    21497   2.71
1990-1999       97      0.34011  0.29068  0.50    5823    1693    4977    14613   2.51
1990-1999       98      0.37346  0.31470  0.50    4130    1300    3481     9636   2.33
1990-1999       99      0.40807  0.33892  0.50    2831     959    2351     6156   2.17
1990-1999      100      0.44360  0.36307  0.50    1871     679    1532     3805   2.03
1990-1999      101      0.47973  0.38692  0.50    1192     461     961     2273   1.91
1990-1999      102      0.51606  0.41022  0.50     731     300     581     1312   1.80
1990-1999      103      0.55223  0.43274  0.50     431     186     338      731   1.70
1990-1999      104      0.58786  0.45432  0.50     244     111     189      393   1.61
1990-1999      105      0.62258  0.47479  0.50     133      63     102      204   1.53
1990-1999      106      0.65610  0.49403  0.50      70      35      53      103   1.46
1990-1999      107      0.68812  0.51197  0.50      35      18      26       50   1.41
1990-1999      108      0.71845  0.52857  0.50      17       9      13       23   1.36
1990-1999      109      0.74691  0.54382  0.50       8       4       6       11   1.32
1990-1999      110+     0.77340  1.00000  1.29       4       4       5        5   1.29
2000-2009        0      0.00408  0.00406  0.14  100000     406   99651  8359496  83.59
2000-2009        1      0.00043  0.00043  0.50   99594      43   99572  8259845  82.94
2000-2009        2      0.00067  0.00067  0.50   99551      67   99518  8160273  81.97
2000-2009        3      0.00024  0.00024  0.50   99484      24   99472  8060755  81.03
2000-2009        4      0.00024  0.00024  0.50   99460      24   99448  7961283  80.04
2000-2009        5      0.00010  0.00010  0.50   99436      10   99431  7861835  79.06
2000-2009        6      0.00024  0.00024  0.50   99426      24   99414  7762404  78.07
2000-2009        7      0.00014  0.00014  0.50   99402      14   99395  7662989  77.09
2000-2009        8      0.00000  0.00000  0.50   99388       0   99388  7563594  76.10
2000-2009        9      0.00047  0.00047  0.50   99388      47   99365  7464206  75.10
2000-2009       10      0.00019  0.00019  0.50   99341      19   99332  7364841  74.14
2000-2009       11      0.00028  0.00028  0.50   99322      28   99309  7265510  73.15
2000-2009       12      0.00014  0.00014  0.50   99295      14   99288  7166201  72.17
2000-2009       13      0.00051  0.00051  0.50   99281      51   99256  7066913  71.18
2000-2009       14      0.00009  0.00009  0.50   99230       9   99226  6967658  70.22
2000-2009       15      0.00036  0.00036  0.50   99221      36   99203  6868432  69.22
2000-2009       16      0.00035  0.00035  0.50   99185      35   99168  6769229  68.25
2000-2009       17      0.00038  0.00038  0.50   99151      38   99132  6670061  67.27
2000-2009       18      0.00043  0.00043  0.50   99113      43   99091  6570929  66.30
2000-2009       19      0.00018  0.00018  0.50   99070      18   99061  6471838  65.33
2000-2009       20      0.00017  0.00017  0.50   99052      17   99043  6372777  64.34
2000-2009       21      0.00063  0.00063  0.50   99035      62   99004  6273733  63.35
2000-2009       22      0.00014  0.00014  0.50   98972      14   98966  6174730  62.39
2000-2009       23      0.00074  0.00074  0.50   98959      73   98922  6075764  61.40
2000-2009       24      0.00046  0.00046  0.50   98886      45   98863  5976842  60.44
2000-2009       25      0.00035  0.00035  0.50   98841      35   98823  5877979  59.47
2000-2009       26      0.00079  0.00079  0.50   98806      78   98767  5779156  58.49
2000-2009       27      0.00062  0.00062  0.50   98728      61   98697  5680389  57.54
2000-2009       28      0.00029  0.00029  0.50   98667      29   98652  5581692  56.57
2000-2009       29      0.00044  0.00044  0.50   98638      44   98616  5483039  55.59
2000-2009       30      0.00064  0.00064  0.50   98594      63   98563  5384423  54.61
2000-2009       31      0.00079  0.00079  0.50   98531      78   98492  5285861  53.65
2000-2009       32      0.00076  0.00075  0.50   98454      74   98416  5187368  52.69
2000-2009       33      0.00053  0.00053  0.50   98379      52   98353  5088952  51.73
2000-2009       34      0.00061  0.00061  0.50   98327      60   98297  4990599  50.76
2000-2009       35      0.00064  0.00064  0.50   98267      63   98236  4892302  49.79
2000-2009       36      0.00061  0.00061  0.50   98204      60   98174  4794066  48.82
2000-2009       37      0.00092  0.00092  0.50   98145      90   98099  4695891  47.85
2000-2009       38      0.00089  0.00089  0.50   98054      87   98011  4597792  46.89
2000-2009       39      0.00055  0.00055  0.50   97967      53   97940  4499781  45.93
2000-2009       40      0.00066  0.00066  0.50   97914      65   97881  4401841  44.96
2000-2009       41      0.00090  0.00090  0.50   97849      88   97805  4303959  43.99
2000-2009       42      0.00067  0.00066  0.50   97761      65   97728  4206155  43.02
2000-2009       43      0.00082  0.00082  0.50   97696      80   97656  4108426  42.05
2000-2009       44      0.00144  0.00144  0.50   97616     141   97545  4010770  41.09
2000-2009       45      0.00066  0.00066  0.50   97475      65   97443  3913225  40.15
2000-2009       46      0.00130  0.00130  0.50   97410     126   97347  3815783  39.17
2000-2009       47      0.00063  0.00063  0.50   97284      62   97253  3718435  38.22
2000-2009       48      0.00181  0.00180  0.50   97222     175   97135  3621182  37.25
2000-2009       49      0.00146  0.00146  0.50   97047     142   96976  3524047  36.31
2000-2009       50      0.00115  0.00115  0.50   96905     112   96850  3427071  35.37
2000-2009       51      0.00184  0.00183  0.50   96794     178   96705  3330222  34.41
2000-2009       52      0.00140  0.00140  0.50   96616     135   96549  3233517  33.47
2000-2009       53      0.00194  0.00194  0.50   96481     187   96387  3136968  32.51
2000-2009       54      0.00239  0.00239  0.50   96294     230   96179  3040581  31.58
2000-2009       55      0.00199  0.00199  0.50   96064     191   95968  2944402  30.65
2000-2009       56      0.00296  0.00295  0.50   95872     283   95731  2848434  29.71
2000-2009       57      0.00276  0.00276  0.50   95589     264   95457  2752703  28.80
2000-2009       58      0.00304  0.00304  0.50   95326     289   95181  2657246  27.88
2000-2009       59      0.00295  0.00295  0.50   95036     280   94896  2562065  26.96
2000-2009       60      0.00365  0.00364  0.50   94756     345   94584  2467169  26.04
2000-2009       61      0.00528  0.00527  0.50   94411     497   94163  2372585  25.13
2000-2009       62      0.00451  0.00450  0.50   93914     423   93702  2278423  24.26
2000-2009       63      0.00612  0.00610  0.50   93491     570   93206  2184720  23.37
2000-2009       64      0.00529  0.00527  0.50   92921     490   92676  2091514  22.51
2000-2009       65      0.00581  0.00579  0.50   92431     535   92163  1998838  21.63
2000-2009       66      0.00657  0.00654  0.50   91896     601   91595  1906675  20.75
2000-2009       67      0.00647  0.00645  0.50   91294     589   91000  1815080  19.88
2000-2009       68      0.01016  0.01011  0.50   90705     917   90247  1724080  19.01
2000-2009       69      0.00917  0.00913  0.50   89788     820   89378  1633833  18.20
2000-2009       70      0.00892  0.00888  0.50   88968     790   88573  1544455  17.36
2000-2009       71      0.01144  0.01138  0.50   88178    1003   87676  1455882  16.51
2000-2009       72      0.01475  0.01464  0.50   87175    1277   86536  1368205  15.69
2000-2009       73      0.01517  0.01505  0.50   85898    1293   85252  1281669  14.92
2000-2009       74      0.01974  0.01954  0.50   84605    1653   83778  1196417  14.14
2000-2009       75      0.01929  0.01910  0.50   82952    1585   82159  1112639  13.41
2000-2009       76      0.02205  0.02181  0.50   81367    1775   80480  1030479  12.66
2000-2009       77      0.02761  0.02723  0.50   79593    2168   78509   950000  11.94
2000-2009       78      0.02697  0.02661  0.50   77425    2060   76395   871491  11.26
2000-2009       79      0.02818  0.02778  0.50   75365    2094   74318   795096  10.55
2000-2009       80      0.03843  0.03770  0.50   73271    2762   71889   720779   9.84
2000-2009       81      0.04641  0.04536  0.50   70508    3198   68909   648889   9.20
2000-2009       82      0.04577  0.04474  0.50   67310    3012   65804   579980   8.62
2000-2009       83      0.05927  0.05756  0.50   64298    3701   62448   514176   8.00
2000-2009       84      0.06271  0.06081  0.50   60597    3685   58755   451729   7.45
2000-2009       85      0.07611  0.07332  0.50   56912    4173   54826   392974   6.90
2000-2009       86      0.08601  0.08246  0.50   52739    4349   50565   338148   6.41
2000-2009       87      0.09191  0.08787  0.50   48390    4252   46264   287584   5.94
2000-2009       88      0.10506  0.09982  0.50   44138    4406   41935   241320   5.47
2000-2009       89      0.12450  0.11720  0.50   39732    4657   37404   199384   5.02
2000-2009       90      0.14027  0.13107  0.50   35076    4598   32777   161980   4.62
2000-2009       91      0.15498  0.14384  0.50   30478    4384   28286   129204   4.24
2000-2009       92      0.18642  0.17053  0.50   26094    4450   23869   100917   3.87
2000-2009       93      0.21021  0.19022  0.50   21644    4117   19586    77048   3.56
2000-2009       94      0.23616  0.21122  0.50   17527    3702   15676    57462   3.28
2000-2009       95      0.26423  0.23340  0.50   13825    3227   12212    41786   3.02
2000-2009       96      0.29436  0.25660  0.50   10598    2720    9239    29574   2.79
2000-2009       97      0.32640  0.28061  0.50    7879    2211    6773    20336   2.58
2000-2009       98      0.36015  0.30519  0.50    5668    1730    4803    13562   2.39
2000-2009       99      0.39534  0.33009  0.50    3938    1300    3288     8759   2.22
2000-2009      100      0.43165  0.35502  0.50    2638     937    2170     5471   2.07
2000-2009      101      0.46870  0.37972  0.50    1702     646    1379     3301   1.94
2000-2009      102      0.50611  0.40390  0.50    1055     426     842     1922   1.82
2000-2009      103      0.54344  0.42733  0.50     629     269     495     1080   1.72
2000-2009      104      0.58030  0.44979  0.50     360     162     279      585   1.62
2000-2009      105      0.61628  0.47111  0.50     198      93     152      306   1.54
2000-2009      106      0.65103  0.49115  0.50     105      51      79      154   1.47
2000-2009      107      0.68425  0.50982  0.50      53      27      40       75   1.41
2000-2009      108      0.71568  0.52707  0.50      26      14      19       36   1.36
2000-2009      109      0.74515  0.54289  0.50      12       7       9       16   1.32
2000-2009      110+     0.77254  1.00000  1.29       6       6       7        7   1.29
2010-2019        0      0.00248  0.00248  0.14  100000     248   99788  8525445  85.25
2010-2019        1      0.00046  0.00046  0.50   99752      46   99729  8425657  84.47
2010-2019        2      0.00089  0.00089  0.50   99706      88   99662  8325928  83.50
2010-2019        3      0.00012  0.00012  0.50   99618      12   99612  8226265  82.58
2010-2019        4      0.00004  0.00004  0.50   99606       4   99604  8126653  81.59
2010-2019        5      0.00024  0.00024  0.50   99602      24   99591  8027049  80.59
2010-2019        6      0.00000  0.00000  0.50   99579       0   99579  7927458  79.61
2010-2019        7      0.00029  0.00029  0.50   99579      29   99564  7827879  78.61
2010-2019        8      0.00017  0.00017  0.50   99550      17   99541  7728315  77.63
2010-2019        9      0.00030  0.00030  0.50   99533      30   99518  7628773  76.65
2010-2019       10      0.00018  0.00018  0.50   99503      18   99494  7529256  75.67
2010-2019       11      0.00009  0.00009  0.50   99485       9   99481  7429761  74.68
2010-2019       12      0.00037  0.00037  0.50   99476      36   99458  7330281  73.69
2010-2019       13      0.00042  0.00042  0.50   99440      42   99419  7230823  72.72
2010-2019       14      0.00009  0.00009  0.50   99398       9   99394  7131403  71.75
2010-2019       15      0.00069  0.00068  0.50   99389      68   99355  7032010  70.75
2010-2019       16      0.00035  0.00035  0.50   99321      35   99304  6932654  69.80
2010-2019       17      0.00087  0.00087  0.50   99286      86   99243  6833351  68.82
2010-2019       18      0.00004  0.00004  0.50   99200       4   99198  6734107  67.88
2010-2019       19      0.00027  0.00027  0.50   99196      27   99183  6634909  66.89
2010-2019       20      0.00038  0.00038  0.50   99169      38   99150  6535726  65.90
2010-2019       21      0.00009  0.00009  0.50   99131       9   99127  6436576  64.93
2010-2019       22      0.00009  0.00009  0.50   99122       9   99118  6337449  63.94
2010-2019       23      0.00023  0.00023  0.50   99113      23   99102  6238331  62.94
2010-2019       24      0.00045  0.00045  0.50   99091      45   99068  6139229  61.96
2010-2019       25      0.00026  0.00026  0.50   99046      25   99033  6040161  60.98
2010-2019       26      0.00040  0.00040  0.50   99020      39   99000  5941128  60.00
2010-2019       27      0.00028  0.00028  0.50   98981      28   98967  5842128  59.02
2010-2019       28      0.00034  0.00034  0.50   98953      34   98936  5743161  58.04
2010-2019       29      0.00054  0.00054  0.50   98919      54   98892  5644225  57.06
2010-2019       30      0.00060  0.00060  0.50   98865      60   98835  5545333  56.09
2010-2019       31      0.00018  0.00018  0.50   98806      17   98797  5446498  55.12
2010-2019       32      0.00056  0.00056  0.50   98788      56   98760  5347701  54.13
2010-2019       33      0.00049  0.00049  0.50   98732      48   98708  5248941  53.16
2010-2019       34      0.00037  0.00037  0.50   98684      37   98666  5150232  52.19
2010-2019       35      0.00064  0.00064  0.50   98648      63   98616  5051566  51.21
2010-2019       36      0.00049  0.00049  0.50   98585      48   98561  4952950  50.24
2010-2019       37      0.00080  0.00080  0.50   98537      79   98498  4854389  49.26
2010-2019       38      0.00074  0.00074  0.50   98458      73   98422  4755891  48.30
2010-2019       39      0.00048  0.00048  0.50   98385      47   98362  4657469  47.34
2010-2019       40      0.00063  0.00063  0.50   98338      62   98307  4559108  46.36
2010-2019       41      0.00095  0.00095  0.50   98277      93   98230  4460800  45.39
2010-2019       42      0.00096  0.00096  0.50   98183      94   98136  4362570  44.43
2010-2019       43      0.00082  0.00082  0.50   98089      81   98049  4264434  43.47
2010-2019       44      0.00097  0.00097  0.50   98009      95   97961  4166385  42.51
2010-2019       45      0.00069  0.00069  0.50   97914      68   97880  4068423  41.55
2010-2019       46      0.00111  0.00111  0.50   97846     109   97792  3970544  40.58
2010-2019       47      0.00079  0.00079  0.50   97737      77   97699  3872752  39.62
2010-2019       48      0.00088  0.00088  0.50   97660      86   97617  3775053  38.65
2010-2019       49      0.00147  0.00147  0.50   97574     144   97502  3677436  37.69
2010-2019       50      0.00141  0.00141  0.50   97431     137   97362  3579933  36.74
2010-2019       51      0.00183  0.00183  0.50   97293     178   97204  3482572  35.79
2010-2019       52      0.00161  0.00161  0.50   97115     156   97037  3385368  34.86
2010-2019       53      0.00203  0.00203  0.50   96959     197   96860  3288331  33.91
2010-2019       54      0.00193  0.00193  0.50   96762     187   96668  3191470  32.98
2010-2019       55      0.00244  0.00244  0.50   96575     235   96457  3094802  32.05
2010-2019       56      0.00211  0.00211  0.50   96340     203   96238  2998345  31.12
2010-2019       57      0.00278  0.00277  0.50   96137     266   96004  2902106  30.19
2010-2019       58      0.00262  0.00262  0.50   95870     251   95745  2806103  29.27
2010-2019       59      0.00311  0.00310  0.50   95620     297   95471  2710358  28.35
2010-2019       60      0.00338  0.00337  0.50   95323     322   95162  2614886  27.43
2010-2019       61      0.00429  0.00428  0.50   95001     406   94798  2519724  26.52
2010-2019       62      0.00375  0.00375  0.50   94595     354   94418  2424926  25.63
2010-2019       63      0.00446  0.00445  0.50   94241     419   94031  2330508  24.73
2010-2019       64      0.00418  0.00417  0.50   93821     392   93626  2236477  23.84
2010-2019       65      0.00477  0.00476  0.50   93430     445   93207  2142852  22.94
2010-2019       66      0.00530  0.00528  0.50   92985     491   92739  2049644  22.04
2010-2019       67      0.00592  0.00590  0.50   92493     546   92220  1956905  21.16
2010-2019       68      0.00565  0.00563  0.50   91947     518   91689  1864685  20.28
2010-2019       69      0.00598  0.00597  0.50   91430     545   91157  1772997  19.39
2010-2019       70      0.00731  0.00729  0.50   90884     662   90553  1681840  18.51
2010-2019       71      0.00688  0.00686  0.50   90222     619   89913  1591287  17.64
2010-2019       72      0.01137  0.01131  0.50   89603    1013   89096  1501374  16.76
2010-2019       73      0.01207  0.01200  0.50   88590    1063   88058  1412278  15.94
2010-2019       74      0.01479  0.01468  0.50   87527    1285   86885  1324219  15.13
2010-2019       75      0.01413  0.01404  0.50   86242    1210   85637  1237335  14.35
2010-2019       76      0.01551  0.01539  0.50   85032    1309   84377  1151698  13.54
2010-2019       77      0.02107  0.02085  0.50   83723    1745   82850  1067320  12.75
2010-2019       78      0.02291  0.02265  0.50   81978    1857   81049   984470  12.01
2010-2019       79      0.02305  0.02279  0.50   80121    1826   79208   903420  11.28
2010-2019       80      0.02969  0.02925  0.50   78295    2290   77150   824212  10.53
2010-2019       81      0.03398  0.03341  0.50   76005    2539   74735   747062   9.83
2010-2019       82      0.03756  0.03687  0.50   73465    2708   72111   672327   9.15
2010-2019       83      0.04641  0.04536  0.50   70757    3209   69152   600216   8.48
2010-2019       84      0.05335  0.05196  0.50   67548    3510   65793   531063   7.86
2010-2019       85      0.06406  0.06207  0.50   64038    3975   62050   465271   7.27
2010-2019       86      0.07125  0.06880  0.50   60063    4132   57997   403221   6.71
2010-2019       87      0.09144  0.08745  0.50   55931    4891   53485   345224   6.17
2010-2019       88      0.09363  0.08944  0.50   51040    4565   48757   291739   5.72
2010-2019       89      0.11194  0.10601  0.50   46475    4927   44011   242982   5.23
2010-2019       90      0.12268  0.11559  0.50   41548    4803   39146   198971   4.79
2010-2019       91      0.15064  0.14009  0.50   36745    5148   34171   159824   4.35
2010-2019       92      0.18379  0.16832  0.50   31598    5319   28938   125653   3.98
2010-2019       93      0.19857  0.18064  0.50   26279    4747   23906    96715   3.68
2010-2019       94      0.22663  0.20356  0.50   21532    4383   19340    72809   3.38
2010-2019       95      0.24930  0.22167  0.50   17149    3801   15248    53469   3.12
2010-2019       96      0.28052  0.24601  0.50   13347    3284   11706    38221   2.86
2010-2019       97      0.31400  0.27139  0.50   10064    2731    8698    26515   2.63
2010-2019       98      0.34955  0.29754  0.50    7333    2182    6242    17817   2.43
2010-2019       99      0.38684  0.32415  0.50    5151    1670    4316    11575   2.25
2010-2019      100      0.42552  0.35087  0.50    3481    1221    2870     7259   2.09
2010-2019      101      0.46512  0.37736  0.50    2260     853    1833     4389   1.94
2010-2019      102      0.50518  0.40331  0.50    1407     567    1123     2555   1.82
2010-2019      103      0.54516  0.42839  0.50     840     360     660     1432   1.71
2010-2019      104      0.58457  0.45236  0.50     480     217     371      772   1.61
2010-2019      105      0.62293  0.47499  0.50     263     125     200      401   1.53
2010-2019      106      0.65981  0.49613  0.50     138      68     104      200   1.45
2010-2019      107      0.69485  0.51569  0.50      70      36      52       97   1.39
2010-2019      108      0.72776  0.53360  0.50      34      18      25       45   1.34
2010-2019      109      0.75837  0.54987  0.50      16       9      11       20   1.30
2010-2019      110+     0.78654  1.00000  1.27       7       7       9        9   1.27
