ACT, Life tables (period 1x5), Males	Last modified: 23 May 2023;  Methods Protocol: v6 (2017)

  Year          Age         mx       qx    ax      lx      dx      Lx       Tx     ex
1971-1974        0      0.01962  0.01928  0.11  100000    1928   98284  7040347  70.40
1971-1974        1      0.00164  0.00163  0.50   98072     160   97992  6942063  70.79
1971-1974        2      0.00059  0.00059  0.50   97911      57   97883  6844072  69.90
1971-1974        3      0.00108  0.00108  0.50   97854     105   97801  6746189  68.94
1971-1974        4      0.00075  0.00075  0.50   97749      73   97712  6648388  68.02
1971-1974        5      0.00052  0.00052  0.50   97675      51   97650  6550676  67.07
1971-1974        6      0.00080  0.00080  0.50   97625      78   97586  6453026  66.10
1971-1974        7      0.00055  0.00055  0.50   97546      53   97520  6355440  65.15
1971-1974        8      0.00028  0.00028  0.50   97493      27   97479  6257920  64.19
1971-1974        9      0.00000  0.00000  0.50   97466       0   97466  6160441  63.21
1971-1974       10      0.00055  0.00055  0.50   97466      54   97439  6062975  62.21
1971-1974       11      0.00110  0.00110  0.50   97412     108   97358  5965536  61.24
1971-1974       12      0.00155  0.00155  0.50   97304     151   97229  5868178  60.31
1971-1974       13      0.00087  0.00087  0.50   97154      84   97112  5770949  59.40
1971-1974       14      0.00091  0.00091  0.50   97069      89   97025  5673837  58.45
1971-1974       15      0.00079  0.00079  0.50   96981      77   96942  5576812  57.50
1971-1974       16      0.00227  0.00227  0.50   96904     220   96794  5479870  56.55
1971-1974       17      0.00180  0.00180  0.50   96684     174   96597  5383075  55.68
1971-1974       18      0.00307  0.00306  0.50   96510     295   96363  5286478  54.78
1971-1974       19      0.00169  0.00169  0.50   96215     162   96134  5190115  53.94
1971-1974       20      0.00147  0.00147  0.50   96053     141   95982  5093982  53.03
1971-1974       21      0.00199  0.00198  0.50   95912     190   95817  4997999  52.11
1971-1974       22      0.00179  0.00179  0.50   95722     171   95636  4902183  51.21
1971-1974       23      0.00186  0.00186  0.50   95551     178   95462  4806546  50.30
1971-1974       24      0.00090  0.00090  0.50   95373      86   95330  4711085  49.40
1971-1974       25      0.00088  0.00088  0.50   95287      84   95245  4615755  48.44
1971-1974       26      0.00038  0.00038  0.50   95203      36   95185  4520510  47.48
1971-1974       27      0.00130  0.00130  0.50   95167     123   95105  4425325  46.50
1971-1974       28      0.00081  0.00081  0.50   95044      77   95005  4330219  45.56
1971-1974       29      0.00133  0.00133  0.50   94966     127   94903  4235214  44.60
1971-1974       30      0.00109  0.00109  0.50   94840     103   94788  4140311  43.66
1971-1974       31      0.00132  0.00132  0.50   94737     125   94674  4045522  42.70
1971-1974       32      0.00137  0.00137  0.50   94612     129   94547  3950848  41.76
1971-1974       33      0.00036  0.00036  0.50   94482      34   94466  3856301  40.82
1971-1974       34      0.00203  0.00203  0.50   94449     191   94353  3761835  39.83
1971-1974       35      0.00232  0.00232  0.50   94257     219   94148  3667482  38.91
1971-1974       36      0.00184  0.00184  0.50   94039     173   93953  3573334  38.00
1971-1974       37      0.00170  0.00170  0.50   93866     160   93786  3479382  37.07
1971-1974       38      0.00199  0.00199  0.50   93706     186   93613  3385595  36.13
1971-1974       39      0.00159  0.00159  0.50   93520     149   93446  3291982  35.20
1971-1974       40      0.00186  0.00186  0.50   93371     174   93284  3198536  34.26
1971-1974       41      0.00186  0.00186  0.50   93198     173   93111  3105252  33.32
1971-1974       42      0.00378  0.00377  0.50   93025     351   92849  3012141  32.38
1971-1974       43      0.00381  0.00380  0.50   92674     352   92498  2919291  31.50
1971-1974       44      0.00240  0.00240  0.50   92322     221   92211  2826794  30.62
1971-1974       45      0.00395  0.00394  0.50   92100     363   91919  2734583  29.69
1971-1974       46      0.00396  0.00395  0.50   91738     363   91556  2642664  28.81
1971-1974       47      0.00574  0.00572  0.50   91375     523   91113  2551108  27.92
1971-1974       48      0.00378  0.00378  0.50   90852     343   90680  2459994  27.08
1971-1974       49      0.00512  0.00511  0.50   90509     463   90277  2369314  26.18
1971-1974       50      0.00485  0.00484  0.50   90046     436   89828  2279036  25.31
1971-1974       51      0.00508  0.00506  0.50   89611     454   89384  2189208  24.43
1971-1974       52      0.00771  0.00768  0.50   89157     684   88815  2099824  23.55
1971-1974       53      0.00387  0.00386  0.50   88473     342   88302  2011010  22.73
1971-1974       54      0.01152  0.01145  0.50   88131    1009   87626  1922708  21.82
1971-1974       55      0.00942  0.00937  0.50   87121     816   86713  1835082  21.06
1971-1974       56      0.01405  0.01395  0.50   86305    1204   85703  1748369  20.26
1971-1974       57      0.01114  0.01108  0.50   85101     943   84629  1662666  19.54
1971-1974       58      0.01236  0.01228  0.50   84158    1034   83641  1578037  18.75
1971-1974       59      0.01890  0.01872  0.50   83124    1556   82346  1494395  17.98
1971-1974       60      0.01967  0.01948  0.50   81568    1589   80773  1412049  17.31
1971-1974       61      0.01876  0.01859  0.50   79979    1487   79236  1331276  16.65
1971-1974       62      0.01611  0.01598  0.50   78492    1254   77865  1252041  15.95
1971-1974       63      0.02909  0.02868  0.50   77238    2215   76130  1174176  15.20
1971-1974       64      0.02848  0.02808  0.50   75023    2106   73970  1098045  14.64
1971-1974       65      0.03639  0.03574  0.50   72916    2606   71614  1024076  14.04
1971-1974       66      0.03017  0.02973  0.50   70311    2090   69266   952462  13.55
1971-1974       67      0.03564  0.03501  0.50   68221    2389   67026   883197  12.95
1971-1974       68      0.03580  0.03517  0.50   65832    2315   64674   816170  12.40
1971-1974       69      0.02418  0.02389  0.50   63517    1517   62758   751496  11.83
1971-1974       70      0.05755  0.05594  0.50   61999    3468   60265   688738  11.11
1971-1974       71      0.03684  0.03618  0.50   58531    2117   57472   628473  10.74
1971-1974       72      0.05129  0.05000  0.50   56414    2821   55003   571001  10.12
1971-1974       73      0.08137  0.07819  0.50   53593    4190   51498   515998   9.63
1971-1974       74      0.09185  0.08782  0.50   49403    4339   47233   464500   9.40
1971-1974       75      0.07919  0.07618  0.50   45064    3433   43348   417267   9.26
1971-1974       76      0.04542  0.04441  0.50   41631    1849   40707   373919   8.98
1971-1974       77      0.07550  0.07275  0.50   39782    2894   38335   333212   8.38
1971-1974       78      0.11706  0.11059  0.50   36888    4079   34848   294877   7.99
1971-1974       79      0.11726  0.11076  0.50   32809    3634   30992   260029   7.93
1971-1974       80      0.05813  0.05648  0.50   29175    1648   28351   229037   7.85
1971-1974       81      0.06672  0.06457  0.50   27527    1777   26638   200686   7.29
1971-1974       82      0.07649  0.07367  0.50   25749    1897   24801   174048   6.76
1971-1974       83      0.08756  0.08388  0.50   23852    2001   22852   149248   6.26
1971-1974       84      0.10005  0.09528  0.50   21851    2082   20810   126396   5.78
1971-1974       85      0.11410  0.10794  0.50   19769    2134   18702   105585   5.34
1971-1974       86      0.12983  0.12192  0.50   17636    2150   16560    86883   4.93
1971-1974       87      0.14738  0.13727  0.50   15485    2126   14423    70322   4.54
1971-1974       88      0.16685  0.15400  0.50   13360    2057   12331    55900   4.18
1971-1974       89      0.18832  0.17211  0.50   11302    1945   10330    43569   3.85
1971-1974       90      0.21184  0.19155  0.50    9357    1792    8461    33239   3.55
1971-1974       91      0.23745  0.21225  0.50    7565    1606    6762    24778   3.28
1971-1974       92      0.26511  0.23408  0.50    5959    1395    5262    18016   3.02
1971-1974       93      0.29475  0.25689  0.50    4564    1172    3978    12754   2.79
1971-1974       94      0.32623  0.28048  0.50    3392     951    2916     8776   2.59
1971-1974       95      0.35936  0.30462  0.50    2440     743    2069     5860   2.40
1971-1974       96      0.39389  0.32908  0.50    1697     558    1418     3792   2.23
1971-1974       97      0.42951  0.35358  0.50    1139     403     937     2374   2.08
1971-1974       98      0.46587  0.37786  0.50     736     278     597     1437   1.95
1971-1974       99      0.50261  0.40167  0.50     458     184     366      840   1.83
1971-1974      100      0.53931  0.42477  0.50     274     116     216      474   1.73
1971-1974      101      0.57559  0.44696  0.50     158      70     122      258   1.64
1971-1974      102      0.61108  0.46807  0.50      87      41      67      136   1.56
1971-1974      103      0.64542  0.48796  0.50      46      23      35       69   1.48
1971-1974      104      0.67833  0.50653  0.50      24      12      18       34   1.42
1971-1974      105      0.70956  0.52375  0.50      12       6       9       16   1.37
1971-1974      106      0.73893  0.53958  0.50       6       3       4        7   1.32
1971-1974      107      0.76630  0.55403  0.50       3       1       2        3   1.28
1971-1974      108      0.79162  0.56714  0.50       1       1       1        1   1.24
1971-1974      109      0.81485  0.57897  0.50       0       0       0        1   1.21
1971-1974      110+     0.83603  1.00000  1.20       0       0       0        0   1.20
1975-1979        0      0.01477  0.01458  0.12  100000    1458   98716  7187033  71.87
1975-1979        1      0.00108  0.00108  0.50   98542     107   98488  7088316  71.93
1975-1979        2      0.00053  0.00053  0.50   98435      52   98409  6989828  71.01
1975-1979        3      0.00034  0.00034  0.50   98383      34   98366  6891418  70.05
1975-1979        4      0.00067  0.00067  0.50   98350      66   98317  6793052  69.07
1975-1979        5      0.00041  0.00041  0.50   98284      40   98264  6694735  68.12
1975-1979        6      0.00016  0.00016  0.50   98243      16   98235  6596472  67.14
1975-1979        7      0.00092  0.00092  0.50   98227      90   98182  6498236  66.16
1975-1979        8      0.00060  0.00060  0.50   98137      59   98108  6400054  65.22
1975-1979        9      0.00045  0.00045  0.50   98078      44   98056  6301947  64.25
1975-1979       10      0.00038  0.00038  0.50   98034      37   98015  6203891  63.28
1975-1979       11      0.00049  0.00049  0.50   97997      48   97973  6105875  62.31
1975-1979       12      0.00020  0.00020  0.50   97949      20   97939  6007902  61.34
1975-1979       13      0.00020  0.00020  0.50   97929      20   97919  5909963  60.35
1975-1979       14      0.00140  0.00140  0.50   97909     137   97841  5812044  59.36
1975-1979       15      0.00050  0.00050  0.50   97772      49   97748  5714204  58.44
1975-1979       16      0.00149  0.00149  0.50   97723     145   97651  5616456  57.47
1975-1979       17      0.00069  0.00069  0.50   97578      67   97544  5518806  56.56
1975-1979       18      0.00209  0.00209  0.50   97510     204   97408  5421262  55.60
1975-1979       19      0.00201  0.00201  0.50   97306     196   97209  5323853  54.71
1975-1979       20      0.00205  0.00205  0.50   97111     199   97011  5226645  53.82
1975-1979       21      0.00166  0.00166  0.50   96912     161   96832  5129633  52.93
1975-1979       22      0.00156  0.00156  0.50   96751     151   96676  5032802  52.02
1975-1979       23      0.00165  0.00164  0.50   96600     159   96521  4936126  51.10
1975-1979       24      0.00162  0.00162  0.50   96441     156   96363  4839605  50.18
1975-1979       25      0.00117  0.00117  0.50   96285     112   96229  4743242  49.26
1975-1979       26      0.00130  0.00130  0.50   96173     125   96111  4647013  48.32
1975-1979       27      0.00125  0.00125  0.50   96048     120   95988  4550902  47.38
1975-1979       28      0.00111  0.00111  0.50   95928     106   95874  4454914  46.44
1975-1979       29      0.00066  0.00066  0.50   95821      63   95790  4359040  45.49
1975-1979       30      0.00150  0.00150  0.50   95758     144   95686  4263250  44.52
1975-1979       31      0.00148  0.00147  0.50   95614     141   95543  4167564  43.59
1975-1979       32      0.00138  0.00138  0.50   95473     131   95407  4072021  42.65
1975-1979       33      0.00020  0.00020  0.50   95342      19   95332  3976614  41.71
1975-1979       34      0.00175  0.00175  0.50   95323     167   95239  3881281  40.72
1975-1979       35      0.00116  0.00116  0.50   95156     110   95101  3786042  39.79
1975-1979       36      0.00170  0.00169  0.50   95045     161   94965  3690942  38.83
1975-1979       37      0.00139  0.00139  0.50   94884     131   94819  3595977  37.90
1975-1979       38      0.00199  0.00198  0.50   94753     188   94659  3501158  36.95
1975-1979       39      0.00167  0.00167  0.50   94565     158   94486  3406499  36.02
1975-1979       40      0.00205  0.00205  0.50   94407     193   94310  3312013  35.08
1975-1979       41      0.00168  0.00168  0.50   94214     158   94135  3217703  34.15
1975-1979       42      0.00240  0.00240  0.50   94056     226   93943  3123568  33.21
1975-1979       43      0.00302  0.00301  0.50   93830     283   93689  3029625  32.29
1975-1979       44      0.00241  0.00241  0.50   93548     226   93435  2935936  31.38
1975-1979       45      0.00265  0.00264  0.50   93322     247   93199  2842501  30.46
1975-1979       46      0.00289  0.00289  0.50   93075     269   92941  2749303  29.54
1975-1979       47      0.00459  0.00458  0.50   92806     425   92594  2656362  28.62
1975-1979       48      0.00485  0.00484  0.50   92381     447   92158  2563768  27.75
1975-1979       49      0.00588  0.00586  0.50   91934     539   91665  2471610  26.88
1975-1979       50      0.00558  0.00557  0.50   91395     509   91141  2379946  26.04
1975-1979       51      0.00667  0.00665  0.50   90887     604   90585  2288805  25.18
1975-1979       52      0.00580  0.00579  0.50   90283     522   90021  2198220  24.35
1975-1979       53      0.00836  0.00833  0.50   89760     748   89386  2108199  23.49
1975-1979       54      0.00811  0.00807  0.50   89012     719   88653  2018812  22.68
1975-1979       55      0.01155  0.01149  0.50   88294    1014   87787  1930159  21.86
1975-1979       56      0.01019  0.01014  0.50   87280     885   86837  1842372  21.11
1975-1979       57      0.01316  0.01307  0.50   86395    1129   85830  1755535  20.32
1975-1979       58      0.01089  0.01083  0.50   85266     923   84804  1669705  19.58
1975-1979       59      0.01330  0.01321  0.50   84343    1114   83785  1584901  18.79
1975-1979       60      0.01452  0.01441  0.50   83228    1200   82629  1501115  18.04
1975-1979       61      0.02039  0.02018  0.50   82029    1656   81201  1418486  17.29
1975-1979       62      0.01671  0.01657  0.50   80373    1332   79707  1337285  16.64
1975-1979       63      0.02384  0.02356  0.50   79041    1862   78110  1257578  15.91
1975-1979       64      0.03048  0.03002  0.50   77179    2317   76021  1179468  15.28
1975-1979       65      0.02549  0.02517  0.50   74862    1884   73920  1103447  14.74
1975-1979       66      0.03366  0.03311  0.50   72978    2416   71770  1029527  14.11
1975-1979       67      0.03217  0.03167  0.50   70562    2234   69445   957757  13.57
1975-1979       68      0.02784  0.02746  0.50   68328    1876   67390   888312  13.00
1975-1979       69      0.04244  0.04156  0.50   66452    2762   65071   820923  12.35
1975-1979       70      0.03635  0.03570  0.50   63690    2274   62553   755852  11.87
1975-1979       71      0.03322  0.03268  0.50   61416    2007   60413   693299  11.29
1975-1979       72      0.06223  0.06035  0.50   59409    3585   57617   632886  10.65
1975-1979       73      0.05173  0.05043  0.50   55824    2815   54416   575269  10.31
1975-1979       74      0.04424  0.04328  0.50   53009    2294   51862   520853   9.83
1975-1979       75      0.08912  0.08532  0.50   50714    4327   48551   468991   9.25
1975-1979       76      0.08160  0.07840  0.50   46388    3637   44569   420440   9.06
1975-1979       77      0.06467  0.06265  0.50   42751    2678   41412   375871   8.79
1975-1979       78      0.11879  0.11213  0.50   40073    4493   37826   334459   8.35
1975-1979       79      0.08307  0.07976  0.50   35579    2838   34161   296633   8.34
1975-1979       80      0.08095  0.07781  0.50   32742    2547   31468   262472   8.02
1975-1979       81      0.08675  0.08314  0.50   30194    2510   28939   231004   7.65
1975-1979       82      0.09291  0.08879  0.50   27684    2458   26455   202065   7.30
1975-1979       83      0.09946  0.09475  0.50   25226    2390   24031   175610   6.96
1975-1979       84      0.10643  0.10105  0.50   22836    2308   21682   151580   6.64
1975-1979       85      0.11381  0.10769  0.50   20528    2211   19423   129898   6.33
1975-1979       86      0.12165  0.11467  0.50   18318    2100   17267   110475   6.03
1975-1979       87      0.12994  0.12201  0.50   16217    1979   15228    93207   5.75
1975-1979       88      0.13870  0.12971  0.50   14238    1847   13315    77980   5.48
1975-1979       89      0.14796  0.13777  0.50   12392    1707   11538    64665   5.22
1975-1979       90      0.15772  0.14619  0.50   10684    1562    9903    53126   4.97
1975-1979       91      0.16800  0.15498  0.50    9122    1414    8416    43223   4.74
1975-1979       92      0.17881  0.16414  0.50    7709    1265    7076    34808   4.52
1975-1979       93      0.19015  0.17364  0.50    6443    1119    5884    27732   4.30
1975-1979       94      0.20204  0.18350  0.50    5325     977    4836    21848   4.10
1975-1979       95      0.21447  0.19370  0.50    4347     842    3926    17012   3.91
1975-1979       96      0.22745  0.20423  0.50    3505     716    3147    13085   3.73
1975-1979       97      0.24097  0.21506  0.50    2789     600    2490     9938   3.56
1975-1979       98      0.25504  0.22619  0.50    2190     495    1942     7448   3.40
1975-1979       99      0.26963  0.23760  0.50    1694     403    1493     5506   3.25
1975-1979      100      0.28474  0.24925  0.50    1292     322    1131     4013   3.11
1975-1979      101      0.30034  0.26113  0.50     970     253     843     2883   2.97
1975-1979      102      0.31642  0.27320  0.50     717     196     619     2039   2.85
1975-1979      103      0.33296  0.28544  0.50     521     149     446     1421   2.73
1975-1979      104      0.34991  0.29781  0.50     372     111     317      974   2.62
1975-1979      105      0.36726  0.31028  0.50     261      81     221      658   2.52
1975-1979      106      0.38495  0.32282  0.50     180      58     151      437   2.42
1975-1979      107      0.40295  0.33538  0.50     122      41     102      286   2.34
1975-1979      108      0.42122  0.34794  0.50      81      28      67      184   2.27
1975-1979      109      0.43971  0.36046  0.50      53      19      43      117   2.22
1975-1979      110+     0.45837  1.00000  2.18      34      34      74       74   2.18
1980-1984        0      0.01015  0.01006  0.13  100000    1006   99124  7324576  73.25
1980-1984        1      0.00124  0.00124  0.50   98994     122   98933  7225452  72.99
1980-1984        2      0.00103  0.00103  0.50   98871     102   98820  7126520  72.08
1980-1984        3      0.00037  0.00037  0.50   98770      37   98751  7027699  71.15
1980-1984        4      0.00055  0.00055  0.50   98733      54   98706  6928948  70.18
1980-1984        5      0.00081  0.00081  0.50   98678      80   98639  6830243  69.22
1980-1984        6      0.00018  0.00018  0.50   98599      18   98590  6731604  68.27
1980-1984        7      0.00070  0.00070  0.50   98581      69   98547  6633014  67.28
1980-1984        8      0.00051  0.00051  0.50   98512      51   98487  6534467  66.33
1980-1984        9      0.00042  0.00042  0.50   98461      41   98441  6435980  65.37
1980-1984       10      0.00041  0.00041  0.50   98420      40   98400  6337540  64.39
1980-1984       11      0.00049  0.00049  0.50   98380      49   98356  6239139  63.42
1980-1984       12      0.00025  0.00025  0.50   98332      25   98319  6140783  62.45
1980-1984       13      0.00026  0.00026  0.50   98307      26   98294  6042464  61.47
1980-1984       14      0.00037  0.00037  0.50   98281      36   98263  5944170  60.48
1980-1984       15      0.00076  0.00076  0.50   98245      74   98208  5845908  59.50
1980-1984       16      0.00087  0.00087  0.50   98171      85   98128  5747700  58.55
1980-1984       17      0.00145  0.00145  0.50   98086     142   98015  5649572  57.60
1980-1984       18      0.00124  0.00124  0.50   97944     121   97883  5551557  56.68
1980-1984       19      0.00113  0.00113  0.50   97822     110   97767  5453674  55.75
1980-1984       20      0.00198  0.00198  0.50   97712     193   97615  5355907  54.81
1980-1984       21      0.00217  0.00217  0.50   97519     212   97413  5258292  53.92
1980-1984       22      0.00134  0.00134  0.50   97307     130   97242  5160879  53.04
1980-1984       23      0.00107  0.00107  0.50   97177     104   97125  5063637  52.11
1980-1984       24      0.00088  0.00088  0.50   97073      86   97031  4966512  51.16
1980-1984       25      0.00117  0.00117  0.50   96988     114   96931  4869481  50.21
1980-1984       26      0.00078  0.00078  0.50   96874      76   96836  4772550  49.27
1980-1984       27      0.00193  0.00193  0.50   96798     187   96705  4675714  48.30
1980-1984       28      0.00162  0.00162  0.50   96612     156   96534  4579009  47.40
1980-1984       29      0.00111  0.00111  0.50   96456     107   96402  4482475  46.47
1980-1984       30      0.00072  0.00072  0.50   96348      69   96314  4386073  45.52
1980-1984       31      0.00096  0.00096  0.50   96279      92   96233  4289760  44.56
1980-1984       32      0.00060  0.00060  0.50   96187      57   96158  4193527  43.60
1980-1984       33      0.00084  0.00084  0.50   96129      81   96089  4097369  42.62
1980-1984       34      0.00158  0.00158  0.50   96048     152   95973  4001280  41.66
1980-1984       35      0.00111  0.00111  0.50   95897     106   95844  3905307  40.72
1980-1984       36      0.00089  0.00089  0.50   95790      85   95748  3809464  39.77
1980-1984       37      0.00123  0.00123  0.50   95705     118   95646  3713716  38.80
1980-1984       38      0.00114  0.00114  0.50   95587     109   95533  3618069  37.85
1980-1984       39      0.00147  0.00146  0.50   95479     140   95409  3522536  36.89
1980-1984       40      0.00179  0.00179  0.50   95339     171   95254  3427127  35.95
1980-1984       41      0.00175  0.00175  0.50   95168     167   95085  3331874  35.01
1980-1984       42      0.00209  0.00209  0.50   95001     198   94902  3236789  34.07
1980-1984       43      0.00177  0.00177  0.50   94803     168   94719  3141887  33.14
1980-1984       44      0.00217  0.00217  0.50   94635     205   94533  3047168  32.20
1980-1984       45      0.00290  0.00290  0.50   94430     274   94293  2952635  31.27
1980-1984       46      0.00355  0.00354  0.50   94156     333   93990  2858342  30.36
1980-1984       47      0.00255  0.00255  0.50   93823     239   93704  2764352  29.46
1980-1984       48      0.00376  0.00375  0.50   93584     351   93408  2670648  28.54
1980-1984       49      0.00294  0.00294  0.50   93233     274   93096  2577240  27.64
1980-1984       50      0.00454  0.00453  0.50   92959     421   92748  2484144  26.72
1980-1984       51      0.00254  0.00253  0.50   92538     234   92421  2391396  25.84
1980-1984       52      0.00693  0.00691  0.50   92304     638   91985  2298975  24.91
1980-1984       53      0.00767  0.00764  0.50   91666     700   91316  2206990  24.08
1980-1984       54      0.00873  0.00869  0.50   90965     790   90570  2115675  23.26
1980-1984       55      0.00594  0.00592  0.50   90175     534   89908  2025104  22.46
1980-1984       56      0.00843  0.00839  0.50   89641     752   89265  1935197  21.59
1980-1984       57      0.00920  0.00915  0.50   88888     814   88481  1845932  20.77
1980-1984       58      0.01297  0.01289  0.50   88075    1135   87507  1757451  19.95
1980-1984       59      0.00790  0.00786  0.50   86940     684   86598  1669943  19.21
1980-1984       60      0.01305  0.01296  0.50   86256    1118   85697  1583346  18.36
1980-1984       61      0.01616  0.01603  0.50   85138    1365   84455  1497649  17.59
1980-1984       62      0.01704  0.01690  0.50   83773    1416   83065  1413194  16.87
1980-1984       63      0.01987  0.01967  0.50   82357    1620   81547  1330129  16.15
1980-1984       64      0.02053  0.02032  0.50   80737    1641   79917  1248582  15.46
1980-1984       65      0.02846  0.02806  0.50   79096    2219   77987  1168665  14.78
1980-1984       66      0.02811  0.02772  0.50   76877    2131   75811  1090679  14.19
1980-1984       67      0.02873  0.02833  0.50   74746    2117   73687  1014867  13.58
1980-1984       68      0.03362  0.03306  0.50   72629    2401   71428   941180  12.96
1980-1984       69      0.03978  0.03901  0.50   70227    2739   68858   869752  12.38
1980-1984       70      0.03728  0.03660  0.50   67488    2470   66253   800894  11.87
1980-1984       71      0.03541  0.03479  0.50   65018    2262   63887   734641  11.30
1980-1984       72      0.05267  0.05131  0.50   62756    3220   61146   670753  10.69
1980-1984       73      0.05520  0.05372  0.50   59536    3198   57937   609607  10.24
1980-1984       74      0.06133  0.05951  0.50   56338    3353   54661   551671   9.79
1980-1984       75      0.05026  0.04902  0.50   52985    2598   51686   497009   9.38
1980-1984       76      0.06479  0.06275  0.50   50388    3162   48807   445323   8.84
1980-1984       77      0.08883  0.08505  0.50   47226    4017   45217   396516   8.40
1980-1984       78      0.07528  0.07255  0.50   43209    3135   41642   351299   8.13
1980-1984       79      0.11989  0.11311  0.50   40074    4533   37808   309657   7.73
1980-1984       80      0.07999  0.07692  0.50   35541    2734   34175   271849   7.65
1980-1984       81      0.08701  0.08338  0.50   32808    2735   31440   237675   7.24
1980-1984       82      0.09457  0.09030  0.50   30072    2716   28715   206235   6.86
1980-1984       83      0.10272  0.09770  0.50   27357    2673   26020   177520   6.49
1980-1984       84      0.11149  0.10560  0.50   24684    2607   23381   151500   6.14
1980-1984       85      0.12090  0.11401  0.50   22077    2517   20819   128119   5.80
1980-1984       86      0.13099  0.12294  0.50   19560    2405   18358   107300   5.49
1980-1984       87      0.14178  0.13240  0.50   17156    2271   16020    88942   5.18
1980-1984       88      0.15331  0.14240  0.50   14884    2119   13825    72922   4.90
1980-1984       89      0.16560  0.15294  0.50   12765    1952   11789    59098   4.63
1980-1984       90      0.17866  0.16401  0.50   10813    1773    9926    47309   4.38
1980-1984       91      0.19252  0.17561  0.50    9039    1587    8246    37383   4.14
1980-1984       92      0.20718  0.18773  0.50    7452    1399    6752    29138   3.91
1980-1984       93      0.22264  0.20034  0.50    6053    1213    5447    22385   3.70
1980-1984       94      0.23892  0.21342  0.50    4840    1033    4324    16939   3.50
1980-1984       95      0.25599  0.22694  0.50    3807     864    3375    12615   3.31
1980-1984       96      0.27384  0.24086  0.50    2943     709    2589     9240   3.14
1980-1984       97      0.29245  0.25514  0.50    2234     570    1949     6651   2.98
1980-1984       98      0.31178  0.26973  0.50    1664     449    1440     4702   2.83
1980-1984       99      0.33179  0.28458  0.50    1215     346    1042     3262   2.68
1980-1984      100      0.35242  0.29962  0.50     869     261     739     2219   2.55
1980-1984      101      0.37362  0.31481  0.50     609     192     513     1480   2.43
1980-1984      102      0.39532  0.33008  0.50     417     138     348      967   2.32
1980-1984      103      0.41743  0.34535  0.50     280      97     231      619   2.21
1980-1984      104      0.43989  0.36058  0.50     183      66     150      387   2.12
1980-1984      105      0.46259  0.37570  0.50     117      44      95      237   2.03
1980-1984      106      0.48545  0.39063  0.50      73      29      59      142   1.95
1980-1984      107      0.50837  0.40534  0.50      45      18      35       84   1.88
1980-1984      108      0.53126  0.41976  0.50      26      11      21       48   1.81
1980-1984      109      0.55401  0.43384  0.50      15       7      12       27   1.77
1980-1984      110+     0.57654  1.00000  1.73       9       9      15       15   1.73
1985-1989        0      0.00913  0.00906  0.13  100000     906   99213  7488060  74.88
1985-1989        1      0.00131  0.00131  0.50   99094     130   99029  7388847  74.56
1985-1989        2      0.00037  0.00037  0.50   98964      37   98946  7289818  73.66
1985-1989        3      0.00064  0.00064  0.50   98927      63   98896  7190872  72.69
1985-1989        4      0.00054  0.00054  0.50   98864      53   98838  7091976  71.73
1985-1989        5      0.00027  0.00027  0.50   98811      27   98798  6993139  70.77
1985-1989        6      0.00009  0.00009  0.50   98784       9   98780  6894341  69.79
1985-1989        7      0.00080  0.00080  0.50   98775      79   98736  6795561  68.80
1985-1989        8      0.00027  0.00027  0.50   98696      27   98683  6696825  67.85
1985-1989        9      0.00027  0.00027  0.50   98670      26   98656  6598143  66.87
1985-1989       10      0.00017  0.00017  0.50   98643      17   98635  6499486  65.89
1985-1989       11      0.00043  0.00043  0.50   98626      42   98605  6400852  64.90
1985-1989       12      0.00100  0.00100  0.50   98584      99   98534  6302247  63.93
1985-1989       13      0.00073  0.00073  0.50   98485      72   98449  6203712  62.99
1985-1989       14      0.00032  0.00032  0.50   98413      31   98397  6105263  62.04
1985-1989       15      0.00039  0.00039  0.50   98381      39   98362  6006866  61.06
1985-1989       16      0.00079  0.00079  0.50   98343      78   98304  5908504  60.08
1985-1989       17      0.00151  0.00151  0.50   98265     148   98191  5810200  59.13
1985-1989       18      0.00141  0.00140  0.50   98117     138   98048  5712009  58.22
1985-1989       19      0.00125  0.00125  0.50   97979     123   97918  5613961  57.30
1985-1989       20      0.00112  0.00112  0.50   97856     110   97802  5516044  56.37
1985-1989       21      0.00188  0.00188  0.50   97747     184   97655  5418242  55.43
1985-1989       22      0.00182  0.00182  0.50   97563     177   97474  5320587  54.53
1985-1989       23      0.00116  0.00116  0.50   97386     113   97329  5223113  53.63
1985-1989       24      0.00091  0.00091  0.50   97273      88   97228  5125784  52.70
1985-1989       25      0.00156  0.00156  0.50   97184     151   97109  5028556  51.74
1985-1989       26      0.00122  0.00122  0.50   97033     119   96973  4931447  50.82
1985-1989       27      0.00091  0.00090  0.50   96914      88   96870  4834474  49.88
1985-1989       28      0.00124  0.00124  0.50   96826     120   96766  4737603  48.93
1985-1989       29      0.00126  0.00126  0.50   96706     121   96645  4640837  47.99
1985-1989       30      0.00051  0.00051  0.50   96585      50   96560  4544192  47.05
1985-1989       31      0.00061  0.00060  0.50   96535      58   96506  4447632  46.07
1985-1989       32      0.00113  0.00113  0.50   96477     109   96422  4351126  45.10
1985-1989       33      0.00069  0.00069  0.50   96368      67   96335  4254704  44.15
1985-1989       34      0.00171  0.00171  0.50   96301     165   96219  4158369  43.18
1985-1989       35      0.00084  0.00084  0.50   96137      81   96096  4062150  42.25
1985-1989       36      0.00133  0.00132  0.50   96056     127   95992  3966054  41.29
1985-1989       37      0.00138  0.00138  0.50   95928     132   95862  3870062  40.34
1985-1989       38      0.00151  0.00151  0.50   95796     144   95724  3774200  39.40
1985-1989       39      0.00175  0.00175  0.50   95652     167   95568  3678476  38.46
1985-1989       40      0.00100  0.00100  0.50   95484      95   95437  3582908  37.52
1985-1989       41      0.00061  0.00061  0.50   95389      59   95360  3487471  36.56
1985-1989       42      0.00113  0.00113  0.50   95330     108   95277  3392112  35.58
1985-1989       43      0.00153  0.00153  0.50   95223     146   95150  3296835  34.62
1985-1989       44      0.00165  0.00165  0.50   95077     157   94999  3201685  33.67
1985-1989       45      0.00258  0.00258  0.50   94920     245   94798  3106686  32.73
1985-1989       46      0.00249  0.00248  0.50   94675     235   94558  3011889  31.81
1985-1989       47      0.00156  0.00156  0.50   94440     147   94367  2917331  30.89
1985-1989       48      0.00205  0.00205  0.50   94293     193   94197  2822964  29.94
1985-1989       49      0.00218  0.00218  0.50   94100     205   93998  2728768  29.00
1985-1989       50      0.00324  0.00324  0.50   93895     304   93743  2634770  28.06
1985-1989       51      0.00544  0.00543  0.50   93591     508   93337  2541027  27.15
1985-1989       52      0.00457  0.00456  0.50   93083     424   92871  2447690  26.30
1985-1989       53      0.00612  0.00610  0.50   92659     566   92376  2354819  25.41
1985-1989       54      0.00347  0.00347  0.50   92093     319   91934  2262443  24.57
1985-1989       55      0.00519  0.00518  0.50   91774     475   91536  2170510  23.65
1985-1989       56      0.00817  0.00814  0.50   91299     743   90927  2078973  22.77
1985-1989       57      0.00712  0.00710  0.50   90556     643   90235  1988046  21.95
1985-1989       58      0.00951  0.00947  0.50   89913     851   89487  1897811  21.11
1985-1989       59      0.01206  0.01199  0.50   89062    1068   88528  1808324  20.30
1985-1989       60      0.01436  0.01426  0.50   87994    1255   87367  1719796  19.54
1985-1989       61      0.01338  0.01329  0.50   86739    1153   86163  1632429  18.82
1985-1989       62      0.01548  0.01536  0.50   85587    1314   84930  1546266  18.07
1985-1989       63      0.01445  0.01435  0.50   84272    1209   83668  1461336  17.34
1985-1989       64      0.01772  0.01756  0.50   83063    1459   82334  1377668  16.59
1985-1989       65      0.01936  0.01917  0.50   81605    1565   80822  1295334  15.87
1985-1989       66      0.02077  0.02056  0.50   80040    1645   79217  1214512  15.17
1985-1989       67      0.02550  0.02518  0.50   78395    1974   77408  1135295  14.48
1985-1989       68      0.02561  0.02529  0.50   76421    1933   75454  1057887  13.84
1985-1989       69      0.02497  0.02466  0.50   74488    1837   73570   982432  13.19
1985-1989       70      0.02881  0.02840  0.50   72651    2063   71620   908863  12.51
1985-1989       71      0.03480  0.03420  0.50   70588    2414   69381   837243  11.86
1985-1989       72      0.04882  0.04766  0.50   68174    3249   66549   767862  11.26
1985-1989       73      0.03788  0.03717  0.50   64925    2414   63718   701313  10.80
1985-1989       74      0.04820  0.04707  0.50   62511    2942   61040   637594  10.20
1985-1989       75      0.06461  0.06259  0.50   59569    3729   57705   576554   9.68
1985-1989       76      0.06364  0.06167  0.50   55841    3444   54119   518849   9.29
1985-1989       77      0.06365  0.06169  0.50   52397    3232   50781   464730   8.87
1985-1989       78      0.06886  0.06657  0.50   49165    3273   47528   413950   8.42
1985-1989       79      0.07958  0.07654  0.50   45892    3512   44136   366421   7.98
1985-1989       80      0.07805  0.07512  0.50   42379    3184   40788   322286   7.60
1985-1989       81      0.08544  0.08194  0.50   39196    3212   37590   281498   7.18
1985-1989       82      0.09346  0.08929  0.50   35984    3213   34377   243908   6.78
1985-1989       83      0.10215  0.09719  0.50   32771    3185   31178   209531   6.39
1985-1989       84      0.11155  0.10566  0.50   29586    3126   28023   178352   6.03
1985-1989       85      0.12170  0.11472  0.50   26460    3035   24942   150329   5.68
1985-1989       86      0.13263  0.12438  0.50   23425    2913   21968   125387   5.35
1985-1989       87      0.14438  0.13465  0.50   20511    2762   19130   103419   5.04
1985-1989       88      0.15698  0.14555  0.50   17749    2583   16458    84289   4.75
1985-1989       89      0.17046  0.15707  0.50   15166    2382   13975    67831   4.47
1985-1989       90      0.18485  0.16921  0.50   12784    2163   11702    53857   4.21
1985-1989       91      0.20016  0.18195  0.50   10621    1932    9654    42155   3.97
1985-1989       92      0.21640  0.19527  0.50    8688    1697    7840    32500   3.74
1985-1989       93      0.23357  0.20915  0.50    6992    1462    6260    24661   3.53
1985-1989       94      0.25167  0.22354  0.50    5529    1236    4911    18400   3.33
1985-1989       95      0.27068  0.23841  0.50    4293    1024    3781    13489   3.14
1985-1989       96      0.29056  0.25370  0.50    3270     830    2855     9707   2.97
1985-1989       97      0.31128  0.26936  0.50    2440     657    2112     6852   2.81
1985-1989       98      0.33279  0.28531  0.50    1783     509    1529     4741   2.66
1985-1989       99      0.35501  0.30150  0.50    1274     384    1082     3212   2.52
1985-1989      100      0.37788  0.31783  0.50     890     283     749     2130   2.39
1985-1989      101      0.40131  0.33424  0.50     607     203     506     1382   2.28
1985-1989      102      0.42519  0.35065  0.50     404     142     333      876   2.17
1985-1989      103      0.44943  0.36697  0.50     262      96     214      543   2.07
1985-1989      104      0.47392  0.38313  0.50     166      64     134      328   1.98
1985-1989      105      0.49853  0.39906  0.50     102      41      82      194   1.89
1985-1989      106      0.52314  0.41467  0.50      62      26      49      112   1.82
1985-1989      107      0.54764  0.42992  0.50      36      16      28       63   1.75
1985-1989      108      0.57192  0.44474  0.50      21       9      16       35   1.69
1985-1989      109      0.59585  0.45908  0.50      11       5       9       19   1.64
1985-1989      110+     0.61934  1.00000  1.61       6       6      10       10   1.61
1990-1994        0      0.00835  0.00829  0.13  100000     829   99281  7624195  76.24
1990-1994        1      0.00095  0.00095  0.50   99171      95   99123  7524914  75.88
1990-1994        2      0.00061  0.00061  0.50   99076      60   99046  7425791  74.95
1990-1994        3      0.00035  0.00035  0.50   99016      34   98999  7326745  74.00
1990-1994        4      0.00000  0.00000  0.50   98982       0   98982  7227746  73.02
1990-1994        5      0.00104  0.00104  0.50   98982     103   98930  7128765  72.02
1990-1994        6      0.00052  0.00052  0.50   98879      52   98853  7029834  71.10
1990-1994        7      0.00043  0.00043  0.50   98827      43   98806  6930982  70.13
1990-1994        8      0.00035  0.00035  0.50   98784      34   98767  6832176  69.16
1990-1994        9      0.00043  0.00043  0.50   98750      43   98729  6733409  68.19
1990-1994       10      0.00086  0.00086  0.50   98707      84   98665  6634680  67.22
1990-1994       11      0.00000  0.00000  0.50   98623       0   98623  6536015  66.27
1990-1994       12      0.00017  0.00017  0.50   98623      17   98615  6437392  65.27
1990-1994       13      0.00034  0.00034  0.50   98606      34   98589  6338777  64.28
1990-1994       14      0.00042  0.00042  0.50   98572      41   98552  6240188  63.31
1990-1994       15      0.00058  0.00058  0.50   98531      58   98502  6141636  62.33
1990-1994       16      0.00057  0.00057  0.50   98473      57   98445  6043134  61.37
1990-1994       17      0.00055  0.00055  0.50   98417      54   98390  5944689  60.40
1990-1994       18      0.00107  0.00106  0.50   98363     105   98310  5846299  59.44
1990-1994       19      0.00078  0.00078  0.50   98258      77   98220  5747989  58.50
1990-1994       20      0.00077  0.00077  0.50   98181      75   98144  5649769  57.54
1990-1994       21      0.00078  0.00078  0.50   98106      77   98068  5551626  56.59
1990-1994       22      0.00130  0.00130  0.50   98029     128   97966  5453558  55.63
1990-1994       23      0.00080  0.00080  0.50   97902      79   97863  5355592  54.70
1990-1994       24      0.00093  0.00093  0.50   97823      91   97778  5257730  53.75
1990-1994       25      0.00056  0.00056  0.50   97732      55   97705  5159952  52.80
1990-1994       26      0.00114  0.00114  0.50   97678     112   97622  5062247  51.83
1990-1994       27      0.00090  0.00090  0.50   97566      87   97522  4964625  50.88
1990-1994       28      0.00073  0.00073  0.50   97478      71   97443  4867103  49.93
1990-1994       29      0.00087  0.00087  0.50   97408      85   97365  4769660  48.97
1990-1994       30      0.00094  0.00094  0.50   97323      92   97277  4672294  48.01
1990-1994       31      0.00133  0.00132  0.50   97231     129   97167  4575017  47.05
1990-1994       32      0.00086  0.00086  0.50   97103      84   97061  4477850  46.11
1990-1994       33      0.00088  0.00088  0.50   97019      85   96976  4380789  45.15
1990-1994       34      0.00146  0.00145  0.50   96934     141   96863  4283813  44.19
1990-1994       35      0.00123  0.00123  0.50   96793     119   96733  4186950  43.26
1990-1994       36      0.00082  0.00082  0.50   96674      79   96634  4090216  42.31
1990-1994       37      0.00099  0.00099  0.50   96594      96   96547  3993582  41.34
1990-1994       38      0.00133  0.00133  0.50   96499     128   96435  3897036  40.38
1990-1994       39      0.00141  0.00141  0.50   96371     136   96303  3800601  39.44
1990-1994       40      0.00074  0.00074  0.50   96234      71   96199  3704299  38.49
1990-1994       41      0.00106  0.00106  0.50   96163     102   96113  3608100  37.52
1990-1994       42      0.00171  0.00171  0.50   96062     164   95980  3511987  36.56
1990-1994       43      0.00178  0.00178  0.50   95898     170   95812  3416008  35.62
1990-1994       44      0.00210  0.00210  0.50   95727     201   95627  3320195  34.68
1990-1994       45      0.00167  0.00167  0.50   95526     159   95447  3224568  33.76
1990-1994       46      0.00237  0.00237  0.50   95367     226   95254  3129122  32.81
1990-1994       47      0.00160  0.00160  0.50   95141     152   95065  3033867  31.89
1990-1994       48      0.00351  0.00350  0.50   94989     333   94823  2938802  30.94
1990-1994       49      0.00317  0.00316  0.50   94656     300   94507  2843980  30.05
1990-1994       50      0.00291  0.00290  0.50   94357     274   94220  2749473  29.14
1990-1994       51      0.00259  0.00259  0.50   94083     244   93961  2655253  28.22
1990-1994       52      0.00328  0.00327  0.50   93839     307   93685  2561292  27.29
1990-1994       53      0.00434  0.00433  0.50   93532     405   93330  2467607  26.38
1990-1994       54      0.00572  0.00571  0.50   93127     532   92862  2374277  25.49
1990-1994       55      0.00445  0.00444  0.50   92596     411   92390  2281416  24.64
1990-1994       56      0.00622  0.00620  0.50   92185     571   91899  2189026  23.75
1990-1994       57      0.00497  0.00496  0.50   91613     454   91386  2097127  22.89
1990-1994       58      0.00691  0.00688  0.50   91159     628   90845  2005741  22.00
1990-1994       59      0.00953  0.00948  0.50   90531     859   90102  1914895  21.15
1990-1994       60      0.00639  0.00637  0.50   89673     571   89387  1824793  20.35
1990-1994       61      0.01354  0.01345  0.50   89102    1198   88503  1735406  19.48
1990-1994       62      0.01464  0.01453  0.50   87904    1277   87265  1646903  18.74
1990-1994       63      0.01623  0.01610  0.50   86627    1395   85929  1559638  18.00
1990-1994       64      0.01540  0.01528  0.50   85232    1302   84581  1473709  17.29
1990-1994       65      0.01568  0.01556  0.50   83930    1306   83277  1389128  16.55
1990-1994       66      0.02006  0.01986  0.50   82624    1641   81803  1305851  15.80
1990-1994       67      0.02057  0.02036  0.50   80983    1649   80159  1224048  15.11
1990-1994       68      0.02723  0.02687  0.50   79334    2132   78268  1143889  14.42
1990-1994       69      0.02859  0.02819  0.50   77203    2176   76115  1065621  13.80
1990-1994       70      0.02461  0.02431  0.50   75027    1824   74115   989506  13.19
1990-1994       71      0.02360  0.02332  0.50   73203    1707   72349   915391  12.50
1990-1994       72      0.03834  0.03761  0.50   71496    2689   70151   843042  11.79
1990-1994       73      0.03765  0.03696  0.50   68807    2543   67535   772890  11.23
1990-1994       74      0.03734  0.03666  0.50   66264    2429   65049   705355  10.64
1990-1994       75      0.04106  0.04023  0.50   63835    2568   62551   640306  10.03
1990-1994       76      0.06036  0.05859  0.50   61266    3589   59472   577755   9.43
1990-1994       77      0.06170  0.05985  0.50   57677    3452   55951   518284   8.99
1990-1994       78      0.05160  0.05031  0.50   54225    2728   52861   462333   8.53
1990-1994       79      0.07636  0.07355  0.50   51497    3787   49603   409472   7.95
1990-1994       80      0.08124  0.07807  0.50   47710    3725   45847   359868   7.54
1990-1994       81      0.08845  0.08471  0.50   43985    3726   42122   314021   7.14
1990-1994       82      0.09624  0.09183  0.50   40259    3697   38411   271899   6.75
1990-1994       83      0.10464  0.09944  0.50   36562    3636   34745   233488   6.39
1990-1994       84      0.11368  0.10756  0.50   32927    3542   31156   198743   6.04
1990-1994       85      0.12339  0.11622  0.50   29385    3415   27677   167587   5.70
1990-1994       86      0.13380  0.12541  0.50   25970    3257   24341   139910   5.39
1990-1994       87      0.14495  0.13516  0.50   22713    3070   21178   115569   5.09
1990-1994       88      0.15686  0.14545  0.50   19643    2857   18215    94391   4.81
1990-1994       89      0.16956  0.15630  0.50   16786    2624   15474    76176   4.54
1990-1994       90      0.18305  0.16770  0.50   14162    2375   12975    60702   4.29
1990-1994       91      0.19737  0.17964  0.50   11787    2117   10728    47727   4.05
1990-1994       92      0.21251  0.19210  0.50    9670    1858    8741    36999   3.83
1990-1994       93      0.22849  0.20506  0.50    7812    1602    7011    28258   3.62
1990-1994       94      0.24530  0.21850  0.50    6210    1357    5532    21247   3.42
1990-1994       95      0.26291  0.23237  0.50    4853    1128    4289    15715   3.24
1990-1994       96      0.28133  0.24663  0.50    3726     919    3266    11426   3.07
1990-1994       97      0.30050  0.26125  0.50    2807     733    2440     8160   2.91
1990-1994       98      0.32040  0.27616  0.50    2073     573    1787     5720   2.76
1990-1994       99      0.34098  0.29131  0.50    1501     437    1282     3933   2.62
1990-1994      100      0.36217  0.30664  0.50    1064     326     901     2650   2.49
1990-1994      101      0.38391  0.32209  0.50     737     238     619     1750   2.37
1990-1994      102      0.40613  0.33758  0.50     500     169     416     1131   2.26
1990-1994      103      0.42874  0.35305  0.50     331     117     273      716   2.16
1990-1994      104      0.45165  0.36844  0.50     214      79     175      443   2.07
1990-1994      105      0.47476  0.38368  0.50     135      52     109      268   1.98
1990-1994      106      0.49799  0.39871  0.50      83      33      67      159   1.90
1990-1994      107      0.52122  0.41347  0.50      50      21      40       92   1.83
1990-1994      108      0.54436  0.42790  0.50      29      13      23       52   1.77
1990-1994      109      0.56731  0.44195  0.50      17       7      13       29   1.72
1990-1994      110+     0.58998  1.00000  1.69       9       9      16       16   1.69
1995-1999        0      0.00415  0.00413  0.14  100000     413   99645  7784369  77.84
1995-1999        1      0.00073  0.00073  0.50   99587      73   99550  7684724  77.17
1995-1999        2      0.00090  0.00090  0.50   99514      90   99469  7585174  76.22
1995-1999        3      0.00089  0.00089  0.50   99424      89   99379  7485705  75.29
1995-1999        4      0.00044  0.00044  0.50   99335      44   99313  7386326  74.36
1995-1999        5      0.00026  0.00026  0.50   99291      26   99278  7287013  73.39
1995-1999        6      0.00035  0.00035  0.50   99265      34   99248  7187734  72.41
1995-1999        7      0.00043  0.00043  0.50   99231      43   99210  7088486  71.43
1995-1999        8      0.00034  0.00034  0.50   99189      34   99171  6989276  70.46
1995-1999        9      0.00000  0.00000  0.50   99154       0   99154  6890105  69.49
1995-1999       10      0.00035  0.00035  0.50   99154      35   99137  6790951  68.49
1995-1999       11      0.00035  0.00035  0.50   99120      35   99102  6691814  67.51
1995-1999       12      0.00043  0.00043  0.50   99085      43   99063  6592712  66.54
1995-1999       13      0.00051  0.00051  0.50   99042      51   99017  6493648  65.56
1995-1999       14      0.00060  0.00060  0.50   98991      59   98962  6394632  64.60
1995-1999       15      0.00043  0.00043  0.50   98932      42   98911  6295670  63.64
1995-1999       16      0.00042  0.00042  0.50   98890      41   98869  6196759  62.66
1995-1999       17      0.00073  0.00073  0.50   98849      72   98813  6097890  61.69
1995-1999       18      0.00122  0.00122  0.50   98777     120   98717  5999077  60.73
1995-1999       19      0.00117  0.00117  0.50   98657     115   98599  5900361  59.81
1995-1999       20      0.00064  0.00064  0.50   98541      63   98510  5801762  58.88
1995-1999       21      0.00120  0.00120  0.50   98478     118   98419  5703252  57.91
1995-1999       22      0.00064  0.00064  0.50   98360      63   98328  5604833  56.98
1995-1999       23      0.00079  0.00079  0.50   98297      78   98258  5506505  56.02
1995-1999       24      0.00044  0.00044  0.50   98219      43   98198  5408247  55.06
1995-1999       25      0.00110  0.00110  0.50   98176     108   98122  5310049  54.09
1995-1999       26      0.00164  0.00164  0.50   98069     160   97988  5211927  53.15
1995-1999       27      0.00151  0.00151  0.50   97908     148   97834  5113939  52.23
1995-1999       28      0.00163  0.00163  0.50   97760     160   97680  5016105  51.31
1995-1999       29      0.00104  0.00104  0.50   97600     101   97550  4918425  50.39
1995-1999       30      0.00130  0.00130  0.50   97499     127   97436  4820875  49.45
1995-1999       31      0.00098  0.00098  0.50   97372      95   97324  4723439  48.51
1995-1999       32      0.00089  0.00089  0.50   97277      87   97233  4626115  47.56
1995-1999       33      0.00056  0.00056  0.50   97190      55   97162  4528881  46.60
1995-1999       34      0.00143  0.00143  0.50   97135     139   97066  4431719  45.62
1995-1999       35      0.00127  0.00126  0.50   96996     123   96935  4334653  44.69
1995-1999       36      0.00118  0.00118  0.50   96874     114   96817  4237718  43.74
1995-1999       37      0.00159  0.00158  0.50   96759     153   96683  4140902  42.80
1995-1999       38      0.00168  0.00168  0.50   96606     162   96525  4044219  41.86
1995-1999       39      0.00147  0.00147  0.50   96444     141   96373  3947694  40.93
1995-1999       40      0.00133  0.00133  0.50   96302     128   96238  3851321  39.99
1995-1999       41      0.00110  0.00109  0.50   96174     105   96122  3755083  39.04
1995-1999       42      0.00101  0.00101  0.50   96069      97   96020  3658961  38.09
1995-1999       43      0.00195  0.00195  0.50   95971     187   95878  3562941  37.12
1995-1999       44      0.00136  0.00136  0.50   95784     130   95719  3467063  36.20
1995-1999       45      0.00228  0.00228  0.50   95654     218   95545  3371343  35.25
1995-1999       46      0.00134  0.00134  0.50   95436     128   95373  3275798  34.32
1995-1999       47      0.00152  0.00151  0.50   95309     144   95237  3180425  33.37
1995-1999       48      0.00235  0.00235  0.50   95164     224   95053  3085189  32.42
1995-1999       49      0.00152  0.00152  0.50   94941     144   94869  2990136  31.49
1995-1999       50      0.00299  0.00298  0.50   94797     283   94655  2895268  30.54
1995-1999       51      0.00204  0.00204  0.50   94514     193   94417  2800612  29.63
1995-1999       52      0.00219  0.00219  0.50   94321     206   94218  2706195  28.69
1995-1999       53      0.00283  0.00282  0.50   94115     266   93982  2611978  27.75
1995-1999       54      0.00337  0.00336  0.50   93849     316   93691  2517996  26.83
1995-1999       55      0.00678  0.00676  0.50   93533     632   93217  2424305  25.92
1995-1999       56      0.00631  0.00629  0.50   92901     584   92609  2331088  25.09
1995-1999       57      0.00556  0.00554  0.50   92317     512   92061  2238479  24.25
1995-1999       58      0.00548  0.00547  0.50   91805     502   91554  2146419  23.38
1995-1999       59      0.00676  0.00674  0.50   91303     615   90995  2054865  22.51
1995-1999       60      0.00789  0.00786  0.50   90688     713   90331  1963870  21.66
1995-1999       61      0.00783  0.00780  0.50   89975     702   89624  1873539  20.82
1995-1999       62      0.00862  0.00858  0.50   89273     766   88889  1783915  19.98
1995-1999       63      0.00890  0.00886  0.50   88506     784   88114  1695026  19.15
1995-1999       64      0.01068  0.01062  0.50   87722     932   87256  1606912  18.32
1995-1999       65      0.01404  0.01394  0.50   86790    1210   86185  1519655  17.51
1995-1999       66      0.01425  0.01415  0.50   85580    1211   84975  1433470  16.75
1995-1999       67      0.01496  0.01485  0.50   84370    1253   83743  1348495  15.98
1995-1999       68      0.01659  0.01646  0.50   83117    1368   82433  1264752  15.22
1995-1999       69      0.02087  0.02065  0.50   81749    1688   80905  1182319  14.46
1995-1999       70      0.02351  0.02324  0.50   80061    1860   79131  1101414  13.76
1995-1999       71      0.02669  0.02633  0.50   78201    2059   77171  1022283  13.07
1995-1999       72      0.02999  0.02954  0.50   76141    2250   75016   945112  12.41
1995-1999       73      0.03113  0.03065  0.50   73892    2265   72759   870096  11.78
1995-1999       74      0.04334  0.04242  0.50   71627    3038   70108   797337  11.13
1995-1999       75      0.04299  0.04209  0.50   68589    2887   67145   727229  10.60
1995-1999       76      0.03943  0.03867  0.50   65702    2540   64432   660084  10.05
1995-1999       77      0.04609  0.04505  0.50   63161    2846   61739   595652   9.43
1995-1999       78      0.04908  0.04790  0.50   60316    2889   58871   533914   8.85
1995-1999       79      0.05499  0.05352  0.50   57426    3074   55890   475043   8.27
1995-1999       80      0.06816  0.06591  0.50   54353    3582   52562   419153   7.71
1995-1999       81      0.07628  0.07348  0.50   50770    3731   48905   366591   7.22
1995-1999       82      0.08529  0.08181  0.50   47040    3848   45116   317686   6.75
1995-1999       83      0.09526  0.09093  0.50   43192    3927   41228   272571   6.31
1995-1999       84      0.10625  0.10089  0.50   39264    3961   37284   231343   5.89
1995-1999       85      0.11835  0.11173  0.50   35303    3945   33331   194059   5.50
1995-1999       86      0.13162  0.12349  0.50   31358    3872   29422   160729   5.13
1995-1999       87      0.14613  0.13618  0.50   27486    3743   25614   131307   4.78
1995-1999       88      0.16194  0.14981  0.50   23743    3557   21965   105692   4.45
1995-1999       89      0.17910  0.16438  0.50   20186    3318   18527    83728   4.15
1995-1999       90      0.19766  0.17988  0.50   16868    3034   15351    65201   3.87
1995-1999       91      0.21762  0.19627  0.50   13834    2715   12476    49850   3.60
1995-1999       92      0.23901  0.21349  0.50   11119    2374    9932    37374   3.36
1995-1999       93      0.26179  0.23149  0.50    8745    2024    7733    27442   3.14
1995-1999       94      0.28592  0.25016  0.50    6721    1681    5880    19710   2.93
1995-1999       95      0.31135  0.26941  0.50    5039    1358    4360    13830   2.74
1995-1999       96      0.33796  0.28911  0.50    3682    1064    3149     9469   2.57
1995-1999       97      0.36564  0.30913  0.50    2617     809    2213     6320   2.41
1995-1999       98      0.39424  0.32933  0.50    1808     595    1510     4107   2.27
1995-1999       99      0.42358  0.34955  0.50    1213     424    1001     2597   2.14
1995-1999      100      0.45347  0.36966  0.50     789     292     643     1596   2.02
1995-1999      101      0.48370  0.38950  0.50     497     194     400      953   1.92
1995-1999      102      0.51405  0.40894  0.50     304     124     241      552   1.82
1995-1999      103      0.54430  0.42786  0.50     179      77     141      311   1.73
1995-1999      104      0.57422  0.44613  0.50     103      46      80      170   1.65
1995-1999      105      0.60361  0.46367  0.50      57      26      44       90   1.58
1995-1999      106      0.63227  0.48040  0.50      30      15      23       46   1.52
1995-1999      107      0.66003  0.49626  0.50      16       8      12       23   1.47
1995-1999      108      0.68672  0.51120  0.50       8       4       6       11   1.42
1995-1999      109      0.71224  0.52520  0.50       4       2       3        5   1.38
1995-1999      110+     0.73647  1.00000  1.36       2       2       3        3   1.36
2000-2004        0      0.00545  0.00543  0.14  100000     543   99532  7946389  79.46
2000-2004        1      0.00096  0.00096  0.50   99457      95   99410  7846856  78.90
2000-2004        2      0.00048  0.00048  0.50   99362      48   99338  7747447  77.97
2000-2004        3      0.00019  0.00019  0.50   99314      19   99305  7648108  77.01
2000-2004        4      0.00028  0.00028  0.50   99295      28   99281  7548804  76.02
2000-2004        5      0.00065  0.00065  0.50   99267      65   99235  7449522  75.05
2000-2004        6      0.00009  0.00009  0.50   99203       9   99198  7350287  74.09
2000-2004        7      0.00036  0.00036  0.50   99194      36   99176  7251089  73.10
2000-2004        8      0.00000  0.00000  0.50   99158       0   99158  7151914  72.13
2000-2004        9      0.00009  0.00009  0.50   99158       9   99153  7052756  71.13
2000-2004       10      0.00000  0.00000  0.50   99149       0   99149  6953603  70.13
2000-2004       11      0.00026  0.00026  0.50   99149      26   99136  6854454  69.13
2000-2004       12      0.00035  0.00035  0.50   99123      35   99106  6755318  68.15
2000-2004       13      0.00026  0.00026  0.50   99088      26   99076  6656212  67.17
2000-2004       14      0.00017  0.00017  0.50   99063      17   99054  6557137  66.19
2000-2004       15      0.00000  0.00000  0.50   99046       0   99046  6458083  65.20
2000-2004       16      0.00017  0.00017  0.50   99046      17   99037  6359037  64.20
2000-2004       17      0.00057  0.00057  0.50   99029      57   99001  6260000  63.21
2000-2004       18      0.00038  0.00038  0.50   98972      37   98954  6160999  62.25
2000-2004       19      0.00091  0.00091  0.50   98935      90   98890  6062046  61.27
2000-2004       20      0.00034  0.00034  0.50   98845      34   98828  5963156  60.33
2000-2004       21      0.00069  0.00069  0.50   98811      68   98777  5864327  59.35
2000-2004       22      0.00085  0.00085  0.50   98744      84   98702  5765550  58.39
2000-2004       23      0.00066  0.00066  0.50   98660      65   98627  5666848  57.44
2000-2004       24      0.00114  0.00113  0.50   98594     112   98538  5568221  56.48
2000-2004       25      0.00077  0.00077  0.50   98483      76   98445  5469683  55.54
2000-2004       26      0.00085  0.00085  0.50   98407      83   98365  5371238  54.58
2000-2004       27      0.00069  0.00069  0.50   98323      68   98289  5272873  53.63
2000-2004       28      0.00107  0.00107  0.50   98255     105   98203  5174583  52.66
2000-2004       29      0.00136  0.00136  0.50   98150     134   98084  5076381  51.72
2000-2004       30      0.00090  0.00090  0.50   98017      89   97972  4978297  50.79
2000-2004       31      0.00092  0.00092  0.50   97928      90   97883  4880325  49.84
2000-2004       32      0.00108  0.00108  0.50   97838     106   97786  4782441  48.88
2000-2004       33      0.00102  0.00102  0.50   97733      99   97683  4684656  47.93
2000-2004       34      0.00112  0.00112  0.50   97633     109   97579  4586973  46.98
2000-2004       35      0.00033  0.00033  0.50   97524      32   97509  4489394  46.03
2000-2004       36      0.00131  0.00131  0.50   97493     128   97429  4391885  45.05
2000-2004       37      0.00115  0.00115  0.50   97365     112   97309  4294456  44.11
2000-2004       38      0.00049  0.00049  0.50   97253      48   97229  4197148  43.16
2000-2004       39      0.00146  0.00146  0.50   97205     142   97134  4099919  42.18
2000-2004       40      0.00129  0.00129  0.50   97063     125   97000  4002785  41.24
2000-2004       41      0.00153  0.00153  0.50   96938     148   96864  3905785  40.29
2000-2004       42      0.00162  0.00162  0.50   96789     157   96711  3808921  39.35
2000-2004       43      0.00173  0.00173  0.50   96633     167   96549  3712210  38.42
2000-2004       44      0.00168  0.00168  0.50   96466     162   96385  3615661  37.48
2000-2004       45      0.00162  0.00162  0.50   96304     156   96226  3519276  36.54
2000-2004       46      0.00095  0.00095  0.50   96148      92   96102  3423051  35.60
2000-2004       47      0.00087  0.00087  0.50   96056      84   96014  3326949  34.64
2000-2004       48      0.00253  0.00253  0.50   95972     243   95851  3230935  33.67
2000-2004       49      0.00132  0.00132  0.50   95729     126   95666  3135084  32.75
2000-2004       50      0.00219  0.00219  0.50   95603     210   95498  3039418  31.79
2000-2004       51      0.00220  0.00220  0.50   95393     210   95288  2943920  30.86
2000-2004       52      0.00142  0.00142  0.50   95183     135   95116  2848632  29.93
2000-2004       53      0.00409  0.00408  0.50   95048     388   94854  2753516  28.97
2000-2004       54      0.00390  0.00389  0.50   94661     368   94477  2658661  28.09
2000-2004       55      0.00393  0.00392  0.50   94293     370   94108  2564185  27.19
2000-2004       56      0.00461  0.00460  0.50   93923     432   93707  2470077  26.30
2000-2004       57      0.00353  0.00352  0.50   93491     329   93326  2376370  25.42
2000-2004       58      0.00571  0.00570  0.50   93162     531   92896  2283044  24.51
2000-2004       59      0.00420  0.00419  0.50   92631     388   92437  2190147  23.64
2000-2004       60      0.00662  0.00660  0.50   92243     609   91939  2097710  22.74
2000-2004       61      0.00630  0.00628  0.50   91634     576   91347  2005772  21.89
2000-2004       62      0.00584  0.00582  0.50   91059     530   90794  1914425  21.02
2000-2004       63      0.00932  0.00928  0.50   90529     840   90109  1823631  20.14
2000-2004       64      0.00768  0.00765  0.50   89689     686   89345  1733523  19.33
2000-2004       65      0.01247  0.01239  0.50   89002    1103   88451  1644177  18.47
2000-2004       66      0.01205  0.01198  0.50   87899    1053   87373  1555727  17.70
2000-2004       67      0.01715  0.01701  0.50   86846    1477   86108  1468354  16.91
2000-2004       68      0.01421  0.01411  0.50   85369    1205   84767  1382246  16.19
2000-2004       69      0.01455  0.01444  0.50   84164    1215   83557  1297479  15.42
2000-2004       70      0.02140  0.02117  0.50   82949    1756   82071  1213923  14.63
2000-2004       71      0.02249  0.02224  0.50   81193    1806   80290  1131852  13.94
2000-2004       72      0.02478  0.02447  0.50   79387    1943   78416  1051562  13.25
2000-2004       73      0.02769  0.02731  0.50   77444    2115   76386   973146  12.57
2000-2004       74      0.02579  0.02546  0.50   75329    1918   74370   896760  11.90
2000-2004       75      0.03065  0.03018  0.50   73411    2216   72303   822390  11.20
2000-2004       76      0.03884  0.03810  0.50   71195    2713   69839   750087  10.54
2000-2004       77      0.04079  0.03997  0.50   68482    2737   67114   680249   9.93
2000-2004       78      0.04754  0.04644  0.50   65745    3053   64218   613135   9.33
2000-2004       79      0.04632  0.04527  0.50   62692    2838   61273   548917   8.76
2000-2004       80      0.05921  0.05751  0.50   59854    3442   58133   487644   8.15
2000-2004       81      0.06661  0.06446  0.50   56412    3636   54594   429511   7.61
2000-2004       82      0.06852  0.06625  0.50   52775    3496   51027   374917   7.10
2000-2004       83      0.09367  0.08948  0.50   49279    4409   47074   323890   6.57
2000-2004       84      0.09991  0.09516  0.50   44870    4270   42735   276816   6.17
2000-2004       85      0.10785  0.10233  0.50   40600    4155   38523   234081   5.77
2000-2004       86      0.12068  0.11381  0.50   36446    4148   34372   195558   5.37
2000-2004       87      0.13481  0.12630  0.50   32298    4079   30258   161186   4.99
2000-2004       88      0.15031  0.13981  0.50   28218    3945   26246   130928   4.64
2000-2004       89      0.16725  0.15435  0.50   24273    3747   22400   104682   4.31
2000-2004       90      0.18569  0.16991  0.50   20527    3488   18783    82282   4.01
2000-2004       91      0.20565  0.18647  0.50   17039    3177   15450    63500   3.73
2000-2004       92      0.22716  0.20399  0.50   13862    2828   12448    48049   3.47
2000-2004       93      0.25021  0.22239  0.50   11034    2454    9807    35601   3.23
2000-2004       94      0.27477  0.24158  0.50    8580    2073    7544    25794   3.01
2000-2004       95      0.30077  0.26145  0.50    6507    1701    5657    18250   2.80
2000-2004       96      0.32812  0.28187  0.50    4806    1355    4129    12594   2.62
2000-2004       97      0.35668  0.30270  0.50    3451    1045    2929     8465   2.45
2000-2004       98      0.38631  0.32377  0.50    2407     779    2017     5536   2.30
2000-2004       99      0.41680  0.34492  0.50    1627     561    1347     3519   2.16
2000-2004      100      0.44794  0.36597  0.50    1066     390     871     2172   2.04
2000-2004      101      0.47949  0.38677  0.50     676     261     545     1301   1.93
2000-2004      102      0.51121  0.40714  0.50     415     169     330      756   1.82
2000-2004      103      0.54284  0.42696  0.50     246     105     193      426   1.73
2000-2004      104      0.57413  0.44607  0.50     141      63     109      233   1.65
2000-2004      105      0.60483  0.46439  0.50      78      36      60      123   1.58
2000-2004      106      0.63473  0.48182  0.50      42      20      32       63   1.51
2000-2004      107      0.66362  0.49829  0.50      22      11      16       32   1.46
2000-2004      108      0.69135  0.51375  0.50      11       6       8       15   1.41
2000-2004      109      0.71775  0.52820  0.50       5       3       4        7   1.37
2000-2004      110+     0.74274  1.00000  1.35       2       2       3        3   1.35
2005-2009        0      0.00503  0.00501  0.14  100000     501   99569  8028845  80.29
2005-2009        1      0.00035  0.00035  0.50   99499      34   99482  7929276  79.69
2005-2009        2      0.00062  0.00062  0.50   99465      61   99434  7829794  78.72
2005-2009        3      0.00036  0.00036  0.50   99403      36   99385  7730360  77.77
2005-2009        4      0.00056  0.00056  0.50   99368      55   99340  7630974  76.80
2005-2009        5      0.00009  0.00009  0.50   99312       9   99307  7531634  75.84
2005-2009        6      0.00000  0.00000  0.50   99303       0   99303  7432327  74.85
2005-2009        7      0.00039  0.00039  0.50   99303      38   99284  7333024  73.85
2005-2009        8      0.00000  0.00000  0.50   99264       0   99264  7233740  72.87
2005-2009        9      0.00009  0.00009  0.50   99264       9   99260  7134476  71.87
2005-2009       10      0.00028  0.00028  0.50   99255      28   99241  7035216  70.88
2005-2009       11      0.00000  0.00000  0.50   99227       0   99227  6935975  69.90
2005-2009       12      0.00000  0.00000  0.50   99227       0   99227  6836748  68.90
2005-2009       13      0.00045  0.00045  0.50   99227      45   99205  6737521  67.90
2005-2009       14      0.00018  0.00018  0.50   99182      18   99173  6638316  66.93
2005-2009       15      0.00026  0.00026  0.50   99165      26   99152  6539143  65.94
2005-2009       16      0.00067  0.00067  0.50   99139      66   99106  6439991  64.96
2005-2009       17      0.00080  0.00080  0.50   99073      79   99033  6340886  64.00
2005-2009       18      0.00074  0.00074  0.50   98994      73   98957  6241853  63.05
2005-2009       19      0.00101  0.00101  0.50   98921     100   98870  6142896  62.10
2005-2009       20      0.00103  0.00103  0.50   98820     102   98770  6044025  61.16
2005-2009       21      0.00044  0.00044  0.50   98719      44   98697  5945256  60.22
2005-2009       22      0.00095  0.00095  0.50   98675      93   98628  5846559  59.25
2005-2009       23      0.00087  0.00087  0.50   98582      86   98539  5747931  58.31
2005-2009       24      0.00063  0.00063  0.50   98496      62   98465  5649392  57.36
2005-2009       25      0.00090  0.00090  0.50   98434      89   98390  5550927  56.39
2005-2009       26      0.00086  0.00086  0.50   98345      84   98303  5452538  55.44
2005-2009       27      0.00062  0.00062  0.50   98261      61   98230  5354235  54.49
2005-2009       28      0.00057  0.00057  0.50   98200      56   98172  5256004  53.52
2005-2009       29      0.00110  0.00110  0.50   98144     108   98090  5157832  52.55
2005-2009       30      0.00088  0.00088  0.50   98035      87   97992  5059743  51.61
2005-2009       31      0.00052  0.00052  0.50   97949      51   97923  4961751  50.66
2005-2009       32      0.00150  0.00150  0.50   97898     146   97825  4863827  49.68
2005-2009       33      0.00112  0.00112  0.50   97752     109   97697  4766002  48.76
2005-2009       34      0.00089  0.00089  0.50   97642      87   97599  4668305  47.81
2005-2009       35      0.00074  0.00074  0.50   97555      72   97519  4570707  46.85
2005-2009       36      0.00089  0.00089  0.50   97483      87   97440  4473188  45.89
2005-2009       37      0.00098  0.00098  0.50   97396      95   97349  4375748  44.93
2005-2009       38      0.00092  0.00092  0.50   97301      89   97257  4278399  43.97
2005-2009       39      0.00094  0.00094  0.50   97212      91   97167  4181142  43.01
2005-2009       40      0.00194  0.00194  0.50   97121     188   97027  4083976  42.05
2005-2009       41      0.00115  0.00115  0.50   96933     111   96877  3986949  41.13
2005-2009       42      0.00148  0.00148  0.50   96821     143   96750  3890072  40.18
2005-2009       43      0.00164  0.00164  0.50   96678     159   96599  3793322  39.24
2005-2009       44      0.00162  0.00162  0.50   96519     157   96441  3696723  38.30
2005-2009       45      0.00154  0.00154  0.50   96363     148   96289  3600282  37.36
2005-2009       46      0.00114  0.00114  0.50   96215     110   96159  3503994  36.42
2005-2009       47      0.00215  0.00214  0.50   96104     206   96001  3407834  35.46
2005-2009       48      0.00269  0.00269  0.50   95898     258   95770  3311833  34.53
2005-2009       49      0.00146  0.00146  0.50   95641     139   95571  3216063  33.63
2005-2009       50      0.00264  0.00264  0.50   95501     252   95375  3120492  32.67
2005-2009       51      0.00251  0.00251  0.50   95249     239   95130  3025117  31.76
2005-2009       52      0.00245  0.00245  0.50   95011     232   94895  2929987  30.84
2005-2009       53      0.00248  0.00248  0.50   94778     235   94661  2835092  29.91
2005-2009       54      0.00336  0.00336  0.50   94543     317   94385  2740431  28.99
2005-2009       55      0.00218  0.00218  0.50   94226     206   94123  2646047  28.08
2005-2009       56      0.00408  0.00407  0.50   94020     383   93829  2551924  27.14
2005-2009       57      0.00438  0.00437  0.50   93637     410   93433  2458095  26.25
2005-2009       58      0.00454  0.00453  0.50   93228     423   93016  2364662  25.36
2005-2009       59      0.00516  0.00515  0.50   92805     478   92566  2271646  24.48
2005-2009       60      0.00685  0.00683  0.50   92328     630   92012  2179079  23.60
2005-2009       61      0.00709  0.00706  0.50   91697     647   91373  2087067  22.76
2005-2009       62      0.00869  0.00865  0.50   91050     788   90656  1995694  21.92
2005-2009       63      0.00583  0.00581  0.50   90262     524   90000  1905038  21.11
2005-2009       64      0.00763  0.00761  0.50   89738     683   89396  1815038  20.23
2005-2009       65      0.00912  0.00908  0.50   89055     809   88651  1725642  19.38
2005-2009       66      0.00918  0.00914  0.50   88246     807   87843  1636991  18.55
2005-2009       67      0.01165  0.01158  0.50   87440    1013   86933  1549148  17.72
2005-2009       68      0.01421  0.01411  0.50   86427    1219   85817  1462215  16.92
2005-2009       69      0.01567  0.01555  0.50   85208    1325   84545  1376398  16.15
2005-2009       70      0.01323  0.01314  0.50   83883    1102   83332  1291853  15.40
2005-2009       71      0.01356  0.01346  0.50   82781    1115   82223  1208521  14.60
2005-2009       72      0.01871  0.01854  0.50   81666    1514   80909  1126297  13.79
2005-2009       73      0.01994  0.01974  0.50   80152    1582   79361  1045388  13.04
2005-2009       74      0.02517  0.02486  0.50   78570    1953   77593   966027  12.30
2005-2009       75      0.03163  0.03113  0.50   76616    2385   75424   888434  11.60
2005-2009       76      0.03501  0.03441  0.50   74231    2554   72954   813011  10.95
2005-2009       77      0.03903  0.03828  0.50   71677    2744   70305   740056  10.32
2005-2009       78      0.04325  0.04233  0.50   68933    2918   67474   669752   9.72
2005-2009       79      0.05222  0.05089  0.50   66015    3360   64335   602278   9.12
2005-2009       80      0.05149  0.05020  0.50   62655    3145   61083   537942   8.59
2005-2009       81      0.05509  0.05361  0.50   59510    3190   57915   476860   8.01
2005-2009       82      0.07073  0.06831  0.50   56320    3847   54396   418945   7.44
2005-2009       83      0.07844  0.07548  0.50   52472    3960   50492   364549   6.95
2005-2009       84      0.08856  0.08481  0.50   48512    4114   46455   314057   6.47
2005-2009       85      0.10772  0.10221  0.50   44398    4538   42129   267602   6.03
2005-2009       86      0.11622  0.10984  0.50   39860    4378   37671   225473   5.66
2005-2009       87      0.11023  0.10447  0.50   35482    3707   33628   187802   5.29
2005-2009       88      0.13843  0.12947  0.50   31775    4114   29718   154174   4.85
2005-2009       89      0.15502  0.14387  0.50   27661    3980   25671   124456   4.50
2005-2009       90      0.17320  0.15939  0.50   23681    3775   21794    98785   4.17
2005-2009       91      0.19302  0.17603  0.50   19907    3504   18155    76991   3.87
2005-2009       92      0.21452  0.19374  0.50   16403    3178   14814    58836   3.59
2005-2009       93      0.23772  0.21246  0.50   13225    2810   11820    44023   3.33
2005-2009       94      0.26258  0.23210  0.50   10415    2417    9206    32203   3.09
2005-2009       95      0.28905  0.25255  0.50    7998    2020    6988    22997   2.88
2005-2009       96      0.31705  0.27367  0.50    5978    1636    5160    16009   2.68
2005-2009       97      0.34644  0.29529  0.50    4342    1282    3701    10849   2.50
2005-2009       98      0.37705  0.31724  0.50    3060     971    2574     7148   2.34
2005-2009       99      0.40867  0.33933  0.50    2089     709    1735     4574   2.19
2005-2009      100      0.44106  0.36137  0.50    1380     499    1131     2839   2.06
2005-2009      101      0.47397  0.38316  0.50     881     338     713     1708   1.94
2005-2009      102      0.50710  0.40453  0.50     544     220     434      996   1.83
2005-2009      103      0.54017  0.42530  0.50     324     138     255      562   1.74
2005-2009      104      0.57289  0.44533  0.50     186      83     145      307   1.65
2005-2009      105      0.60499  0.46448  0.50     103      48      79      163   1.58
2005-2009      106      0.63620  0.48266  0.50      55      27      42       83   1.51
2005-2009      107      0.66631  0.49980  0.50      29      14      21       41   1.45
2005-2009      108      0.69512  0.51584  0.50      14       7      11       20   1.40
2005-2009      109      0.72248  0.53075  0.50       7       4       5        9   1.36
2005-2009      110+     0.74827  1.00000  1.34       3       3       4        4   1.34
2010-2014        0      0.00334  0.00333  0.14  100000     333   99715  8154690  81.55
2010-2014        1      0.00081  0.00081  0.50   99667      81   99627  8054976  80.82
2010-2014        2      0.00000  0.00000  0.50   99586       0   99586  7955349  79.88
2010-2014        3      0.00023  0.00023  0.50   99586      23   99575  7855763  78.88
2010-2014        4      0.00000  0.00000  0.50   99563       0   99563  7756188  77.90
2010-2014        5      0.00000  0.00000  0.50   99563       0   99563  7656625  76.90
2010-2014        6      0.00025  0.00025  0.50   99563      25   99551  7557062  75.90
2010-2014        7      0.00000  0.00000  0.50   99539       0   99539  7457511  74.92
2010-2014        8      0.00000  0.00000  0.50   99539       0   99539  7357972  73.92
2010-2014        9      0.00018  0.00018  0.50   99539      18   99530  7258434  72.92
2010-2014       10      0.00000  0.00000  0.50   99521       0   99521  7158904  71.93
2010-2014       11      0.00000  0.00000  0.50   99521       0   99521  7059383  70.93
2010-2014       12      0.00000  0.00000  0.50   99521       0   99521  6959862  69.93
2010-2014       13      0.00037  0.00037  0.50   99521      37   99502  6860342  68.93
2010-2014       14      0.00046  0.00046  0.50   99484      45   99461  6760840  67.96
2010-2014       15      0.00071  0.00071  0.50   99438      70   99403  6661379  66.99
2010-2014       16      0.00042  0.00042  0.50   99368      42   99347  6561975  66.04
2010-2014       17      0.00048  0.00048  0.50   99326      48   99302  6462628  65.06
2010-2014       18      0.00074  0.00074  0.50   99278      73   99242  6363326  64.10
2010-2014       19      0.00054  0.00054  0.50   99205      53   99179  6264084  63.14
2010-2014       20      0.00056  0.00056  0.50   99152      56   99124  6164906  62.18
2010-2014       21      0.00066  0.00066  0.50   99097      65   99064  6065781  61.21
2010-2014       22      0.00076  0.00076  0.50   99032      75   98994  5966717  60.25
2010-2014       23      0.00052  0.00052  0.50   98957      51   98931  5867723  59.30
2010-2014       24      0.00040  0.00040  0.50   98906      40   98886  5768792  58.33
2010-2014       25      0.00081  0.00081  0.50   98866      80   98826  5669906  57.35
2010-2014       26      0.00082  0.00082  0.50   98786      81   98745  5571080  56.40
2010-2014       27      0.00065  0.00065  0.50   98705      64   98673  5472334  55.44
2010-2014       28      0.00083  0.00083  0.50   98641      82   98600  5373661  54.48
2010-2014       29      0.00090  0.00090  0.50   98559      88   98515  5275061  53.52
2010-2014       30      0.00073  0.00073  0.50   98471      72   98435  5176545  52.57
2010-2014       31      0.00088  0.00088  0.50   98399      87   98356  5078110  51.61
2010-2014       32      0.00084  0.00084  0.50   98313      83   98271  4979755  50.65
2010-2014       33      0.00073  0.00073  0.50   98230      72   98194  4881484  49.69
2010-2014       34      0.00021  0.00021  0.50   98158      20   98148  4783290  48.73
2010-2014       35      0.00105  0.00105  0.50   98138     103   98086  4685142  47.74
2010-2014       36      0.00071  0.00071  0.50   98035      69   98000  4587056  46.79
2010-2014       37      0.00107  0.00107  0.50   97966     105   97913  4489055  45.82
2010-2014       38      0.00086  0.00086  0.50   97861      84   97819  4391142  44.87
2010-2014       39      0.00142  0.00142  0.50   97777     138   97707  4293323  43.91
2010-2014       40      0.00113  0.00113  0.50   97638     111   97583  4195616  42.97
2010-2014       41      0.00078  0.00078  0.50   97528      77   97489  4098033  42.02
2010-2014       42      0.00117  0.00117  0.50   97451     114   97394  4000544  41.05
2010-2014       43      0.00119  0.00119  0.50   97338     116   97279  3903149  40.10
2010-2014       44      0.00131  0.00131  0.50   97221     128   97158  3805870  39.15
2010-2014       45      0.00056  0.00056  0.50   97094      54   97067  3708712  38.20
2010-2014       46      0.00098  0.00098  0.50   97039      95   96992  3611646  37.22
2010-2014       47      0.00216  0.00216  0.50   96944     209   96840  3514654  36.25
2010-2014       48      0.00199  0.00199  0.50   96735     192   96639  3417814  35.33
2010-2014       49      0.00182  0.00181  0.50   96543     175   96455  3321175  34.40
2010-2014       50      0.00164  0.00164  0.50   96368     158   96289  3224719  33.46
2010-2014       51      0.00297  0.00296  0.50   96210     285   96067  3128431  32.52
2010-2014       52      0.00394  0.00393  0.50   95925     377   95736  3032363  31.61
2010-2014       53      0.00146  0.00146  0.50   95547     139   95478  2936627  30.73
2010-2014       54      0.00354  0.00353  0.50   95408     337   95240  2841150  29.78
2010-2014       55      0.00340  0.00339  0.50   95071     323   94910  2745910  28.88
2010-2014       56      0.00360  0.00359  0.50   94748     341   94578  2651000  27.98
2010-2014       57      0.00438  0.00437  0.50   94408     412   94202  2556422  27.08
2010-2014       58      0.00522  0.00520  0.50   93995     489   93751  2462221  26.20
2010-2014       59      0.00514  0.00513  0.50   93507     480   93267  2368470  25.33
2010-2014       60      0.00486  0.00484  0.50   93027     451   92802  2275203  24.46
2010-2014       61      0.00617  0.00615  0.50   92576     569   92292  2182402  23.57
2010-2014       62      0.00746  0.00743  0.50   92007     684   91665  2090110  22.72
2010-2014       63      0.00802  0.00799  0.50   91323     729   90958  1998445  21.88
2010-2014       64      0.00643  0.00641  0.50   90594     581   90303  1907487  21.06
2010-2014       65      0.00859  0.00855  0.50   90013     770   89628  1817184  20.19
2010-2014       66      0.00802  0.00799  0.50   89243     713   88887  1727556  19.36
2010-2014       67      0.00826  0.00823  0.50   88530     728   88166  1638669  18.51
2010-2014       68      0.01141  0.01135  0.50   87802     996   87304  1550503  17.66
2010-2014       69      0.01224  0.01216  0.50   86805    1056   86278  1463199  16.86
2010-2014       70      0.01308  0.01299  0.50   85750    1114   85192  1376922  16.06
2010-2014       71      0.01655  0.01641  0.50   84635    1389   83941  1291729  15.26
2010-2014       72      0.01576  0.01564  0.50   83246    1302   82596  1207788  14.51
2010-2014       73      0.02352  0.02325  0.50   81945    1905   80992  1125193  13.73
2010-2014       74      0.01994  0.01974  0.50   80040    1580   79250  1044200  13.05
2010-2014       75      0.02317  0.02290  0.50   78460    1797   77561   964951  12.30
2010-2014       76      0.03063  0.03017  0.50   76663    2313   75506   887390  11.58
2010-2014       77      0.03801  0.03730  0.50   74350    2773   72963   811883  10.92
2010-2014       78      0.03351  0.03296  0.50   71577    2359   70397   738920  10.32
2010-2014       79      0.04023  0.03943  0.50   69218    2730   67853   668523   9.66
2010-2014       80      0.04200  0.04114  0.50   66488    2735   65120   600670   9.03
2010-2014       81      0.04874  0.04758  0.50   63753    3033   62236   535550   8.40
2010-2014       82      0.05648  0.05493  0.50   60720    3335   59052   473313   7.80
2010-2014       83      0.06538  0.06331  0.50   57384    3633   55568   414261   7.22
2010-2014       84      0.07556  0.07281  0.50   53751    3914   51795   358694   6.67
2010-2014       85      0.08718  0.08354  0.50   49838    4163   47756   306899   6.16
2010-2014       86      0.10039  0.09559  0.50   45674    4366   43491   259143   5.67
2010-2014       87      0.11536  0.10907  0.50   41308    4505   39055   215652   5.22
2010-2014       88      0.13222  0.12402  0.50   36803    4564   34521   176596   4.80
2010-2014       89      0.15113  0.14051  0.50   32238    4530   29974   142076   4.41
2010-2014       90      0.17221  0.15856  0.50   27709    4393   25512   112102   4.05
2010-2014       91      0.19555  0.17813  0.50   23315    4153   21239    86590   3.71
2010-2014       92      0.22121  0.19918  0.50   19162    3817   17254    65352   3.41
2010-2014       93      0.24919  0.22158  0.50   15345    3400   13645    48098   3.13
2010-2014       94      0.27944  0.24518  0.50   11945    2929   10481    34453   2.88
2010-2014       95      0.31184  0.26977  0.50    9016    2432    7800    23972   2.66
2010-2014       96      0.34619  0.29511  0.50    6584    1943    5613    16172   2.46
2010-2014       97      0.38222  0.32089  0.50    4641    1489    3896    10559   2.28
2010-2014       98      0.41960  0.34683  0.50    3152    1093    2605     6663   2.11
2010-2014       99      0.45792  0.37261  0.50    2059     767    1675     4058   1.97
2010-2014      100      0.49674  0.39791  0.50    1292     514    1035     2383   1.84
2010-2014      101      0.53561  0.42247  0.50     778     329     613     1348   1.73
2010-2014      102      0.57404  0.44603  0.50     449     200     349      735   1.64
2010-2014      103      0.61161  0.46838  0.50     249     117     191      386   1.55
2010-2014      104      0.64789  0.48936  0.50     132      65     100      195   1.48
2010-2014      105      0.68254  0.50888  0.50      68      34      50       95   1.41
2010-2014      106      0.71528  0.52686  0.50      33      17      24       45   1.35
2010-2014      107      0.74590  0.54328  0.50      16       9      11       21   1.31
2010-2014      108      0.77427  0.55818  0.50       7       4       5        9   1.27
2010-2014      109      0.80032  0.57159  0.50       3       2       2        4   1.23
2010-2014      110+     0.82404  1.00000  1.21       1       1       2        2   1.21
2015-2019        0      0.00325  0.00324  0.14  100000     324   99722  8204968  82.05
2015-2019        1      0.00049  0.00049  0.50   99676      49   99651  8105246  81.32
2015-2019        2      0.00028  0.00028  0.50   99627      27   99613  8005595  80.36
2015-2019        3      0.00048  0.00048  0.50   99600      47   99576  7905981  79.38
2015-2019        4      0.00027  0.00027  0.50   99552      27   99539  7806406  78.42
2015-2019        5      0.00014  0.00014  0.50   99525      14   99518  7706867  77.44
2015-2019        6      0.00000  0.00000  0.50   99511       0   99511  7607349  76.45
2015-2019        7      0.00028  0.00028  0.50   99511      28   99497  7507837  75.45
2015-2019        8      0.00029  0.00029  0.50   99483      29   99469  7408340  74.47
2015-2019        9      0.00007  0.00007  0.50   99454       7   99451  7308871  73.49
2015-2019       10      0.00038  0.00038  0.50   99447      38   99428  7209421  72.50
2015-2019       11      0.00032  0.00032  0.50   99409      32   99393  7109993  71.52
2015-2019       12      0.00016  0.00016  0.50   99377      16   99369  7010600  70.55
2015-2019       13      0.00025  0.00025  0.50   99361      25   99348  6911231  69.56
2015-2019       14      0.00026  0.00026  0.50   99335      26   99322  6811883  68.57
2015-2019       15      0.00043  0.00043  0.50   99309      43   99288  6712561  67.59
2015-2019       16      0.00126  0.00126  0.50   99266     125   99204  6613273  66.62
2015-2019       17      0.00032  0.00032  0.50   99141      31   99125  6514070  65.70
2015-2019       18      0.00050  0.00050  0.50   99110      49   99085  6414944  64.73
2015-2019       19      0.00038  0.00038  0.50   99060      38   99041  6315859  63.76
2015-2019       20      0.00096  0.00096  0.50   99022      95   98975  6216818  62.78
2015-2019       21      0.00064  0.00064  0.50   98927      63   98896  6117843  61.84
2015-2019       22      0.00034  0.00034  0.50   98864      34   98847  6018948  60.88
2015-2019       23      0.00071  0.00071  0.50   98830      70   98795  5920101  59.90
2015-2019       24      0.00123  0.00123  0.50   98760     122   98699  5821305  58.94
2015-2019       25      0.00048  0.00048  0.50   98638      47   98615  5722606  58.02
2015-2019       26      0.00038  0.00038  0.50   98591      37   98572  5623991  57.04
2015-2019       27      0.00076  0.00076  0.50   98554      75   98516  5525419  56.07
2015-2019       28      0.00071  0.00071  0.50   98479      70   98443  5426903  55.11
2015-2019       29      0.00056  0.00056  0.50   98408      55   98381  5328459  54.15
2015-2019       30      0.00028  0.00028  0.50   98354      28   98340  5230078  53.18
2015-2019       31      0.00091  0.00091  0.50   98326      89   98282  5131738  52.19
2015-2019       32      0.00056  0.00056  0.50   98237      55   98210  5033457  51.24
2015-2019       33      0.00091  0.00090  0.50   98182      89   98138  4935247  50.27
2015-2019       34      0.00046  0.00046  0.50   98093      45   98071  4837110  49.31
2015-2019       35      0.00058  0.00058  0.50   98048      57   98020  4739039  48.33
2015-2019       36      0.00101  0.00101  0.50   97992      99   97942  4641019  47.36
2015-2019       37      0.00079  0.00079  0.50   97892      78   97853  4543077  46.41
2015-2019       38      0.00083  0.00083  0.50   97815      81   97774  4445224  45.45
2015-2019       39      0.00119  0.00119  0.50   97734     116   97676  4347450  44.48
2015-2019       40      0.00128  0.00128  0.50   97618     125   97555  4249774  43.53
2015-2019       41      0.00068  0.00068  0.50   97492      67   97459  4152219  42.59
2015-2019       42      0.00098  0.00098  0.50   97426      95   97378  4054760  41.62
2015-2019       43      0.00238  0.00238  0.50   97331     232   97215  3957382  40.66
2015-2019       44      0.00091  0.00091  0.50   97099      88   97055  3860167  39.75
2015-2019       45      0.00119  0.00119  0.50   97011     115   96954  3763112  38.79
2015-2019       46      0.00157  0.00157  0.50   96896     152   96820  3666158  37.84
2015-2019       47      0.00174  0.00174  0.50   96744     169   96659  3569339  36.89
2015-2019       48      0.00104  0.00104  0.50   96575     101   96525  3472679  35.96
2015-2019       49      0.00219  0.00218  0.50   96474     211   96369  3376155  35.00
2015-2019       50      0.00170  0.00170  0.50   96264     164   96182  3279786  34.07
2015-2019       51      0.00125  0.00125  0.50   96100     120   96040  3183604  33.13
2015-2019       52      0.00200  0.00200  0.50   95980     192   95884  3087564  32.17
2015-2019       53      0.00376  0.00376  0.50   95788     360   95608  2991680  31.23
2015-2019       54      0.00353  0.00352  0.50   95428     336   95260  2896072  30.35
2015-2019       55      0.00358  0.00357  0.50   95092     339   94922  2800812  29.45
2015-2019       56      0.00459  0.00458  0.50   94752     434   94536  2705890  28.56
2015-2019       57      0.00508  0.00507  0.50   94319     478   94080  2611355  27.69
2015-2019       58      0.00494  0.00493  0.50   93841     463   93609  2517275  26.82
2015-2019       59      0.00449  0.00448  0.50   93378     418   93169  2423666  25.96
2015-2019       60      0.00619  0.00617  0.50   92960     574   92673  2330497  25.07
2015-2019       61      0.00691  0.00688  0.50   92386     636   92068  2237824  24.22
2015-2019       62      0.00548  0.00546  0.50   91750     501   91500  2145756  23.39
2015-2019       63      0.00677  0.00675  0.50   91249     615   90941  2054256  22.51
2015-2019       64      0.00733  0.00730  0.50   90634     662   90303  1963315  21.66
2015-2019       65      0.00802  0.00799  0.50   89972     719   89613  1873012  20.82
2015-2019       66      0.00708  0.00706  0.50   89253     630   88938  1783399  19.98
2015-2019       67      0.00985  0.00980  0.50   88623     869   88189  1694461  19.12
2015-2019       68      0.00993  0.00988  0.50   87755     867   87321  1606272  18.30
2015-2019       69      0.01021  0.01016  0.50   86887     882   86446  1518951  17.48
2015-2019       70      0.01168  0.01161  0.50   86005     999   85506  1432504  16.66
2015-2019       71      0.01574  0.01562  0.50   85006    1328   84342  1346999  15.85
2015-2019       72      0.01332  0.01323  0.50   83678    1107   83125  1262657  15.09
2015-2019       73      0.01639  0.01625  0.50   82571    1342   81900  1179532  14.28
2015-2019       74      0.01974  0.01955  0.50   81229    1588   80436  1097631  13.51
2015-2019       75      0.02615  0.02581  0.50   79642    2055   78614  1017196  12.77
2015-2019       76      0.02799  0.02760  0.50   77586    2142   76515   938582  12.10
2015-2019       77      0.03050  0.03005  0.50   75445    2267   74311   862066  11.43
2015-2019       78      0.03627  0.03562  0.50   73178    2607   71875   787755  10.76
2015-2019       79      0.04256  0.04167  0.50   70571    2941   69101   715880  10.14
2015-2019       80      0.04262  0.04173  0.50   67631    2822   66219   646779   9.56
2015-2019       81      0.04316  0.04225  0.50   64808    2738   63439   580560   8.96
2015-2019       82      0.05622  0.05468  0.50   62070    3394   60373   517121   8.33
2015-2019       83      0.05863  0.05696  0.50   58676    3342   57005   456749   7.78
2015-2019       84      0.06551  0.06343  0.50   55333    3510   53579   399744   7.22
2015-2019       85      0.07771  0.07480  0.50   51824    3877   49885   346166   6.68
2015-2019       86      0.10380  0.09868  0.50   47947    4731   45581   296280   6.18
2015-2019       87      0.10797  0.10244  0.50   43216    4427   41002   250699   5.80
2015-2019       88      0.10817  0.10262  0.50   38789    3980   36798   209696   5.41
2015-2019       89      0.13453  0.12605  0.50   34808    4388   32614   172898   4.97
2015-2019       90      0.16359  0.15122  0.50   30421    4600   28120   140284   4.61
2015-2019       91      0.13933  0.13025  0.50   25820    3363   24139   112163   4.34
2015-2019       92      0.18758  0.17150  0.50   22457    3851   20531    88024   3.92
2015-2019       93      0.21170  0.19144  0.50   18606    3562   16825    67493   3.63
2015-2019       94      0.23148  0.20747  0.50   15044    3121   13483    50668   3.37
2015-2019       95      0.25713  0.22784  0.50   11923    2716   10565    37185   3.12
2015-2019       96      0.28457  0.24912  0.50    9206    2293    8060    26620   2.89
2015-2019       97      0.31369  0.27116  0.50    6913    1875    5976    18561   2.68
2015-2019       98      0.34437  0.29378  0.50    5038    1480    4298    12585   2.50
2015-2019       99      0.37640  0.31678  0.50    3558    1127    2995     8287   2.33
2015-2019      100      0.40955  0.33994  0.50    2431     826    2018     5292   2.18
2015-2019      101      0.44354  0.36303  0.50    1605     583    1313     3274   2.04
2015-2019      102      0.47807  0.38584  0.50    1022     394     825     1961   1.92
2015-2019      103      0.51280  0.40815  0.50     628     256     500     1136   1.81
2015-2019      104      0.54742  0.42978  0.50     372     160     292      636   1.71
2015-2019      105      0.58158  0.45056  0.50     212      95     164      345   1.63
2015-2019      106      0.61498  0.47035  0.50     116      55      89      181   1.55
2015-2019      107      0.64733  0.48904  0.50      62      30      47       92   1.49
2015-2019      108      0.67838  0.50656  0.50      32      16      24       45   1.43
2015-2019      109      0.70793  0.52286  0.50      16       8      11       22   1.39
2015-2019      110+     0.73583  1.00000  1.36       7       7      10       10   1.36
